-2.090759 2.090759 
0.000000 0.500000 -0.001646 
0.000000 0.000000 0.000000 

0.190922 0.000000 
0.427448 0.000000 
0.074941 0.000000 
-0.180489 -0.000000 
-0.428198 0.000000 
-0.127860 0.000000 
0.553941 0.000000 
-0.457294 0.000000 
0.567183 -0.000000 
0.159002 -0.000000 
-0.971096 -0.000000 
0.514794 0.000000 
0.044588 0.000000 
-0.399496 0.000000 
0.189450 -0.000000 
-0.053208 0.000000 
-0.985388 0.000000 
0.718853 -0.000000 
0.748977 0.000000 
-0.331668 0.000000 
-0.057731 -0.000000 
0.100462 -0.000000 
0.067165 -0.000000 
0.751648 0.000000 
-0.393733 0.000000 
-0.621230 0.000000 
-0.072966 0.000000 
0.248364 0.000000 
-0.391622 0.000000 
0.834520 0.000000 
-0.813287 0.000000 
0.328653 0.000000 
0.052344 -0.000000 
-0.084682 -0.000000 
-0.633867 0.000000 
1.281916 0.000000 
-0.629442 -0.000000 
0.887776 -0.000000 
-0.241303 -0.000000 
-0.003631 -0.000000 
0.276320 -0.000000 
-0.340201 0.000000 
0.292872 0.000000 
-0.595140 0.000000 
-0.048845 0.000000 
0.875397 -0.000000 
0.086826 -0.000000 
-0.196209 0.000000 
-0.181696 0.000000 
-0.485525 0.000000 
0.589961 0.000000 
0.415651 0.000000 
-0.132208 -0.000000 
0.554073 0.000000 
0.001121 0.000000 
0.212641 -0.000000 
0.592229 -0.000000 
-0.576985 0.000000 
0.128470 0.000000 
-0.163354 -0.000000 
0.318037 -0.000000 
-0.045135 -0.000000 
-0.154941 0.000000 
-0.425721 -0.000000 
-0.095722 0.000000 
-0.404117 0.000000 
0.430231 0.000000 
0.622841 -0.000000 
0.309902 0.000000 
0.250993 0.000000 
0.424807 0.000000 
-0.459553 0.000000 
0.157510 -0.000000 
-0.698286 0.000000 
-0.359114 0.000000 
-0.761431 0.000000 
1.096760 0.000000 
0.086234 0.000000 
0.793547 0.000000 
0.931918 0.000000 
0.039440 0.000000 
0.349224 0.000000 
-0.156494 -0.000000 
-0.145910 0.000000 
-0.194134 0.000000 
0.301843 0.000000 
0.052148 0.000000 
0.071234 0.000000 
-0.254124 -0.000000 
0.044634 0.000000 
0.723949 0.000000 
0.296533 0.000000 
-0.250741 0.000000 
-0.620627 0.000000 
0.406385 0.000000 
-0.277391 -0.000000 
-0.051154 0.000000 
-0.092271 0.000000 
0.079098 0.000000 
-0.275397 0.000000 
-0.393767 0.000000 
0.199333 0.000000 
-0.613598 0.000000 
0.211758 0.000000 
-0.199299 -0.000000 
0.602482 -0.000000 
0.188534 0.000000 
-0.111721 0.000000 
0.300536 -0.000000 
-0.784274 -0.000000 
0.495452 0.000000 
0.299335 0.000000 
0.072402 0.000000 
-0.121149 0.000000 
-0.406939 -0.000000 
-0.307409 0.000000 
0.125800 0.000000 
0.138778 -0.000000 
-0.860813 0.000000 
-0.263648 0.000000 
0.931661 0.000000 
-0.224852 -0.000000 
-0.167342 0.000000 
-0.722979 -0.000000 
-0.041699 -0.000000 
0.016137 -0.000000 
1.046798 -0.000000 
0.315679 0.000000 
0.497342 -0.000000 
0.192408 0.000000 
-0.101382 0.000000 
0.005432 0.000000 
0.749918 -0.000000 
0.523294 0.000000 
-0.204260 0.000000 
-0.102327 0.000000 
-0.628431 0.000000 
-0.472790 -0.000000 
-0.356720 -0.000000 
0.357258 0.000000 
-0.098937 -0.000000 
0.439567 0.000000 
-0.395181 -0.000000 
0.705307 -0.000000 
0.255650 0.000000 
-0.424679 0.000000 
0.612003 0.000000 
0.425018 0.000000 
0.568182 0.000000 
0.452597 -0.000000 
-0.422879 0.000000 
-0.110401 0.000000 
0.725828 0.000000 
0.993263 0.000000 
-0.036623 0.000000 
0.210008 0.000000 
-0.747610 0.000000 
-0.291288 0.000000 
-0.738537 -0.000000 
0.227727 0.000000 
-0.197489 -0.000000 
-0.800309 0.000000 
-0.321639 0.000000 
-0.076277 -0.000000 
0.706724 0.000000 
-0.529377 -0.000000 
1.230210 0.000000 
-0.653783 -0.000000 
0.324443 -0.000000 
-0.008222 -0.000000 
-0.422701 0.000000 
0.894035 0.000000 
-0.256890 -0.000000 
0.225971 0.000000 
0.036992 0.000000 
0.412003 -0.000000 
-0.567373 0.000000 
0.193348 0.000000 
0.873581 0.000000 
-1.114578 -0.000000 
0.342023 0.000000 
0.158659 -0.000000 
-0.264764 -0.000000 
0.233650 0.000000 
-0.132851 0.000000 
0.294267 0.000000 
-0.525949 -0.000000 
0.682579 0.000000 
0.434520 0.000000 
-0.003952 0.000000 
-0.572108 -0.000000 
-0.014223 0.000000 
0.487173 0.000000 
-0.098316 0.000000 
0.737608 0.000000 
0.309618 -0.000000 
0.487075 0.000000 
-0.121624 0.000000 
-0.501220 0.000000 
0.198295 -0.000000 
-0.068631 0.000000 
0.465321 0.000000 
-0.294354 -0.000000 
-0.352150 -0.000000 
0.526570 -0.000000 
-0.842785 0.000000 
0.104098 0.000000 
0.171851 0.000000 
0.691635 0.000000 
0.422031 0.000000 
1.129162 0.000000 
-0.147011 0.000000 
0.113983 -0.000000 
0.733247 -0.000000 
0.695842 -0.000000 
0.939073 0.000000 
-0.491033 -0.000000 
-0.237533 0.000000 
0.197070 0.000000 
-0.251827 0.000000 
0.674930 0.000000 
-0.092154 0.000000 
-0.139636 -0.000000 
-0.246896 0.000000 
0.069747 -0.000000 
0.243033 -0.000000 
-0.161857 0.000000 
-0.072128 -0.000000 
0.502738 0.000000 
-1.140972 0.000000 
0.093537 0.000000 
-0.182900 0.000000 
0.401535 0.000000 
-0.125232 -0.000000 
-0.375194 -0.000000 
0.446603 0.000000 
-0.113298 0.000000 
0.608244 0.000000 
-0.882107 -0.000000 
0.126824 -0.000000 
-0.961508 -0.000000 
-0.660371 -0.000000 
-0.286273 0.000000 
0.859013 0.000000 
0.097819 0.000000 
-1.189886 0.000000 
0.288420 -0.000000 
0.560852 0.000000 
-0.032097 -0.000000 
0.773138 0.000000 
-0.128015 0.000000 
0.197371 0.000000 
0.123104 0.000000 
-0.556908 0.000000 
0.164220 0.000000 
0.006172 0.000000 
-0.117116 0.000000 
-0.744254 0.000000 
-0.264897 0.000000 
0.430413 0.000000 
-0.293007 0.000000 
-0.177052 0.000000 
0.016959 -0.000000 
-0.985949 0.000000 
0.216696 -0.000000 
0.501530 0.000000 
-0.044466 0.000000 
-0.773479 0.000000 
-0.056669 0.000000 
-0.551108 0.000000 
0.054813 0.000000 
-0.107083 -0.000000 
-0.030299 0.000000 
0.579786 -0.000000 
-0.129339 0.000000 
-0.474850 0.000000 
0.173262 0.000000 
0.239099 -0.000000 
0.171701 0.000000 
-0.440874 -0.000000 
0.108123 -0.000000 
0.223701 0.000000 
0.020010 0.000000 
0.287064 0.000000 
0.300969 0.000000 
-0.601350 0.000000 
0.175148 0.000000 
0.542271 0.000000 
0.204776 0.000000 
0.015833 0.000000 
-0.347452 0.000000 
0.328305 0.000000 
0.864427 0.000000 
-1.225499 0.000000 
0.259241 0.000000 
-0.118392 -0.000000 
0.042626 -0.000000 
-0.852177 -0.000000 
0.147673 -0.000000 
0.039670 -0.000000 
-0.248981 0.000000 
-0.311448 0.000000 
0.815651 -0.000000 
0.085139 0.000000 
-0.177826 0.000000 
0.298503 -0.000000 
-0.378951 -0.000000 
0.281704 0.000000 
-0.118434 0.000000 
-0.484202 0.000000 
0.210969 0.000000 
0.515555 0.000000 
1.203129 0.000000 
0.097932 -0.000000 
0.648632 0.000000 
0.634492 -0.000000 
-0.598898 -0.000000 
0.173944 0.000000 
-0.132343 0.000000 
-1.012430 0.000000 
0.025419 0.000000 
0.435691 0.000000 
0.278709 0.000000 
0.066877 0.000000 
-0.070533 -0.000000 
-0.254810 0.000000 
-0.556633 0.000000 
0.362112 0.000000 
0.626322 0.000000 
-0.792685 -0.000000 
0.283080 -0.000000 
0.011498 -0.000000 
0.765816 -0.000000 
0.185911 -0.000000 
-0.157141 0.000000 
0.128960 -0.000000 
0.321480 0.000000 
0.786366 0.000000 
-0.313668 0.000000 
0.828798 0.000000 
0.100865 0.000000 
-0.204040 0.000000 
0.476606 0.000000 
0.056167 0.000000 
0.330160 0.000000 
0.641641 0.000000 
0.938112 -0.000000 
-0.082290 -0.000000 
0.424002 0.000000 
0.336442 0.000000 
-0.177580 0.000000 
0.227167 0.000000 
-0.208190 -0.000000 
-0.308526 0.000000 
0.181465 -0.000000 
-0.183506 0.000000 
0.156427 0.000000 
0.117830 0.000000 
-0.647176 0.000000 
-0.046529 0.000000 
-0.530950 0.000000 
0.646565 -0.000000 
-0.498714 0.000000 
-0.354759 -0.000000 
0.709643 -0.000000 
-0.702473 -0.000000 
0.250755 -0.000000 
-0.401767 0.000000 
-0.623745 0.000000 
-0.569653 -0.000000 
-0.893361 -0.000000 
-0.071557 -0.000000 
0.435208 0.000000 
-0.080007 0.000000 
-0.889206 0.000000 
0.389592 0.000000 
-0.632382 0.000000 
0.323320 -0.000000 
-0.133775 0.000000 
0.424857 0.000000 
0.574716 -0.000000 
-0.020007 0.000000 
-0.486212 0.000000 
0.418438 0.000000 
-0.118418 -0.000000 
-0.283706 0.000000 
-0.381302 0.000000 
1.371837 -0.000000 
-0.169268 0.000000 
0.472000 0.000000 
0.176272 0.000000 
-0.486935 -0.000000 
-0.329784 0.000000 
0.528843 -0.000000 
0.137546 0.000000 
0.468634 0.000000 
-0.890367 -0.000000 
-0.377410 -0.000000 
0.247172 0.000000 
-1.086627 -0.000000 
0.661832 0.000000 
0.275727 0.000000 
-1.392031 0.000000 
-0.259957 0.000000 
-0.351227 -0.000000 
0.595910 0.000000 
0.446360 -0.000000 
0.478322 -0.000000 
-0.457423 0.000000 
0.812874 0.000000 
-0.660015 0.000000 
0.019036 -0.000000 
1.317064 -0.000000 
0.607498 0.000000 
-0.266767 -0.000000 
-0.302650 -0.000000 
0.058014 -0.000000 
-0.058330 0.000000 
0.500120 0.000000 
0.391791 -0.000000 
-0.099659 0.000000 
0.266525 0.000000 
0.285477 0.000000 
0.146857 -0.000000 
-0.120721 -0.000000 
0.585485 -0.000000 
0.500589 -0.000000 
1.093441 0.000000 
0.586834 0.000000 
-0.971344 0.000000 
-0.361569 0.000000 
0.403996 0.000000 
0.141035 0.000000 
0.504456 0.000000 
-0.253864 -0.000000 
0.985523 -0.000000 
0.305359 0.000000 
-1.129025 0.000000 
0.307517 0.000000 
0.053434 0.000000 
0.300687 0.000000 
-0.270562 0.000000 
-0.955450 0.000000 
-0.020078 -0.000000 
-1.030568 0.000000 
-0.253290 0.000000 
0.628907 0.000000 
-0.051324 0.000000 
-0.298271 0.000000 
0.815468 -0.000000 
0.164483 -0.000000 
-0.393281 0.000000 
-0.166510 0.000000 
-0.417312 -0.000000 
0.839005 -0.000000 
-0.175544 0.000000 
0.482093 -0.000000 
-0.219802 -0.000000 
-0.496133 0.000000 
0.827834 0.000000 
-0.363288 -0.000000 
0.142977 0.000000 
-0.532625 -0.000000 
-1.131213 -0.000000 
-0.682526 -0.000000 
0.375716 0.000000 
1.265378 0.000000 
-0.804281 0.000000 
-0.572976 -0.000000 
0.513068 0.000000 
-0.374628 -0.000000 
0.371001 0.000000 
-1.471015 0.000000 
0.286169 0.000000 
-0.507056 0.000000 
0.318391 0.000000 
-0.086885 -0.000000 
0.308258 -0.000000 
0.157977 0.000000 
0.085243 0.000000 
0.319631 0.000000 
-0.068740 0.000000 
-0.005502 0.000000 
0.568901 0.000000 
-0.171122 0.000000 
-0.514478 0.000000 
-0.001823 -0.000000 
-0.599366 0.000000 
-0.085802 0.000000 
0.498902 -0.000000 
0.636052 -0.000000 
-0.545123 -0.000000 
0.092279 0.000000 
-0.619130 -0.000000 
0.495408 0.000000 
0.080779 0.000000 
0.587670 0.000000 
0.095720 0.000000 
0.287534 -0.000000 
-0.146760 -0.000000 
-0.154928 0.000000 
0.566614 0.000000 
0.074166 -0.000000 
-0.137562 -0.000000 
0.364641 0.000000 
-0.530731 -0.000000 
-0.830251 0.000000 
-0.709128 0.000000 
0.022142 -0.000000 
0.035039 0.000000 
-0.400912 -0.000000 
0.308295 0.000000 
0.150938 0.000000 
0.242011 -0.000000 
0.575678 0.000000 
0.158224 -0.000000 
0.375597 0.000000 
0.591394 0.000000 
-0.287561 0.000000 
-0.030316 0.000000 
-0.785372 0.000000 
0.595943 0.000000 
-0.174059 0.000000 
-0.569548 0.000000 
0.487548 0.000000 
-1.031786 0.000000 
0.154946 0.000000 
-0.774611 0.000000 
0.708677 0.000000 
-0.820193 0.000000 
0.224302 0.000000 
0.040792 0.000000 
-0.643879 -0.000000 
0.027209 -0.000000 
-0.431506 -0.000000 
-0.733373 0.000000 
0.241131 0.000000 
-0.792992 -0.000000 
0.120739 0.000000 
-0.094027 0.000000 
0.118608 0.000000 
0.230454 0.000000 
0.010912 0.000000 
0.948946 -0.000000 
-0.003253 0.000000 
-0.494006 -0.000000 
0.009865 0.000000 
0.073785 0.000000 
0.123345 0.000000 
-0.705308 0.000000 
0.625173 -0.000000 
-0.218361 0.000000 
0.111566 0.000000 
-0.155773 0.000000 
-0.391248 0.000000 
0.001117 -0.000000 
-0.032979 -0.000000 
-0.228039 0.000000 
-0.329813 -0.000000 
0.460713 0.000000 
-0.345373 0.000000 
-0.660005 0.000000 
-1.219581 0.000000 
-0.010636 0.000000 
-0.008693 -0.000000 
0.109901 0.000000 
-0.774259 0.000000 
0.208166 0.000000 
-1.039147 -0.000000 
-0.376085 0.000000 
0.205267 -0.000000 
0.547748 0.000000 
0.481183 0.000000 
-0.627260 -0.000000 
-0.417869 0.000000 
0.234896 0.000000 
-0.302528 -0.000000 
-0.086257 0.000000 
-0.477970 -0.000000 
-1.630068 0.000000 
0.669715 0.000000 
0.365653 0.000000 
-0.275568 0.000000 
0.043333 0.000000 
0.244028 0.000000 
0.464779 0.000000 
0.184872 0.000000 
0.272192 -0.000000 
-0.146727 -0.000000 
-0.265091 -0.000000 
-0.293437 0.000000 
0.019582 0.000000 
-0.732700 -0.000000 
0.234484 0.000000 
0.289887 0.000000 
0.619738 0.000000 
1.124776 0.000000 
-0.467222 0.000000 
-0.598537 0.000000 
0.651053 0.000000 
0.114790 0.000000 
-0.018429 0.000000 
-0.371149 -0.000000 
-0.763210 0.000000 
-0.495808 0.000000 
-0.858820 -0.000000 
-0.669649 0.000000 
0.904964 0.000000 
-0.315707 0.000000 
1.149023 -0.000000 
-0.002955 0.000000 
0.355291 0.000000 
-0.299261 0.000000 
-0.651512 -0.000000 
-0.023136 -0.000000 
0.654547 0.000000 
-0.161640 0.000000 
-0.099251 0.000000 
0.312889 -0.000000 
0.212943 -0.000000 
-0.268371 0.000000 
0.008634 0.000000 
-0.074193 0.000000 
-0.028016 0.000000 
-0.008934 -0.000000 
-0.171718 0.000000 
-1.116390 0.000000 
0.731133 0.000000 
1.129776 0.000000 
-0.577169 0.000000 
-0.288488 0.000000 
-0.073149 0.000000 
0.865893 0.000000 
0.075435 -0.000000 
0.744230 0.000000 
-0.013647 0.000000 
-0.635587 0.000000 
0.081080 0.000000 
-0.017719 0.000000 
-0.274410 0.000000 
-0.556131 -0.000000 
0.347201 -0.000000 
-0.033973 0.000000 
0.457693 0.000000 
0.442789 0.000000 
0.415128 0.000000 
-0.716589 0.000000 
-0.294477 -0.000000 
0.084654 0.000000 
0.024319 0.000000 
0.014161 -0.000000 
-0.979155 -0.000000 
-0.279855 0.000000 
-0.233095 -0.000000 
0.129650 0.000000 
0.339094 0.000000 
-0.548130 -0.000000 
-0.018572 0.000000 
0.232799 0.000000 
0.044666 0.000000 
-0.227853 0.000000 
0.190277 -0.000000 
-0.202605 -0.000000 
-0.398271 0.000000 
-0.540162 -0.000000 
0.504829 0.000000 
-0.326664 -0.000000 
-0.609242 0.000000 
-0.147795 0.000000 
-0.348667 0.000000 
-0.433750 0.000000 
0.263734 -0.000000 
-0.417303 -0.000000 
0.688198 0.000000 
0.262472 0.000000 
-0.101295 0.000000 
0.026277 -0.000000 
-0.255203 -0.000000 
-0.351087 0.000000 
0.095905 -0.000000 
-0.746738 -0.000000 
-0.499969 -0.000000 
0.558811 0.000000 
0.155782 0.000000 
0.061435 0.000000 
0.723601 0.000000 
-0.542787 0.000000 
-0.663632 0.000000 
-0.013447 0.000000 
-0.549499 0.000000 
0.775491 0.000000 
-1.316663 0.000000 
-0.422134 -0.000000 
0.207741 0.000000 
-0.250071 0.000000 
0.056096 0.000000 
-0.439336 0.000000 
0.237163 0.000000 
-0.578941 0.000000 
0.447183 0.000000 
0.632366 0.000000 
0.069674 0.000000 
-0.001661 0.000000 
1.329879 0.000000 
-0.820494 0.000000 
-0.340652 0.000000 
0.038762 0.000000 
-0.791529 0.000000 
-0.182345 -0.000000 
0.622714 0.000000 
0.612849 0.000000 
-0.853800 0.000000 
-0.451416 0.000000 
0.288295 -0.000000 
-1.209170 -0.000000 
0.343766 -0.000000 
0.645879 0.000000 
-0.112545 -0.000000 
-1.208526 0.000000 
-0.367385 0.000000 
0.333764 0.000000 
0.144635 0.000000 
-0.879002 0.000000 
0.389755 0.000000 
-0.332105 0.000000 
1.179303 0.000000 
-0.237106 0.000000 
1.335366 0.000000 
1.008138 0.000000 
0.374780 0.000000 
-0.077097 0.000000 
-0.466743 0.000000 
0.146156 -0.000000 
-0.187538 -0.000000 
-0.336440 0.000000 
-0.090596 0.000000 
-0.280670 0.000000 
-0.408440 0.000000 
-1.071569 0.000000 
-0.771560 0.000000 
-0.472436 0.000000 
0.004215 -0.000000 
-0.088088 0.000000 
0.040236 0.000000 
-0.573589 -0.000000 
0.044526 0.000000 
0.630766 0.000000 
-0.544154 -0.000000 
-0.218004 0.000000 
0.453972 -0.000000 
0.550317 0.000000 
0.124891 -0.000000 
0.055212 0.000000 
0.375762 -0.000000 
0.427949 0.000000 
-0.106533 0.000000 
-0.355280 0.000000 
-0.108960 0.000000 
-0.157322 -0.000000 
-0.230989 -0.000000 
-0.079542 0.000000 
0.343661 0.000000 
-0.347046 0.000000 
-0.318607 -0.000000 
0.458881 -0.000000 
-0.233894 -0.000000 
0.359340 0.000000 
-0.544412 -0.000000 
0.566875 -0.000000 
0.282345 0.000000 
-0.241052 0.000000 
0.069160 0.000000 
0.094917 -0.000000 
-0.584262 0.000000 
-1.270983 0.000000 
0.076126 0.000000 
-0.026204 -0.000000 
-0.406586 0.000000 
0.346635 0.000000 
0.283373 0.000000 
-0.147881 0.000000 
-0.015692 0.000000 
0.193368 0.000000 
0.722865 0.000000 
-0.160930 0.000000 
-0.739277 0.000000 
-0.729277 -0.000000 
0.156789 0.000000 
-0.669516 -0.000000 
-0.025376 -0.000000 
0.439525 0.000000 
-0.317177 0.000000 
0.381094 0.000000 
-0.477856 0.000000 
-1.431644 0.000000 
0.567015 -0.000000 
0.592527 -0.000000 
-0.195047 0.000000 
0.557757 0.000000 
0.066748 0.000000 
0.167676 -0.000000 
0.579395 0.000000 
0.309935 0.000000 
0.331798 -0.000000 
0.387406 0.000000 
0.080940 0.000000 
-0.247580 0.000000 
-0.346874 -0.000000 
-0.539188 0.000000 
0.155013 -0.000000 
-0.277073 -0.000000 
0.477923 0.000000 
-0.042521 0.000000 
0.027034 0.000000 
0.375928 0.000000 
0.651624 -0.000000 
-0.337050 0.000000 
0.150916 0.000000 
0.436524 0.000000 
0.116593 0.000000 
-0.898216 0.000000 
1.287515 -0.000000 
0.656878 0.000000 
0.080202 0.000000 
0.924370 0.000000 
0.642217 0.000000 
-0.806893 -0.000000 
-0.049005 0.000000 
0.251733 0.000000 
0.367941 -0.000000 
-0.479592 0.000000 
0.380685 0.000000 
-0.251963 0.000000 
-0.304084 -0.000000 
0.550995 0.000000 
-0.758186 0.000000 
0.040031 0.000000 
0.311088 0.000000 
0.589024 0.000000 
0.269382 0.000000 
-0.918464 0.000000 
0.591845 -0.000000 
-0.351074 0.000000 
-0.342134 -0.000000 
0.215466 0.000000 
0.195232 0.000000 
-0.583620 0.000000 
-0.212035 0.000000 
-0.278081 0.000000 
-0.283241 -0.000000 
-0.522314 -0.000000 
-0.371365 0.000000 
-0.036638 0.000000 
-0.013546 0.000000 
-0.194510 0.000000 
-0.385728 0.000000 
0.135093 -0.000000 
0.926618 0.000000 
-0.222220 0.000000 
0.539490 -0.000000 
0.581501 0.000000 
0.006845 0.000000 
0.706518 0.000000 
0.167989 -0.000000 
0.157190 0.000000 
0.000554 0.000000 
-0.376494 0.000000 
-0.561682 0.000000 
0.337158 0.000000 
0.359995 0.000000 
-0.033134 -0.000000 
0.119053 0.000000 
0.375360 -0.000000 
1.035739 -0.000000 
-0.084552 -0.000000 
-0.444427 0.000000 
0.805402 -0.000000 
0.029530 -0.000000 
-0.277547 0.000000 
-0.730190 0.000000 
-0.489584 0.000000 
-0.447573 0.000000 
0.184150 0.000000 
0.397232 0.000000 
0.597881 0.000000 
0.104049 -0.000000 
-0.033716 0.000000 
0.165629 0.000000 
1.032537 0.000000 
0.434872 0.000000 
-0.041216 -0.000000 
-0.113487 0.000000 
-0.076273 0.000000 
0.544436 0.000000 
-0.544133 0.000000 
0.393339 0.000000 
-0.790035 -0.000000 
-0.252660 -0.000000 
-0.188484 0.000000 
0.016332 0.000000 
-0.326098 0.000000 
-0.066415 -0.000000 
0.429595 0.000000 
0.640508 -0.000000 
-0.124784 0.000000 
0.042312 0.000000 
0.703163 0.000000 
1.106772 -0.000000 
-0.460336 0.000000 
-0.748273 0.000000 
-0.521139 0.000000 
0.345082 -0.000000 
-0.483309 0.000000 
-1.139584 0.000000 
0.339269 0.000000 
0.768774 0.000000 
0.069680 -0.000000 
0.434664 0.000000 
-0.029786 -0.000000 
-0.719281 0.000000 
-0.382191 0.000000 
0.283652 0.000000 
0.698882 -0.000000 
0.098091 0.000000 
0.214990 0.000000 
0.156385 0.000000 
-0.233520 -0.000000 
-0.435457 0.000000 
-0.809252 -0.000000 
0.511291 0.000000 
0.403063 -0.000000 
0.084635 0.000000 
1.031447 0.000000 
-0.006238 -0.000000 
-0.964983 0.000000 
-0.090287 0.000000 
-0.007009 0.000000 
-0.433848 -0.000000 
0.205287 -0.000000 
-0.171547 0.000000 
0.336555 0.000000 
0.295436 0.000000 
-0.418682 0.000000 
0.000424 0.000000 
0.268666 0.000000 
-0.454683 -0.000000 
0.444290 -0.000000 
0.575825 0.000000 
0.340362 0.000000 
0.578481 0.000000 
-0.189126 0.000000 
0.404460 -0.000000 
0.380349 0.000000 
-0.404063 0.000000 
0.415391 0.000000 
0.680717 0.000000 
-0.160817 0.000000 
0.187534 0.000000 
0.438305 -0.000000 
0.324216 0.000000 
-0.109900 0.000000 
-0.082713 0.000000 
0.418077 -0.000000 
0.010185 0.000000 
-0.273158 0.000000 
-0.534597 0.000000 
0.016198 0.000000 
-0.501954 -0.000000 
0.251036 0.000000 
-0.587407 0.000000 
-0.503187 0.000000 
-0.274650 -0.000000 
-0.499574 -0.000000 
0.460342 0.000000 
-0.568999 0.000000 
-0.204079 0.000000 
-0.215005 0.000000 
0.267118 0.000000 
0.089670 -0.000000 
0.190918 0.000000 
-0.852058 -0.000000 
1.066477 -0.000000 
-0.152176 0.000000 
-0.160045 -0.000000 
0.013747 0.000000 
-0.425051 0.000000 
0.062272 0.000000 
-0.295190 -0.000000 
-0.675298 -0.000000 
-0.324891 0.000000 
-0.906098 -0.000000 
0.475864 -0.000000 
0.093197 -0.000000 
-0.674434 0.000000 
-0.549944 0.000000 
0.381418 -0.000000 
-0.733105 -0.000000 
0.543759 0.000000 
0.579018 0.000000 
-0.335447 0.000000 
0.507951 0.000000 
-0.195751 -0.000000 
0.056409 -0.000000 
-0.320727 0.000000 
-0.831179 0.000000 
-0.183138 0.000000 
-0.430138 0.000000 
-0.061253 0.000000 
0.648471 0.000000 
-0.080566 0.000000 
-0.340607 -0.000000 
-0.575029 0.000000 
0.084156 -0.000000 
-0.354809 -0.000000 
-0.662095 0.000000 
0.324118 0.000000 
0.263265 -0.000000 
-0.240712 0.000000 
0.526185 0.000000 
-0.252840 0.000000 
0.522157 0.000000 
-0.417287 0.000000 
-0.603097 -0.000000 
-0.171389 -0.000000 
