T	 |m|	 <m[0]>	 <m[1]>	 <E>	 dim_{Lat}=2	 L=128,128	 J=1.000000,1.000000	 {/Symbol s}_J=0.000000,0.000000	 <J_{ij}>=0.000000,0.000000	 dim_{Spin}=2	 h=0.000000,0.000000	 {/Symbol s}_h=0.500000,0.000000	 <h_i>=-0.001376,0.000000	 order=1.000000,0.000000	 order_h=0	 order_r=1	 (thermalizing-MCS,averaging-MCS)/{/Symbol D}T=(128000,12800)/0.010000	 
Cooling... 
2.000000	 0.042130	 -0.002674	 0.000063	 -0.607114	 
1.990000	 0.042239	 -0.001096	 -0.002084	 -0.611276	 
1.980000	 0.042767	 -0.002391	 -0.000852	 -0.615585	 
1.970000	 0.042962	 -0.001704	 -0.002362	 -0.619526	 
1.960000	 0.041943	 -0.000938	 -0.000715	 -0.622615	 
1.950000	 0.042239	 -0.000561	 -0.000418	 -0.625385	 
1.940000	 0.042761	 -0.001892	 0.000476	 -0.629405	 
1.930000	 0.042818	 -0.003007	 0.000792	 -0.632221	 
1.920000	 0.043424	 -0.002145	 -0.001624	 -0.637324	 
1.910000	 0.043341	 -0.002635	 -0.001449	 -0.641372	 
1.900000	 0.043621	 -0.002064	 -0.002798	 -0.645403	 
1.890000	 0.043813	 -0.001895	 -0.002448	 -0.649414	 
1.880000	 0.044514	 -0.001367	 -0.001742	 -0.653137	 
1.870000	 0.043153	 -0.002151	 0.001949	 -0.656427	 
1.860000	 0.044188	 -0.003379	 -0.000078	 -0.660653	 
1.850000	 0.044337	 -0.002959	 0.000073	 -0.665144	 
1.840000	 0.044411	 -0.001520	 -0.001473	 -0.669785	 
1.830000	 0.044549	 -0.003122	 -0.002926	 -0.674397	 
1.820000	 0.044886	 -0.002116	 -0.002646	 -0.679072	 
1.810000	 0.044455	 -0.000150	 -0.001718	 -0.682969	 
1.800000	 0.044429	 -0.000983	 0.000291	 -0.686802	 
1.790000	 0.044904	 -0.003361	 -0.000189	 -0.691261	 
1.780000	 0.045776	 -0.003122	 0.001225	 -0.695510	 
1.770000	 0.045663	 -0.002647	 -0.002920	 -0.701152	 
1.760000	 0.045091	 -0.002672	 -0.001237	 -0.706246	 
1.750000	 0.046447	 -0.003439	 -0.002968	 -0.711330	 
1.740000	 0.045802	 -0.003074	 -0.002458	 -0.715877	 
1.730000	 0.045947	 -0.001106	 -0.000293	 -0.720219	 
1.720000	 0.046205	 -0.003337	 0.000659	 -0.724537	 
1.710000	 0.046446	 -0.003780	 0.000485	 -0.729687	 
1.700000	 0.047593	 -0.003194	 -0.000286	 -0.735249	 
1.690000	 0.047487	 -0.002945	 -0.001072	 -0.740281	 
1.680000	 0.046801	 -0.004066	 -0.003188	 -0.746798	 
1.670000	 0.047387	 -0.003146	 -0.001664	 -0.751850	 
1.660000	 0.048186	 -0.002186	 -0.001192	 -0.756854	 
1.650000	 0.046431	 -0.002140	 0.001491	 -0.761535	 
1.640000	 0.048098	 -0.004460	 0.001319	 -0.767200	 
1.630000	 0.048584	 -0.003211	 -0.000141	 -0.772725	 
1.620000	 0.049321	 -0.002532	 -0.001900	 -0.778872	 
1.610000	 0.049044	 -0.004172	 -0.002013	 -0.785310	 
1.600000	 0.049322	 -0.004869	 -0.004546	 -0.792031	 
1.590000	 0.049768	 -0.003887	 -0.002502	 -0.797677	 
1.580000	 0.048916	 -0.002002	 -0.000147	 -0.803138	 
1.570000	 0.050749	 -0.003346	 0.001338	 -0.808890	 
1.560000	 0.049799	 -0.005286	 0.001244	 -0.814635	 
1.550000	 0.051657	 -0.004749	 -0.000149	 -0.822103	 
1.540000	 0.051369	 -0.004313	 -0.001120	 -0.828876	 
1.530000	 0.052439	 -0.005497	 -0.005278	 -0.835929	 
1.520000	 0.051379	 -0.004374	 -0.002960	 -0.842540	 
1.510000	 0.051312	 -0.001488	 -0.001503	 -0.848379	 
1.500000	 0.051523	 -0.002645	 0.003410	 -0.854867	 
1.490000	 0.052987	 -0.004783	 0.002539	 -0.861939	 
1.480000	 0.053828	 -0.007547	 0.002018	 -0.869476	 
1.470000	 0.054622	 -0.003307	 -0.000547	 -0.877080	 
1.460000	 0.052693	 -0.004388	 -0.002901	 -0.884935	 
1.450000	 0.054288	 -0.004740	 -0.005397	 -0.892716	 
1.440000	 0.055472	 -0.003144	 -0.003247	 -0.899989	 
1.430000	 0.054828	 -0.003402	 0.000333	 -0.906887	 
1.420000	 0.055875	 -0.003924	 0.001266	 -0.914568	 
1.410000	 0.056622	 -0.007834	 0.004875	 -0.921908	 
1.400000	 0.057142	 -0.006678	 -0.002005	 -0.931371	 
1.390000	 0.057250	 -0.006695	 -0.004425	 -0.939918	 
1.380000	 0.057171	 -0.005919	 -0.010555	 -0.948435	 
1.370000	 0.057081	 -0.007125	 -0.005285	 -0.956650	 
1.360000	 0.058443	 -0.005131	 -0.001290	 -0.964808	 
1.350000	 0.060441	 -0.004552	 0.006528	 -0.972767	 
1.340000	 0.059521	 -0.008209	 0.002048	 -0.981840	 
1.330000	 0.060979	 -0.007494	 0.001700	 -0.991383	 
1.320000	 0.061385	 -0.003299	 -0.004367	 -1.000622	 
1.310000	 0.061478	 -0.008360	 -0.010247	 -1.011289	 
1.300000	 0.064174	 -0.007353	 -0.006370	 -1.020658	 
1.290000	 0.062587	 -0.004259	 -0.004560	 -1.029779	 
1.280000	 0.062689	 -0.007955	 0.004626	 -1.037594	 
1.270000	 0.065580	 -0.009020	 0.003011	 -1.047383	 
1.260000	 0.066835	 -0.011246	 0.007009	 -1.057598	 
1.250000	 0.067309	 -0.009009	 -0.008402	 -1.069256	 
1.240000	 0.064308	 -0.011482	 -0.004074	 -1.079241	 
1.230000	 0.067751	 -0.009395	 -0.013650	 -1.090573	 
1.220000	 0.069447	 -0.012742	 -0.007890	 -1.100039	 
1.210000	 0.069333	 -0.009952	 -0.002417	 -1.110693	 
1.200000	 0.071287	 -0.012821	 0.010565	 -1.120255	 
1.190000	 0.072818	 -0.013043	 0.011829	 -1.131347	 
1.180000	 0.075505	 -0.011797	 -0.003709	 -1.142649	 
1.170000	 0.072881	 -0.011217	 0.001073	 -1.154117	 
1.160000	 0.072481	 -0.013644	 -0.018667	 -1.167873	 
1.150000	 0.082622	 -0.011252	 -0.018336	 -1.177866	 
1.140000	 0.084110	 -0.013418	 -0.017272	 -1.188942	 
1.130000	 0.079688	 -0.013492	 -0.001361	 -1.199716	 
1.120000	 0.081220	 -0.014048	 0.002783	 -1.210844	 
1.110000	 0.084579	 -0.015642	 0.009452	 -1.222499	 
1.100000	 0.082998	 -0.013432	 -0.003598	 -1.235134	 
1.090000	 0.091020	 -0.016645	 -0.024930	 -1.247420	 
1.080000	 0.100447	 -0.018812	 -0.053015	 -1.259626	 
1.070000	 0.114493	 -0.016106	 -0.046119	 -1.273613	 
1.060000	 0.110276	 -0.014261	 -0.033471	 -1.284518	 
1.050000	 0.105046	 -0.018423	 0.005698	 -1.296181	 
1.040000	 0.125987	 -0.029199	 0.057141	 -1.307197	 
1.030000	 0.114951	 -0.019754	 -0.050923	 -1.319950	 
1.020000	 0.104718	 -0.027348	 0.003830	 -1.333243	 
1.010000	 0.221997	 -0.022876	 -0.216339	 -1.350648	 
1.000000	 0.196002	 -0.026683	 -0.151355	 -1.361336	 
0.990000	 0.104756	 -0.017832	 0.007284	 -1.370945	 
0.980000	 0.184539	 -0.017023	 0.176770	 -1.386922	 
0.970000	 0.261732	 -0.021553	 0.253050	 -1.396772	 
0.960000	 0.173732	 -0.024491	 -0.138781	 -1.407836	 
0.950000	 0.375568	 -0.025771	 -0.372290	 -1.425548	 
0.940000	 0.487290	 -0.026107	 -0.484696	 -1.443609	 
0.930000	 0.407160	 -0.026386	 -0.404053	 -1.451495	 
0.920000	 0.479017	 -0.012907	 -0.477013	 -1.465519	 
0.910000	 0.490670	 -0.014189	 -0.488775	 -1.475913	 
0.900000	 0.547593	 -0.018268	 -0.545738	 -1.488059	 
0.890000	 0.560180	 -0.026187	 -0.558292	 -1.497822	 
0.880000	 0.577566	 -0.012084	 -0.575929	 -1.509731	 
0.870000	 0.587916	 -0.021895	 -0.585929	 -1.519754	 
0.860000	 0.591575	 -0.027402	 -0.589117	 -1.529937	 
0.850000	 0.607494	 -0.017159	 -0.605900	 -1.539035	 
0.840000	 0.613198	 -0.012033	 -0.611610	 -1.547903	 
0.830000	 0.617680	 -0.014214	 -0.616139	 -1.556332	 
0.820000	 0.625289	 -0.012810	 -0.623962	 -1.564784	 
0.810000	 0.632691	 -0.019479	 -0.631307	 -1.573407	 
0.800000	 0.638918	 -0.020770	 -0.637157	 -1.582298	 
0.790000	 0.645555	 -0.024357	 -0.643638	 -1.591283	 
0.780000	 0.654303	 -0.018451	 -0.652990	 -1.599458	 
0.770000	 0.652870	 -0.011945	 -0.651607	 -1.606612	 
0.760000	 0.658713	 -0.012639	 -0.657370	 -1.613880	 
0.750000	 0.663109	 -0.015741	 -0.661718	 -1.621378	 
0.740000	 0.667834	 -0.017847	 -0.666350	 -1.628435	 
0.730000	 0.674759	 -0.014783	 -0.673524	 -1.636357	 
0.720000	 0.677553	 -0.020280	 -0.676097	 -1.644297	 
0.710000	 0.685562	 -0.016873	 -0.684517	 -1.651950	 
0.700000	 0.689913	 -0.013116	 -0.688868	 -1.659134	 
0.690000	 0.692635	 -0.010803	 -0.691694	 -1.665793	 
0.680000	 0.691585	 -0.012142	 -0.690326	 -1.672139	 
0.670000	 0.695141	 -0.016002	 -0.693928	 -1.678969	 
0.660000	 0.700726	 -0.010458	 -0.699480	 -1.685999	 
0.650000	 0.706413	 -0.012795	 -0.705222	 -1.693005	 
0.640000	 0.710846	 -0.018109	 -0.709829	 -1.700326	 
0.630000	 0.716081	 -0.013348	 -0.715229	 -1.706924	 
0.620000	 0.719559	 -0.011188	 -0.718776	 -1.713295	 
0.610000	 0.720067	 -0.013416	 -0.719205	 -1.719475	 
0.600000	 0.722191	 -0.017089	 -0.721352	 -1.725730	 
0.590000	 0.725606	 -0.014389	 -0.724692	 -1.731961	 
0.580000	 0.731048	 -0.018716	 -0.730036	 -1.738779	 
0.570000	 0.734507	 -0.017704	 -0.733656	 -1.745399	 
0.560000	 0.742296	 -0.020172	 -0.741435	 -1.751687	 
0.550000	 0.744240	 -0.015933	 -0.743511	 -1.757875	 
0.540000	 0.745411	 -0.017681	 -0.744686	 -1.763953	 
0.530000	 0.744899	 -0.015368	 -0.744144	 -1.769467	 
0.520000	 0.748114	 -0.011994	 -0.747407	 -1.775364	 
0.510000	 0.752400	 -0.018832	 -0.751589	 -1.781922	 
0.500000	 0.756103	 -0.014017	 -0.755433	 -1.788163	 
0.490000	 0.761111	 -0.024199	 -0.760338	 -1.794582	 
0.480000	 0.766150	 -0.019662	 -0.765378	 -1.800131	 
0.470000	 0.765482	 -0.014176	 -0.764942	 -1.805902	 
0.460000	 0.767212	 -0.013862	 -0.766608	 -1.811499	 
0.450000	 0.771493	 -0.008374	 -0.771038	 -1.817388	 
0.440000	 0.771717	 -0.019789	 -0.770998	 -1.823100	 
0.430000	 0.775918	 -0.020519	 -0.775100	 -1.829321	 
0.420000	 0.782131	 -0.021720	 -0.781416	 -1.835198	 
0.410000	 0.785871	 -0.019067	 -0.785242	 -1.841072	 
0.400000	 0.788355	 -0.013200	 -0.787842	 -1.846735	 
0.390000	 0.787734	 -0.014594	 -0.787259	 -1.852092	 
0.380000	 0.789977	 -0.016412	 -0.789359	 -1.857801	 
0.370000	 0.794342	 -0.012590	 -0.793797	 -1.863353	 
0.360000	 0.797610	 -0.016331	 -0.797099	 -1.869085	 
0.350000	 0.800467	 -0.014808	 -0.800007	 -1.874803	 
0.340000	 0.804844	 -0.021635	 -0.804289	 -1.880622	 
0.330000	 0.808298	 -0.017804	 -0.807848	 -1.886087	 
0.320000	 0.809392	 -0.011914	 -0.809109	 -1.891425	 
0.310000	 0.811762	 -0.013617	 -0.811393	 -1.896922	 
0.300000	 0.814121	 -0.013517	 -0.813755	 -1.902304	 
0.290000	 0.817192	 -0.014469	 -0.816835	 -1.907796	 
0.280000	 0.819245	 -0.019206	 -0.818756	 -1.913237	 
0.270000	 0.823455	 -0.017470	 -0.823048	 -1.918959	 
0.260000	 0.826001	 -0.016043	 -0.825674	 -1.924239	 
0.250000	 0.827151	 -0.015418	 -0.826821	 -1.929612	 
0.240000	 0.828710	 -0.017215	 -0.828408	 -1.934935	 
0.230000	 0.833026	 -0.011793	 -0.832793	 -1.940306	 
0.220000	 0.834317	 -0.016173	 -0.834009	 -1.945454	 
0.210000	 0.836819	 -0.012961	 -0.836519	 -1.950844	 
0.200000	 0.840128	 -0.018605	 -0.839804	 -1.956334	 
0.190000	 0.845203	 -0.012730	 -0.845014	 -1.961564	 
0.180000	 0.845709	 -0.014007	 -0.845427	 -1.966801	 
0.170000	 0.848549	 -0.012988	 -0.848372	 -1.972020	 
0.160000	 0.850190	 -0.015967	 -0.849974	 -1.977184	 
0.150000	 0.851919	 -0.011564	 -0.851742	 -1.982438	 
0.140000	 0.855255	 -0.012350	 -0.855070	 -1.987520	 
0.130000	 0.859430	 -0.012996	 -0.859246	 -1.992764	 
0.120000	 0.860963	 -0.010729	 -0.860837	 -1.998046	 
0.110000	 0.863896	 -0.012740	 -0.863735	 -2.003167	 
0.100000	 0.865101	 -0.014495	 -0.864931	 -2.008282	 
0.090000	 0.867404	 -0.012665	 -0.867281	 -2.013429	 
0.080000	 0.870258	 -0.018413	 -0.870029	 -2.018494	 
0.070000	 0.872766	 -0.013165	 -0.872642	 -2.023565	 
0.060000	 0.874945	 -0.014021	 -0.874810	 -2.028698	 
0.050000	 0.877367	 -0.014679	 -0.877229	 -2.033784	 
0.040000	 0.879881	 -0.014219	 -0.879751	 -2.038804	 
0.030000	 0.882213	 -0.014134	 -0.882091	 -2.043890	 
0.020000	 0.883939	 -0.015402	 -0.883800	 -2.048896	 
0.010000	 0.886495	 -0.014588	 -0.886373	 -2.053913	 
