-2.313114 2.313114 
0.000000 0.500000 0.001448 
0.000000 0.000000 0.000000 

-0.200330 -0.000000 
0.975831 -0.000000 
-0.113052 0.000000 
-0.399602 0.000000 
-0.703110 -0.000000 
0.205693 -0.000000 
-0.543562 0.000000 
-0.182974 -0.000000 
-0.478253 -0.000000 
-0.588749 0.000000 
-0.192180 0.000000 
0.200329 0.000000 
-0.224675 -0.000000 
-0.477395 0.000000 
0.241204 0.000000 
-0.633866 -0.000000 
0.557443 -0.000000 
-0.036747 0.000000 
-0.243228 0.000000 
-0.067074 -0.000000 
0.320145 0.000000 
1.171545 -0.000000 
-0.191686 0.000000 
0.478432 -0.000000 
-0.158799 0.000000 
0.490583 0.000000 
0.251933 -0.000000 
-1.035268 -0.000000 
-1.143774 0.000000 
-0.895194 -0.000000 
-0.726278 0.000000 
-0.010199 0.000000 
0.078599 0.000000 
-0.819585 -0.000000 
0.082753 0.000000 
0.027500 -0.000000 
-0.005367 0.000000 
-0.830353 -0.000000 
-0.141883 0.000000 
-0.356661 0.000000 
-0.106252 0.000000 
0.204028 0.000000 
0.351725 0.000000 
0.138154 -0.000000 
-0.333902 -0.000000 
-0.498644 0.000000 
-0.311771 -0.000000 
0.230051 -0.000000 
-0.142127 -0.000000 
0.302689 -0.000000 
-0.650671 0.000000 
0.326690 0.000000 
0.238435 0.000000 
-0.835863 0.000000 
-0.099400 0.000000 
-0.102454 -0.000000 
-0.052126 0.000000 
0.144921 0.000000 
0.225467 0.000000 
-0.450074 0.000000 
0.141623 -0.000000 
-0.902795 -0.000000 
-0.075939 -0.000000 
-0.611154 -0.000000 
-1.376992 0.000000 
-0.551617 0.000000 
-0.007747 0.000000 
-0.916615 0.000000 
0.398173 0.000000 
0.636552 0.000000 
-0.031241 0.000000 
-0.805665 0.000000 
0.176575 0.000000 
-0.278637 0.000000 
0.375911 0.000000 
0.532876 -0.000000 
0.342642 0.000000 
0.028678 0.000000 
-0.290522 0.000000 
-0.776204 0.000000 
-0.783803 0.000000 
-0.824930 0.000000 
-0.337765 0.000000 
0.333016 0.000000 
0.425053 0.000000 
-0.326563 -0.000000 
-0.095737 -0.000000 
0.003607 -0.000000 
-0.222850 0.000000 
0.184748 0.000000 
0.063783 0.000000 
0.316078 0.000000 
0.066214 -0.000000 
0.308117 -0.000000 
-0.188870 0.000000 
0.445673 0.000000 
-0.912013 0.000000 
-0.170144 0.000000 
0.230765 0.000000 
-0.198909 0.000000 
-0.508173 0.000000 
-0.352371 -0.000000 
0.155309 -0.000000 
-0.279015 0.000000 
-0.496168 0.000000 
-1.350598 -0.000000 
0.087970 0.000000 
0.093578 -0.000000 
0.137742 -0.000000 
-0.341827 0.000000 
-0.963110 0.000000 
-0.269766 -0.000000 
-0.226899 -0.000000 
0.014981 0.000000 
0.509565 0.000000 
-0.147436 -0.000000 
-0.056385 0.000000 
-0.095511 0.000000 
0.087771 0.000000 
0.496804 -0.000000 
-0.863082 -0.000000 
-0.535655 0.000000 
-0.338982 -0.000000 
-0.859608 0.000000 
-0.560778 -0.000000 
-0.231957 0.000000 
-0.253371 0.000000 
0.101124 0.000000 
0.049653 -0.000000 
0.019676 -0.000000 
0.071509 0.000000 
-0.018349 0.000000 
0.400853 -0.000000 
0.269353 -0.000000 
-1.093290 -0.000000 
-0.186339 0.000000 
0.328719 0.000000 
0.362327 0.000000 
-0.502881 0.000000 
-0.246463 0.000000 
0.471162 0.000000 
0.107466 0.000000 
0.256061 0.000000 
0.545450 0.000000 
0.313245 0.000000 
-0.048137 0.000000 
-0.157145 0.000000 
-0.213879 -0.000000 
-0.256507 0.000000 
0.251492 0.000000 
-0.861451 -0.000000 
0.075968 -0.000000 
0.387278 0.000000 
-0.694810 -0.000000 
-0.214386 -0.000000 
-0.107492 0.000000 
-0.244944 0.000000 
0.782280 -0.000000 
-0.082181 -0.000000 
-0.416241 0.000000 
-0.318525 -0.000000 
-0.273030 0.000000 
0.056519 -0.000000 
0.085866 0.000000 
0.098895 0.000000 
-0.079333 -0.000000 
-0.476269 -0.000000 
-0.451001 -0.000000 
-0.070331 -0.000000 
-0.464518 -0.000000 
0.649143 0.000000 
-0.383128 0.000000 
-0.489570 0.000000 
0.019160 -0.000000 
-0.308316 -0.000000 
-0.014518 -0.000000 
-0.688588 0.000000 
-0.231110 0.000000 
0.488049 0.000000 
0.498517 0.000000 
-0.428182 0.000000 
-0.251602 -0.000000 
0.785423 0.000000 
-0.392344 0.000000 
-0.184365 0.000000 
-0.505340 0.000000 
-0.265230 0.000000 
-0.906699 0.000000 
-0.030837 -0.000000 
0.087221 0.000000 
1.387353 0.000000 
-0.219963 0.000000 
-0.040384 -0.000000 
-1.013441 0.000000 
0.077970 0.000000 
0.166841 -0.000000 
0.353937 -0.000000 
-1.611037 0.000000 
0.061190 0.000000 
0.058668 0.000000 
-1.078957 0.000000 
0.117015 0.000000 
-0.580840 0.000000 
-0.172632 0.000000 
-0.200604 0.000000 
-0.073807 0.000000 
0.110667 0.000000 
-0.055922 0.000000 
0.114064 0.000000 
0.100037 0.000000 
0.192215 0.000000 
-0.710449 -0.000000 
-0.636675 0.000000 
0.584298 0.000000 
-0.697228 0.000000 
-0.527539 0.000000 
-0.395917 0.000000 
-0.422721 0.000000 
-0.459985 0.000000 
0.395718 0.000000 
-0.133204 -0.000000 
0.136529 0.000000 
0.248098 0.000000 
-0.538011 0.000000 
-0.444580 -0.000000 
-1.122541 0.000000 
-1.060789 -0.000000 
-0.802349 -0.000000 
0.760049 -0.000000 
0.913137 -0.000000 
-1.108388 0.000000 
-0.281183 -0.000000 
-0.401483 -0.000000 
1.015410 -0.000000 
0.289599 -0.000000 
-0.184950 0.000000 
-0.637832 0.000000 
-0.345360 0.000000 
0.382317 0.000000 
0.341653 -0.000000 
-0.268403 0.000000 
-0.363894 -0.000000 
0.223533 -0.000000 
0.710855 0.000000 
0.715312 0.000000 
0.003776 0.000000 
-0.241708 0.000000 
-0.032078 -0.000000 
-0.144459 0.000000 
-0.516608 0.000000 
0.125229 0.000000 
-0.024008 0.000000 
-0.078469 0.000000 
-0.098325 -0.000000 
-0.962079 0.000000 
-0.371115 -0.000000 
1.280262 -0.000000 
-0.286671 0.000000 
-0.084110 0.000000 
0.006184 0.000000 
-0.210511 -0.000000 
0.135935 0.000000 
-0.883522 -0.000000 
0.233855 0.000000 
-0.108929 -0.000000 
-0.039601 -0.000000 
-0.218414 0.000000 
0.386669 -0.000000 
0.801945 -0.000000 
0.224926 0.000000 
-1.222245 -0.000000 
-0.439557 0.000000 
-0.089691 0.000000 
0.421893 0.000000 
0.027932 0.000000 
0.045610 -0.000000 
0.298989 -0.000000 
0.023395 0.000000 
-0.682662 -0.000000 
0.794048 -0.000000 
-0.775966 0.000000 
-0.137299 -0.000000 
-0.433226 0.000000 
-0.031123 0.000000 
-0.579041 -0.000000 
0.300945 0.000000 
-0.478354 -0.000000 
-0.310554 0.000000 
0.602551 0.000000 
-0.232477 0.000000 
0.261527 -0.000000 
0.785343 0.000000 
-0.261370 0.000000 
-0.063470 -0.000000 
0.941429 0.000000 
-0.087029 0.000000 
0.086145 0.000000 
-0.094095 0.000000 
0.448469 -0.000000 
-0.000569 -0.000000 
0.498809 0.000000 
-0.083713 -0.000000 
0.640472 0.000000 
-0.545237 0.000000 
0.081721 -0.000000 
-1.714894 0.000000 
-0.083347 -0.000000 
-0.803281 0.000000 
-1.032106 0.000000 
-0.046194 -0.000000 
0.088420 0.000000 
-0.001476 -0.000000 
-0.079059 0.000000 
0.331326 0.000000 
0.207670 -0.000000 
-0.177941 0.000000 
0.135440 0.000000 
-0.629507 0.000000 
0.651436 -0.000000 
-0.221266 0.000000 
-0.812333 -0.000000 
0.345505 0.000000 
-0.417158 0.000000 
-0.199711 -0.000000 
-0.694076 -0.000000 
-0.426678 -0.000000 
-0.236980 0.000000 
1.013697 0.000000 
0.557857 0.000000 
-0.514134 0.000000 
-0.276341 -0.000000 
-0.183219 0.000000 
-1.015586 0.000000 
-0.268311 -0.000000 
0.250085 0.000000 
-1.248451 -0.000000 
0.181763 0.000000 
-0.240338 0.000000 
-0.041467 0.000000 
0.063663 -0.000000 
1.096217 0.000000 
-0.231276 0.000000 
-1.609416 -0.000000 
-0.097067 0.000000 
0.507551 0.000000 
-0.052853 0.000000 
0.357087 0.000000 
0.562146 0.000000 
0.926475 0.000000 
0.991976 -0.000000 
0.844187 0.000000 
-0.074120 -0.000000 
0.523689 0.000000 
0.451140 -0.000000 
-0.180371 0.000000 
0.027066 -0.000000 
-0.552251 0.000000 
0.620009 0.000000 
0.991961 0.000000 
0.043595 0.000000 
0.947127 -0.000000 
-0.010642 0.000000 
0.241013 0.000000 
-0.552301 -0.000000 
0.593083 0.000000 
-0.199737 0.000000 
-0.698666 0.000000 
0.074853 0.000000 
0.418554 0.000000 
0.249909 0.000000 
-0.448645 0.000000 
1.024019 0.000000 
-0.229735 0.000000 
0.263470 0.000000 
-0.831482 -0.000000 
-0.353895 -0.000000 
-1.223079 0.000000 
0.544370 0.000000 
-0.342624 0.000000 
-0.449759 0.000000 
-0.519190 -0.000000 
-0.713101 0.000000 
-0.451548 0.000000 
-1.120536 0.000000 
1.032450 0.000000 
-0.150346 -0.000000 
-0.107735 0.000000 
-0.243730 -0.000000 
-0.358449 0.000000 
0.682271 0.000000 
0.405333 -0.000000 
-0.037110 -0.000000 
0.282743 -0.000000 
-0.934030 0.000000 
-0.723937 -0.000000 
0.584798 -0.000000 
0.629720 0.000000 
-0.298483 0.000000 
-0.689917 0.000000 
-0.452545 0.000000 
0.256405 -0.000000 
-0.105335 0.000000 
-0.469697 -0.000000 
1.079242 -0.000000 
-0.325504 -0.000000 
-0.823108 -0.000000 
0.150696 -0.000000 
0.023602 0.000000 
1.036443 -0.000000 
0.135857 -0.000000 
-0.343246 0.000000 
-0.502428 0.000000 
0.023071 -0.000000 
0.401419 -0.000000 
0.606968 0.000000 
0.151023 0.000000 
0.626695 0.000000 
0.327673 -0.000000 
-0.381772 -0.000000 
-0.328849 0.000000 
-0.017772 -0.000000 
-0.211710 -0.000000 
0.648938 0.000000 
0.839207 -0.000000 
-0.365330 -0.000000 
-0.700229 0.000000 
-0.147085 0.000000 
-0.358702 -0.000000 
-0.796747 -0.000000 
0.728699 0.000000 
-0.049864 -0.000000 
0.236024 0.000000 
0.064924 -0.000000 
0.411883 -0.000000 
0.176755 -0.000000 
-0.087860 -0.000000 
-0.590501 0.000000 
0.340014 0.000000 
0.503704 0.000000 
-0.060754 0.000000 
0.016204 -0.000000 
0.650437 0.000000 
-0.226893 -0.000000 
-0.447942 0.000000 
-0.006952 -0.000000 
-0.359751 -0.000000 
0.114412 0.000000 
0.230326 -0.000000 
-0.022493 -0.000000 
0.227303 -0.000000 
0.566028 0.000000 
-0.248269 -0.000000 
0.218097 -0.000000 
0.326753 0.000000 
0.259310 0.000000 
1.099840 -0.000000 
-0.989687 -0.000000 
0.493631 0.000000 
0.688580 -0.000000 
0.608587 0.000000 
0.816039 0.000000 
0.119785 0.000000 
0.699152 0.000000 
0.267823 0.000000 
-1.051796 0.000000 
-0.267282 0.000000 
-1.037853 -0.000000 
0.222104 0.000000 
-0.694830 0.000000 
0.090073 0.000000 
0.310628 0.000000 
-0.039398 0.000000 
1.113229 0.000000 
-0.299501 0.000000 
-0.875594 -0.000000 
-0.014424 0.000000 
-0.225560 0.000000 
-0.136691 0.000000 
-0.115529 0.000000 
-0.432323 0.000000 
-0.073554 0.000000 
0.373383 0.000000 
-0.417829 0.000000 
0.279193 0.000000 
0.564372 0.000000 
-0.101086 -0.000000 
0.095837 0.000000 
0.817601 -0.000000 
0.079179 0.000000 
0.880063 0.000000 
-0.138702 0.000000 
0.303992 0.000000 
-0.062006 0.000000 
0.319119 0.000000 
-0.685235 0.000000 
0.007415 -0.000000 
-0.455235 0.000000 
0.428271 0.000000 
0.133127 0.000000 
0.162176 -0.000000 
-0.835740 -0.000000 
-0.568669 -0.000000 
-0.270926 0.000000 
0.264289 0.000000 
-0.491292 -0.000000 
0.163319 0.000000 
-0.797683 -0.000000 
0.605920 -0.000000 
-0.193211 0.000000 
-0.614987 0.000000 
-0.027770 -0.000000 
0.089664 -0.000000 
-0.784698 0.000000 
0.516989 -0.000000 
0.197358 -0.000000 
-0.088592 0.000000 
-0.090419 0.000000 
-0.098724 0.000000 
0.321211 -0.000000 
0.170593 0.000000 
0.443883 0.000000 
0.529300 0.000000 
-0.093564 0.000000 
-0.195768 -0.000000 
-0.731344 0.000000 
0.522213 0.000000 
-0.710299 0.000000 
0.035499 0.000000 
0.133314 -0.000000 
0.029483 0.000000 
-0.079954 0.000000 
-0.023330 0.000000 
0.229865 -0.000000 
-0.376767 0.000000 
-0.435605 -0.000000 
-0.023702 0.000000 
0.158690 -0.000000 
-0.510779 0.000000 
0.135765 -0.000000 
0.255259 0.000000 
0.704714 0.000000 
0.016093 0.000000 
0.083658 0.000000 
-1.026390 0.000000 
1.033623 -0.000000 
0.406886 0.000000 
-0.162307 -0.000000 
0.320701 0.000000 
0.333534 0.000000 
0.664536 0.000000 
-0.199391 0.000000 
-0.545375 0.000000 
0.712417 -0.000000 
-0.947185 0.000000 
-0.195099 -0.000000 
-0.071547 0.000000 
0.024659 0.000000 
-0.344140 -0.000000 
-0.219494 0.000000 
-0.071687 0.000000 
0.178946 0.000000 
-0.310575 0.000000 
-0.049056 -0.000000 
0.370107 -0.000000 
0.301391 0.000000 
-0.199838 -0.000000 
-0.002352 0.000000 
-0.093827 -0.000000 
-1.006878 0.000000 
0.488852 0.000000 
0.250743 0.000000 
0.424161 -0.000000 
-0.331397 0.000000 
-0.568095 0.000000 
0.050057 0.000000 
-0.086853 0.000000 
-0.062044 0.000000 
0.412739 0.000000 
0.860741 -0.000000 
-0.344016 0.000000 
0.236265 -0.000000 
1.160068 0.000000 
-0.323878 0.000000 
-0.617822 -0.000000 
0.382055 -0.000000 
-0.540683 0.000000 
0.015482 -0.000000 
-0.020803 0.000000 
0.314393 0.000000 
0.448366 -0.000000 
-0.014487 0.000000 
1.294579 0.000000 
-0.109994 0.000000 
0.172141 -0.000000 
0.231884 0.000000 
0.511504 0.000000 
-0.395328 0.000000 
0.662432 0.000000 
-0.333629 -0.000000 
0.435560 0.000000 
-0.623650 0.000000 
0.149273 -0.000000 
0.501487 0.000000 
0.151938 -0.000000 
-0.268893 0.000000 
0.237931 0.000000 
0.046900 -0.000000 
0.072077 0.000000 
0.924653 -0.000000 
0.193706 0.000000 
-0.549158 0.000000 
-0.299937 -0.000000 
0.070434 0.000000 
0.701508 0.000000 
-0.281006 -0.000000 
0.166589 -0.000000 
0.373632 0.000000 
0.235926 0.000000 
-0.179847 -0.000000 
0.898307 -0.000000 
0.168886 0.000000 
0.389139 -0.000000 
0.079385 0.000000 
0.316412 0.000000 
0.656328 0.000000 
-0.382012 -0.000000 
-0.578004 -0.000000 
-0.452861 0.000000 
-0.271575 0.000000 
-0.661277 0.000000 
0.103863 -0.000000 
0.432347 -0.000000 
0.608033 -0.000000 
0.356947 0.000000 
1.617645 -0.000000 
0.203541 0.000000 
-0.781347 0.000000 
-0.542227 -0.000000 
0.560313 -0.000000 
0.614334 0.000000 
-0.650873 0.000000 
-0.114224 0.000000 
-0.320949 0.000000 
-0.597170 0.000000 
0.236012 0.000000 
-0.141016 -0.000000 
-1.634691 -0.000000 
0.902270 0.000000 
0.705129 -0.000000 
-0.111029 -0.000000 
-0.581596 0.000000 
0.021827 0.000000 
0.774931 0.000000 
0.296869 0.000000 
0.188853 -0.000000 
0.844655 -0.000000 
-0.514016 -0.000000 
0.070788 0.000000 
0.007333 -0.000000 
-0.297024 0.000000 
0.484359 0.000000 
-0.475794 0.000000 
-0.083569 0.000000 
0.188390 0.000000 
-0.859088 0.000000 
0.248809 -0.000000 
0.276069 0.000000 
-0.044747 0.000000 
-0.394124 -0.000000 
0.760482 -0.000000 
0.489862 0.000000 
-0.591990 -0.000000 
-0.073451 -0.000000 
-0.753632 0.000000 
0.342344 0.000000 
-0.497762 -0.000000 
0.376103 0.000000 
0.032955 0.000000 
-0.158978 -0.000000 
-0.366686 -0.000000 
0.150625 -0.000000 
0.109637 -0.000000 
-0.045289 0.000000 
0.089237 0.000000 
0.187040 0.000000 
0.463854 0.000000 
0.482233 0.000000 
0.149259 0.000000 
-0.248896 0.000000 
0.077521 0.000000 
0.102154 0.000000 
-1.343410 0.000000 
-0.071912 0.000000 
0.114435 0.000000 
0.197349 -0.000000 
-0.250745 0.000000 
-0.767761 0.000000 
0.039387 0.000000 
0.165106 0.000000 
0.560467 0.000000 
-0.675299 0.000000 
0.527024 0.000000 
0.474538 0.000000 
0.914869 0.000000 
0.617362 0.000000 
0.671058 0.000000 
-0.015431 0.000000 
-0.914308 -0.000000 
-0.694663 -0.000000 
0.400631 -0.000000 
0.117567 0.000000 
1.191305 -0.000000 
-0.017438 0.000000 
1.135066 -0.000000 
-0.166002 0.000000 
-0.322600 0.000000 
-0.259760 0.000000 
-0.265560 -0.000000 
-0.894830 0.000000 
0.603474 0.000000 
0.471332 0.000000 
-0.228634 0.000000 
-0.419852 -0.000000 
0.438112 -0.000000 
-0.009561 -0.000000 
0.671414 0.000000 
0.787151 -0.000000 
-0.117313 0.000000 
-0.174804 0.000000 
-0.033821 0.000000 
-0.400707 0.000000 
-0.127881 0.000000 
-0.303954 0.000000 
-0.277298 -0.000000 
-0.191240 -0.000000 
-0.171154 0.000000 
-0.098901 0.000000 
-0.319859 0.000000 
0.160334 0.000000 
-0.685144 0.000000 
0.611396 -0.000000 
-1.241881 -0.000000 
-0.742638 0.000000 
0.195937 -0.000000 
-0.486806 0.000000 
-0.494773 -0.000000 
-1.178721 -0.000000 
-0.728819 0.000000 
-1.471385 0.000000 
0.418496 -0.000000 
0.687522 -0.000000 
-0.573691 0.000000 
-0.717530 -0.000000 
0.547240 0.000000 
0.357555 0.000000 
0.325304 0.000000 
-0.299134 -0.000000 
-0.587614 -0.000000 
-0.306314 0.000000 
0.887676 0.000000 
-0.153883 0.000000 
0.138000 -0.000000 
-0.931243 0.000000 
-0.156224 0.000000 
0.325841 0.000000 
0.056335 0.000000 
1.438704 0.000000 
0.301751 0.000000 
-0.598027 -0.000000 
-0.040406 -0.000000 
0.193223 -0.000000 
-0.552911 0.000000 
0.493122 0.000000 
-0.453073 0.000000 
0.073691 0.000000 
0.410747 -0.000000 
-0.622507 0.000000 
-0.180145 0.000000 
0.116229 0.000000 
0.118488 0.000000 
0.396397 0.000000 
-0.168929 -0.000000 
0.089006 0.000000 
0.133433 0.000000 
0.521717 -0.000000 
0.595733 -0.000000 
-0.175823 0.000000 
-0.378206 -0.000000 
-0.301205 0.000000 
-0.802437 -0.000000 
-0.293590 -0.000000 
0.312741 -0.000000 
-0.315684 -0.000000 
-0.503363 -0.000000 
-0.166147 0.000000 
-0.967989 0.000000 
0.100864 -0.000000 
-0.331921 0.000000 
0.599581 0.000000 
-0.244101 -0.000000 
0.035306 0.000000 
-0.579731 0.000000 
0.024726 -0.000000 
0.051749 -0.000000 
-0.309459 0.000000 
0.521837 -0.000000 
0.068783 0.000000 
-0.639461 0.000000 
-0.289698 0.000000 
1.015052 0.000000 
-0.083633 0.000000 
-0.010644 0.000000 
-0.231496 0.000000 
0.004843 0.000000 
-0.625968 -0.000000 
0.625446 0.000000 
-0.314830 -0.000000 
1.028739 0.000000 
0.042638 -0.000000 
-1.120646 0.000000 
1.475758 0.000000 
0.048603 0.000000 
-0.140973 0.000000 
-0.360990 0.000000 
-0.162378 0.000000 
-0.501305 -0.000000 
-0.014431 0.000000 
0.837579 0.000000 
0.747462 -0.000000 
-0.135522 0.000000 
0.191499 -0.000000 
-0.339738 0.000000 
-1.081244 0.000000 
0.073414 0.000000 
-0.156834 0.000000 
-0.709498 -0.000000 
-0.133269 0.000000 
0.756412 0.000000 
-0.510524 -0.000000 
0.596668 -0.000000 
-0.131694 0.000000 
-0.711058 0.000000 
0.248436 0.000000 
-0.071948 0.000000 
0.360873 -0.000000 
0.723851 0.000000 
0.254125 -0.000000 
-0.149326 0.000000 
0.399453 -0.000000 
0.487654 0.000000 
0.683502 0.000000 
-0.018060 -0.000000 
-0.450819 -0.000000 
0.345080 0.000000 
0.343807 0.000000 
-0.872552 0.000000 
0.068320 0.000000 
-0.727500 0.000000 
0.394814 0.000000 
-0.601536 -0.000000 
0.795620 0.000000 
0.112666 0.000000 
0.167032 0.000000 
0.083681 0.000000 
0.796330 0.000000 
-0.308914 0.000000 
-0.106422 0.000000 
-0.718169 0.000000 
0.139537 0.000000 
-0.067404 0.000000 
0.569445 0.000000 
0.547137 -0.000000 
0.945384 0.000000 
-0.474751 0.000000 
-0.257995 0.000000 
0.028264 0.000000 
0.428657 -0.000000 
-0.528064 0.000000 
0.037808 -0.000000 
0.026150 0.000000 
-0.039585 -0.000000 
-0.109124 -0.000000 
-0.245939 0.000000 
0.277079 0.000000 
1.078817 0.000000 
-0.582943 0.000000 
-0.020871 0.000000 
1.294769 0.000000 
0.125963 -0.000000 
-0.094091 -0.000000 
-0.811583 0.000000 
0.292886 -0.000000 
-0.532296 -0.000000 
0.479098 0.000000 
0.711009 0.000000 
-0.106677 -0.000000 
-0.416296 0.000000 
-0.791184 0.000000 
-0.711983 0.000000 
0.727980 0.000000 
0.715121 -0.000000 
0.340277 0.000000 
-0.226822 0.000000 
-0.589687 0.000000 
-0.197625 0.000000 
0.915580 -0.000000 
-0.003644 0.000000 
0.382362 0.000000 
0.344905 0.000000 
-0.742530 0.000000 
-0.724991 -0.000000 
0.384559 0.000000 
-0.303823 0.000000 
0.538878 0.000000 
-0.035828 0.000000 
-0.377250 0.000000 
0.138428 0.000000 
-0.025536 0.000000 
-0.597299 -0.000000 
-0.170202 -0.000000 
-0.272558 0.000000 
0.428382 0.000000 
0.640703 0.000000 
-0.157437 -0.000000 
0.251800 -0.000000 
-0.166456 0.000000 
0.080562 -0.000000 
-0.279574 0.000000 
-0.240976 -0.000000 
1.107129 -0.000000 
-0.244070 0.000000 
0.818274 -0.000000 
-0.491480 0.000000 
0.446161 -0.000000 
0.098528 0.000000 
-0.468821 -0.000000 
-0.121176 -0.000000 
0.554465 -0.000000 
0.380366 0.000000 
0.116260 -0.000000 
-0.765733 0.000000 
0.413298 0.000000 
-0.352153 -0.000000 
0.262737 0.000000 
0.822433 -0.000000 
0.971301 -0.000000 
0.369702 0.000000 
0.385370 0.000000 
0.371133 0.000000 
0.081686 -0.000000 
0.306755 0.000000 
0.817411 -0.000000 
1.051668 0.000000 
0.737352 -0.000000 
-1.459512 -0.000000 
-0.739564 0.000000 
0.853142 -0.000000 
-0.082704 0.000000 
-0.852511 0.000000 
0.443009 0.000000 
0.199811 0.000000 
0.461871 -0.000000 
-0.799555 0.000000 
1.131840 0.000000 
-0.361881 0.000000 
0.061015 -0.000000 
-0.562292 0.000000 
0.414764 0.000000 
-0.336886 0.000000 
0.220828 0.000000 
-0.112729 -0.000000 
0.271585 0.000000 
-0.640866 0.000000 
-0.755164 0.000000 
-0.705955 0.000000 
0.632465 -0.000000 
0.642114 0.000000 
0.493136 0.000000 
-0.230166 0.000000 
-0.626433 0.000000 
0.565703 -0.000000 
0.718658 0.000000 
-0.624183 0.000000 
0.422708 -0.000000 
0.187279 -0.000000 
1.019848 -0.000000 
0.015956 0.000000 
-0.331792 -0.000000 
0.048596 0.000000 
1.461843 0.000000 
-0.036857 -0.000000 
-0.076585 0.000000 
0.087925 0.000000 
-0.774543 0.000000 
0.097235 -0.000000 
0.671539 0.000000 
-0.244175 0.000000 
-0.057217 -0.000000 
0.615797 0.000000 
0.968267 -0.000000 
-0.280237 0.000000 
-0.539183 0.000000 
-0.289922 0.000000 
0.389917 0.000000 
0.979304 0.000000 
0.785590 0.000000 
-0.353947 0.000000 
-0.125990 0.000000 
0.994449 0.000000 
0.348628 0.000000 
-0.542385 -0.000000 
-0.283476 0.000000 
0.564816 -0.000000 
-0.343711 -0.000000 
0.322271 0.000000 
0.139432 0.000000 
-0.020281 -0.000000 
-0.430276 0.000000 
-0.410225 0.000000 
-0.634547 0.000000 
0.488123 0.000000 
0.714427 -0.000000 
0.033831 -0.000000 
-0.524987 0.000000 
-0.085070 -0.000000 
-0.851442 -0.000000 
-0.624843 0.000000 
0.185285 -0.000000 
-0.467475 0.000000 
-0.588423 -0.000000 
-0.329212 0.000000 
0.534953 0.000000 
0.782779 0.000000 
-1.000041 0.000000 
0.597902 0.000000 
0.427772 -0.000000 
-0.176608 0.000000 
0.584390 0.000000 
-0.427258 -0.000000 
-0.001239 0.000000 
-0.173907 -0.000000 
0.254054 0.000000 
-0.317360 0.000000 
0.076790 -0.000000 
-0.171813 -0.000000 
-0.564768 0.000000 
-1.178688 -0.000000 
-0.413712 0.000000 
-0.703679 0.000000 
0.245018 -0.000000 
-0.661606 -0.000000 
-0.594423 0.000000 
-0.715610 0.000000 
-0.024613 0.000000 
0.355521 -0.000000 
-0.089890 0.000000 
0.037235 0.000000 
-0.630454 0.000000 
0.024363 0.000000 
-0.345782 -0.000000 
0.021713 0.000000 
-0.523446 0.000000 
-0.018205 0.000000 
-0.143250 0.000000 
0.221794 0.000000 
-0.156833 -0.000000 
-0.269868 -0.000000 
0.136865 -0.000000 
0.491131 0.000000 
-0.516093 -0.000000 
-0.830861 0.000000 
-0.090249 -0.000000 
0.536834 0.000000 
-0.524004 0.000000 
0.895550 -0.000000 
-0.300603 -0.000000 
0.326606 0.000000 
-0.509455 0.000000 
0.094287 0.000000 
-0.433966 0.000000 
0.736691 0.000000 
-0.282099 -0.000000 
0.194073 0.000000 
-0.609166 0.000000 
-0.431946 -0.000000 
-0.285530 -0.000000 
0.757990 -0.000000 
0.069064 -0.000000 
0.049942 -0.000000 
0.054630 0.000000 
-0.476344 -0.000000 
-0.039668 0.000000 
-0.369408 0.000000 
0.303388 0.000000 
0.463551 0.000000 
-0.234082 0.000000 
0.800945 -0.000000 
-0.594647 0.000000 
-0.942227 0.000000 
0.204718 -0.000000 
-1.190493 0.000000 
-0.000645 0.000000 
0.140286 0.000000 
0.402205 -0.000000 
-0.198415 0.000000 
-0.379019 -0.000000 
0.432479 0.000000 
-0.578350 0.000000 
0.160014 -0.000000 
0.168509 0.000000 
0.621085 0.000000 
0.054899 0.000000 
-0.045074 0.000000 
-0.569850 0.000000 
-0.467301 -0.000000 
0.545809 0.000000 
-0.781180 0.000000 
0.819270 0.000000 
0.157178 0.000000 
-0.497715 0.000000 
-0.003892 -0.000000 
0.217296 0.000000 
0.224324 -0.000000 
-0.156594 -0.000000 
0.173258 0.000000 
-0.057637 -0.000000 
0.783563 -0.000000 
0.136709 0.000000 
0.008888 0.000000 
0.534288 0.000000 
-0.296147 -0.000000 
0.203096 0.000000 
-0.902952 0.000000 
0.212586 0.000000 
-0.308673 0.000000 
-0.027909 0.000000 
0.307505 0.000000 
-0.544574 0.000000 
-0.558839 0.000000 
-0.639698 0.000000 
-0.219945 0.000000 
-0.089956 -0.000000 
0.638031 -0.000000 
0.349048 0.000000 
0.301422 0.000000 
0.089978 -0.000000 
-0.250639 0.000000 
0.051849 0.000000 
0.624169 0.000000 
-0.589656 0.000000 
1.359215 0.000000 
-0.476464 -0.000000 
-0.124172 0.000000 
0.235072 0.000000 
-0.022785 0.000000 
-0.101169 0.000000 
0.639652 0.000000 
0.137045 0.000000 
0.210086 0.000000 
0.428469 0.000000 
0.217917 -0.000000 
0.170255 0.000000 
-0.605750 -0.000000 
0.789332 -0.000000 
0.453932 0.000000 
0.162022 0.000000 
-1.171847 -0.000000 
0.135677 0.000000 
-0.074355 -0.000000 
0.004299 0.000000 
-0.076268 0.000000 
0.893546 0.000000 
-0.042389 0.000000 
0.272576 0.000000 
-0.308314 -0.000000 
-0.422899 0.000000 
0.116190 0.000000 
-0.364149 -0.000000 
-0.479351 0.000000 
0.076275 0.000000 
0.508557 0.000000 
0.727906 0.000000 
0.379851 -0.000000 
-0.528253 0.000000 
0.097391 0.000000 
0.293151 -0.000000 
-1.122438 -0.000000 
-0.077464 0.000000 
0.411114 -0.000000 
-0.855965 -0.000000 
-1.412703 0.000000 
0.498722 0.000000 
-0.419403 0.000000 
-0.343885 -0.000000 
0.656547 -0.000000 
-0.328262 -0.000000 
0.130503 0.000000 
-0.707335 0.000000 
0.950802 0.000000 
0.248371 0.000000 
-0.064168 0.000000 
-0.143378 0.000000 
1.076327 -0.000000 
0.932416 0.000000 
0.264780 0.000000 
-0.258620 -0.000000 
-0.213940 0.000000 
-0.111244 0.000000 
-0.309712 0.000000 
-0.413080 0.000000 
-0.633052 0.000000 
0.292242 0.000000 
1.070783 0.000000 
0.315419 0.000000 
-0.862846 0.000000 
-0.026215 0.000000 
0.147754 0.000000 
-0.506967 0.000000 
-0.367813 -0.000000 
0.374107 0.000000 
-0.402412 -0.000000 
0.932012 0.000000 
-0.354611 0.000000 
-0.152771 -0.000000 
-0.518970 0.000000 
-0.406022 0.000000 
-0.893931 0.000000 
0.323322 0.000000 
0.286934 0.000000 
-0.160392 0.000000 
0.335469 -0.000000 
0.036086 0.000000 
1.403511 0.000000 
-0.744787 -0.000000 
-0.826461 -0.000000 
-0.574279 -0.000000 
-0.153690 -0.000000 
0.306344 0.000000 
1.044064 0.000000 
0.098342 0.000000 
-0.187362 0.000000 
0.019933 0.000000 
-0.597079 0.000000 
0.099696 -0.000000 
0.065630 0.000000 
-0.468885 -0.000000 
1.184474 0.000000 
-0.229548 -0.000000 
-0.263772 0.000000 
-0.022404 0.000000 
0.489632 0.000000 
0.123354 0.000000 
0.342921 0.000000 
0.197919 0.000000 
0.269057 0.000000 
0.213510 -0.000000 
-0.747175 0.000000 
0.326183 0.000000 
-0.240226 0.000000 
0.414743 0.000000 
0.042394 -0.000000 
-1.163170 -0.000000 
-0.259232 0.000000 
-0.165702 0.000000 
-0.563400 -0.000000 
0.569275 0.000000 
0.010697 0.000000 
0.233847 0.000000 
0.246300 0.000000 
1.262501 0.000000 
0.514802 0.000000 
-0.022067 -0.000000 
-0.138084 0.000000 
0.312070 -0.000000 
0.950619 0.000000 
-0.028518 0.000000 
-0.148961 -0.000000 
-0.121349 -0.000000 
0.320413 0.000000 
-0.425777 0.000000 
0.201946 0.000000 
-0.689672 -0.000000 
0.028677 -0.000000 
0.974659 -0.000000 
-0.012147 0.000000 
-0.559362 0.000000 
-0.466326 0.000000 
-0.173079 -0.000000 
0.139040 0.000000 
-0.253624 0.000000 
-0.353043 -0.000000 
0.441105 -0.000000 
0.030657 0.000000 
0.189865 -0.000000 
-0.753945 0.000000 
0.207414 0.000000 
-0.775256 -0.000000 
0.777828 0.000000 
0.078167 -0.000000 
0.390878 0.000000 
-0.326892 -0.000000 
-0.000335 0.000000 
1.023029 0.000000 
-0.028437 0.000000 
-0.308241 0.000000 
-0.164382 0.000000 
0.142778 0.000000 
0.165809 0.000000 
-0.036504 0.000000 
-0.511338 0.000000 
0.423025 -0.000000 
-0.444899 -0.000000 
-0.362447 0.000000 
0.168439 -0.000000 
-0.117161 -0.000000 
-0.176130 0.000000 
0.117733 0.000000 
-0.354705 -0.000000 
0.458547 0.000000 
-0.194624 0.000000 
-0.218627 0.000000 
-0.726813 0.000000 
-0.638082 0.000000 
-0.927006 -0.000000 
0.002655 0.000000 
0.224102 0.000000 
-0.235361 0.000000 
-0.163768 0.000000 
0.165568 0.000000 
0.755231 0.000000 
-1.023023 -0.000000 
-0.601030 0.000000 
0.440510 0.000000 
-0.007331 0.000000 
0.337876 0.000000 
0.069137 -0.000000 
-0.589412 0.000000 
0.405683 -0.000000 
-0.260621 0.000000 
0.227845 -0.000000 
0.198216 0.000000 
0.162293 0.000000 
0.763002 -0.000000 
0.189731 0.000000 
0.179325 -0.000000 
-0.455775 0.000000 
-0.355343 0.000000 
0.076253 0.000000 
-0.159807 -0.000000 
-0.131301 0.000000 
-0.195870 -0.000000 
0.290589 -0.000000 
0.707886 0.000000 
-0.395023 0.000000 
0.442860 -0.000000 
0.166501 -0.000000 
-0.831797 0.000000 
0.982387 0.000000 
0.331734 0.000000 
-1.070312 0.000000 
0.282829 0.000000 
0.537340 0.000000 
0.125220 0.000000 
-0.057815 -0.000000 
0.167753 -0.000000 
-0.048815 -0.000000 
-1.314248 0.000000 
0.972361 0.000000 
0.242962 0.000000 
-1.106571 -0.000000 
0.068809 0.000000 
-0.140183 0.000000 
0.079114 0.000000 
-0.088791 -0.000000 
-0.621417 0.000000 
0.560286 0.000000 
-0.691293 0.000000 
0.943509 -0.000000 
-0.514998 0.000000 
-0.822619 0.000000 
-0.036068 -0.000000 
0.547582 0.000000 
-0.865227 -0.000000 
0.289097 0.000000 
-0.710962 0.000000 
-0.181816 0.000000 
-0.611317 0.000000 
0.838890 0.000000 
0.303539 -0.000000 
0.791518 0.000000 
-0.025418 0.000000 
0.191056 0.000000 
-0.349212 0.000000 
0.286271 0.000000 
-0.096648 0.000000 
-0.150267 0.000000 
-0.176948 0.000000 
0.242958 0.000000 
0.711060 0.000000 
0.587344 0.000000 
-0.430812 0.000000 
0.221149 0.000000 
-0.445206 0.000000 
-0.253540 0.000000 
0.385639 0.000000 
-0.469104 0.000000 
0.950864 -0.000000 
-0.488447 0.000000 
-0.028485 0.000000 
0.366315 0.000000 
0.279087 0.000000 
-0.148855 -0.000000 
-0.349969 0.000000 
-0.019331 0.000000 
0.062947 0.000000 
0.432103 0.000000 
0.115371 -0.000000 
-0.492861 -0.000000 
-0.431975 0.000000 
-0.321084 0.000000 
0.019687 -0.000000 
-0.559820 0.000000 
-0.011041 0.000000 
-0.038261 0.000000 
0.672422 0.000000 
0.328166 0.000000 
-0.028794 -0.000000 
0.863944 0.000000 
-1.147898 0.000000 
-0.047754 0.000000 
0.168365 0.000000 
-1.073237 0.000000 
-0.349504 0.000000 
0.223522 0.000000 
-0.433048 0.000000 
-0.101554 0.000000 
0.126054 0.000000 
0.223327 0.000000 
0.806264 -0.000000 
-0.030978 -0.000000 
0.282188 0.000000 
-1.082047 0.000000 
-0.466113 0.000000 
0.159759 -0.000000 
0.139429 0.000000 
-0.316250 0.000000 
-0.211792 0.000000 
0.195750 0.000000 
0.878984 -0.000000 
0.230255 -0.000000 
-0.008592 0.000000 
0.311997 0.000000 
0.997257 -0.000000 
-0.100695 0.000000 
0.714426 0.000000 
-0.142713 0.000000 
-1.042306 0.000000 
-0.548723 -0.000000 
-0.296458 0.000000 
0.111194 -0.000000 
-0.119135 0.000000 
0.218040 0.000000 
0.517074 0.000000 
0.591627 -0.000000 
0.240959 0.000000 
0.156687 0.000000 
-0.406737 0.000000 
-0.577279 0.000000 
-0.588341 0.000000 
-0.103640 0.000000 
-0.359714 0.000000 
-1.757046 0.000000 
0.187824 -0.000000 
-0.303417 0.000000 
0.573501 0.000000 
-0.740059 0.000000 
-0.370735 0.000000 
-0.106372 -0.000000 
0.423539 -0.000000 
0.681005 0.000000 
0.009145 -0.000000 
0.277259 0.000000 
-0.171450 -0.000000 
0.064416 0.000000 
-0.016154 -0.000000 
-0.249802 0.000000 
-0.128939 -0.000000 
-0.131166 -0.000000 
0.676379 -0.000000 
-0.478255 -0.000000 
0.270789 0.000000 
0.387340 0.000000 
-0.672172 0.000000 
-0.257702 0.000000 
0.250262 -0.000000 
0.264620 0.000000 
0.249712 0.000000 
-0.411277 -0.000000 
0.418001 -0.000000 
0.487430 -0.000000 
-0.002670 0.000000 
0.478493 0.000000 
-0.244496 0.000000 
-0.007907 0.000000 
0.775291 0.000000 
-0.406402 0.000000 
-0.018557 0.000000 
0.543676 -0.000000 
0.294631 0.000000 
0.075568 0.000000 
-0.111613 0.000000 
-0.079783 0.000000 
-0.186681 0.000000 
0.226311 0.000000 
0.839139 0.000000 
1.007366 -0.000000 
-0.059473 -0.000000 
0.076504 0.000000 
0.098948 0.000000 
0.462532 0.000000 
-0.401811 -0.000000 
-0.464880 -0.000000 
-0.076642 -0.000000 
0.358918 0.000000 
0.164876 0.000000 
1.223793 0.000000 
0.015773 0.000000 
-0.195262 0.000000 
0.101225 0.000000 
-0.836467 -0.000000 
-0.233620 0.000000 
-0.418872 -0.000000 
-0.377979 0.000000 
-1.279139 0.000000 
0.622919 -0.000000 
-0.053522 -0.000000 
-0.267916 0.000000 
0.387553 0.000000 
0.218405 0.000000 
0.423677 -0.000000 
0.394528 0.000000 
-0.208975 0.000000 
-0.554593 -0.000000 
0.245662 0.000000 
-0.077707 0.000000 
0.135051 0.000000 
0.186202 -0.000000 
0.332814 -0.000000 
0.098368 0.000000 
-0.451906 0.000000 
0.049912 0.000000 
-0.153414 -0.000000 
0.225340 -0.000000 
-0.404298 -0.000000 
-0.477558 0.000000 
0.428747 0.000000 
-0.768297 0.000000 
-0.213059 -0.000000 
0.018003 0.000000 
0.116843 0.000000 
0.259784 0.000000 
0.128291 0.000000 
0.021287 0.000000 
0.383299 -0.000000 
0.748567 0.000000 
0.498879 -0.000000 
0.230841 0.000000 
-0.205035 0.000000 
-0.847544 0.000000 
-0.019019 0.000000 
0.333282 0.000000 
-0.201167 -0.000000 
0.016532 0.000000 
0.548838 0.000000 
-0.108707 -0.000000 
0.404260 0.000000 
-0.163663 -0.000000 
0.789200 0.000000 
0.837351 0.000000 
-0.093778 -0.000000 
-0.268941 0.000000 
0.224274 0.000000 
-0.458503 -0.000000 
-0.025670 0.000000 
0.250443 -0.000000 
-0.130247 0.000000 
0.229201 -0.000000 
-0.308931 0.000000 
-0.464757 -0.000000 
0.207065 0.000000 
-0.029514 0.000000 
0.576051 0.000000 
-0.135266 -0.000000 
-0.364222 0.000000 
-0.515865 0.000000 
-0.171466 0.000000 
-0.593303 0.000000 
-0.898308 0.000000 
0.000014 0.000000 
-0.615818 0.000000 
0.082288 -0.000000 
-0.191548 0.000000 
-0.231051 0.000000 
0.279126 0.000000 
-0.414822 -0.000000 
-0.371293 -0.000000 
-0.304609 0.000000 
-0.054369 0.000000 
-0.748721 0.000000 
-0.321210 0.000000 
-0.078416 0.000000 
-0.231651 0.000000 
0.499158 -0.000000 
0.630863 -0.000000 
0.008216 0.000000 
-0.115996 -0.000000 
-0.303853 0.000000 
-0.468853 0.000000 
0.549636 -0.000000 
1.332949 0.000000 
0.714377 0.000000 
0.434342 -0.000000 
0.126124 0.000000 
0.436329 0.000000 
0.148360 0.000000 
0.049851 0.000000 
0.158357 0.000000 
0.598500 0.000000 
-0.529821 -0.000000 
0.098168 -0.000000 
0.391578 -0.000000 
0.727561 0.000000 
0.114443 0.000000 
-0.438159 -0.000000 
-0.582262 -0.000000 
-0.654820 -0.000000 
0.421318 -0.000000 
-0.096023 -0.000000 
0.631681 0.000000 
0.312689 0.000000 
-0.152780 0.000000 
-0.244173 0.000000 
0.230093 0.000000 
0.049875 0.000000 
0.322580 0.000000 
0.034863 0.000000 
-0.014575 0.000000 
0.968565 0.000000 
0.208397 0.000000 
1.219882 0.000000 
-0.469069 0.000000 
0.431510 0.000000 
-0.216311 0.000000 
-0.085872 -0.000000 
-0.710895 -0.000000 
0.196180 0.000000 
0.487362 -0.000000 
0.000856 0.000000 
0.532800 0.000000 
1.001728 0.000000 
-0.532579 0.000000 
-0.244200 -0.000000 
0.119168 0.000000 
-0.149950 -0.000000 
0.184355 0.000000 
-0.060334 -0.000000 
0.745637 -0.000000 
-0.552131 0.000000 
-0.097309 0.000000 
0.012684 -0.000000 
0.302117 0.000000 
0.086461 -0.000000 
-0.170426 0.000000 
-0.696934 -0.000000 
0.032499 0.000000 
0.622409 0.000000 
-0.058168 0.000000 
-0.648055 -0.000000 
-0.910137 0.000000 
-0.134102 -0.000000 
0.512639 0.000000 
-0.582840 0.000000 
0.271491 0.000000 
-0.238300 -0.000000 
-0.075551 0.000000 
0.506394 -0.000000 
-0.422423 0.000000 
-0.117023 0.000000 
0.639026 0.000000 
-0.718043 0.000000 
0.100292 0.000000 
0.306715 0.000000 
0.106193 -0.000000 
-0.067286 0.000000 
-1.038629 -0.000000 
-0.168858 -0.000000 
0.507925 0.000000 
0.873491 -0.000000 
0.200465 0.000000 
0.164735 0.000000 
0.051205 -0.000000 
0.543581 0.000000 
-0.416474 0.000000 
-0.230630 0.000000 
0.364148 -0.000000 
0.354406 0.000000 
-0.449802 -0.000000 
0.510189 -0.000000 
-0.322910 -0.000000 
-0.554270 0.000000 
0.221297 0.000000 
1.418277 -0.000000 
-0.560515 -0.000000 
-0.015545 0.000000 
0.666437 0.000000 
0.256539 -0.000000 
-0.897136 0.000000 
-0.025876 -0.000000 
0.194724 -0.000000 
-0.313346 -0.000000 
0.333567 -0.000000 
0.761156 -0.000000 
0.159538 -0.000000 
-0.465187 0.000000 
0.927932 0.000000 
-0.455202 0.000000 
0.463780 0.000000 
-0.879196 -0.000000 
-0.681894 0.000000 
-0.154400 0.000000 
0.206113 0.000000 
1.019254 0.000000 
-0.531438 -0.000000 
-0.271400 -0.000000 
-0.141789 -0.000000 
0.077920 -0.000000 
-1.984537 0.000000 
0.292304 0.000000 
-0.210953 0.000000 
0.091370 0.000000 
-0.256084 0.000000 
-0.161030 0.000000 
-0.370065 0.000000 
0.070050 -0.000000 
0.478738 0.000000 
-0.560304 0.000000 
-0.790821 0.000000 
0.831691 -0.000000 
0.220356 -0.000000 
-0.003003 0.000000 
0.712423 0.000000 
-0.252247 0.000000 
0.346708 -0.000000 
0.343732 0.000000 
0.214893 0.000000 
0.235512 -0.000000 
-0.188940 0.000000 
-0.194164 0.000000 
-0.438355 0.000000 
0.107723 0.000000 
-0.274598 0.000000 
-0.822752 -0.000000 
0.817453 0.000000 
0.126059 0.000000 
0.920488 0.000000 
-0.070899 -0.000000 
-0.041906 0.000000 
-0.048012 0.000000 
0.067045 -0.000000 
0.317543 0.000000 
-0.710689 0.000000 
0.488435 -0.000000 
0.285123 -0.000000 
-0.712051 0.000000 
0.225253 -0.000000 
-0.835245 0.000000 
0.275198 -0.000000 
0.437052 0.000000 
0.794047 0.000000 
0.558856 0.000000 
0.589668 -0.000000 
-0.193661 0.000000 
0.195902 -0.000000 
-0.058319 -0.000000 
0.331230 0.000000 
0.694072 -0.000000 
0.329765 0.000000 
-0.158601 -0.000000 
0.165060 0.000000 
-0.334769 -0.000000 
-0.011865 0.000000 
0.041633 0.000000 
0.431846 0.000000 
-0.000065 0.000000 
-0.199642 0.000000 
-0.609895 0.000000 
0.523377 0.000000 
-0.708843 0.000000 
0.267299 -0.000000 
-0.322969 -0.000000 
0.605829 0.000000 
-0.168099 0.000000 
0.189676 0.000000 
-0.167406 -0.000000 
0.611915 -0.000000 
0.276339 0.000000 
0.789126 0.000000 
-0.865577 -0.000000 
-0.285649 -0.000000 
-0.133208 0.000000 
-0.362354 -0.000000 
-0.274698 -0.000000 
0.653262 -0.000000 
0.207069 0.000000 
-0.330428 0.000000 
-0.410968 0.000000 
0.456684 -0.000000 
-0.167892 -0.000000 
-0.177566 0.000000 
0.518668 -0.000000 
0.203579 0.000000 
-0.525070 0.000000 
-0.622199 0.000000 
0.469915 -0.000000 
-0.049177 0.000000 
-0.214287 0.000000 
0.413689 0.000000 
0.195801 -0.000000 
0.656253 0.000000 
-0.450097 0.000000 
0.184328 -0.000000 
0.684061 0.000000 
-0.631124 0.000000 
-0.095531 0.000000 
-0.311850 0.000000 
0.228787 0.000000 
0.610279 0.000000 
-0.447311 0.000000 
0.552060 0.000000 
0.634513 0.000000 
-0.003283 -0.000000 
0.111780 0.000000 
0.351164 0.000000 
0.363915 -0.000000 
-0.227389 -0.000000 
-0.257289 0.000000 
-0.013526 0.000000 
-0.256269 -0.000000 
0.668996 0.000000 
0.169788 0.000000 
0.063785 0.000000 
-0.276843 0.000000 
0.751818 -0.000000 
-0.287179 0.000000 
0.207381 0.000000 
0.468077 0.000000 
-0.716937 0.000000 
0.908517 0.000000 
0.876659 0.000000 
0.136271 0.000000 
0.323993 0.000000 
0.751539 0.000000 
0.365974 0.000000 
-0.266579 0.000000 
-0.060478 0.000000 
-0.645438 -0.000000 
-0.054986 -0.000000 
-0.173053 0.000000 
-0.290550 0.000000 
-0.847225 0.000000 
0.291342 0.000000 
-0.243455 0.000000 
-0.661060 -0.000000 
0.276788 -0.000000 
0.222678 0.000000 
-1.152443 -0.000000 
-0.899353 -0.000000 
0.754932 -0.000000 
0.516234 -0.000000 
-0.246664 0.000000 
-0.286780 0.000000 
0.819445 0.000000 
-0.413029 -0.000000 
0.239985 0.000000 
0.422553 0.000000 
0.498617 0.000000 
0.139520 0.000000 
0.050436 0.000000 
0.062298 -0.000000 
-0.125990 -0.000000 
-0.547917 -0.000000 
-0.104619 -0.000000 
0.420862 0.000000 
0.169285 -0.000000 
0.100880 -0.000000 
0.287897 -0.000000 
-1.160950 0.000000 
-0.795492 0.000000 
-0.280402 0.000000 
0.508451 0.000000 
0.843169 -0.000000 
-0.072515 -0.000000 
-0.705236 0.000000 
-0.189469 -0.000000 
0.024937 0.000000 
-0.021499 -0.000000 
1.140411 0.000000 
0.097552 -0.000000 
-0.564540 -0.000000 
-0.321232 0.000000 
-0.270744 0.000000 
0.246945 0.000000 
-0.241327 -0.000000 
-0.286100 0.000000 
0.394862 0.000000 
0.241622 0.000000 
-0.596584 0.000000 
0.419021 0.000000 
-0.091172 -0.000000 
0.031150 0.000000 
0.220909 0.000000 
-0.135378 0.000000 
-0.259057 0.000000 
-0.940885 0.000000 
-0.219278 0.000000 
0.359696 0.000000 
-0.823185 -0.000000 
0.008143 0.000000 
0.191166 -0.000000 
0.063503 -0.000000 
0.523932 0.000000 
0.077000 0.000000 
0.069229 -0.000000 
-0.126438 0.000000 
-0.292826 0.000000 
-0.054024 0.000000 
1.067359 -0.000000 
-0.536911 0.000000 
-0.237381 0.000000 
0.586074 0.000000 
0.730777 0.000000 
-0.926357 0.000000 
0.438537 -0.000000 
0.011759 0.000000 
-0.943806 0.000000 
-0.167196 0.000000 
1.099202 -0.000000 
0.016818 -0.000000 
0.775809 0.000000 
0.523503 0.000000 
-0.018138 0.000000 
0.808362 -0.000000 
-0.257929 -0.000000 
-0.703164 -0.000000 
0.726866 -0.000000 
0.107734 0.000000 
0.594273 0.000000 
0.105634 0.000000 
1.231727 0.000000 
0.270297 -0.000000 
0.206870 -0.000000 
0.608085 0.000000 
0.577668 0.000000 
-0.849173 0.000000 
0.478519 -0.000000 
-0.174564 -0.000000 
-0.802138 0.000000 
1.155608 0.000000 
-0.524998 0.000000 
-0.158827 0.000000 
0.048760 0.000000 
0.509413 0.000000 
0.066585 -0.000000 
-0.253555 -0.000000 
0.447414 0.000000 
0.065931 0.000000 
0.544782 -0.000000 
0.342181 0.000000 
-0.093056 0.000000 
0.354060 0.000000 
0.914556 0.000000 
0.207892 0.000000 
-0.511845 -0.000000 
0.223422 0.000000 
0.338067 0.000000 
0.158758 -0.000000 
-0.197562 -0.000000 
-0.077980 -0.000000 
0.083614 -0.000000 
-0.745424 -0.000000 
-0.580593 0.000000 
-0.009443 0.000000 
-0.215043 0.000000 
-1.059249 0.000000 
-0.134160 0.000000 
-0.250315 -0.000000 
0.327066 -0.000000 
-0.481227 0.000000 
-0.798109 -0.000000 
0.219633 0.000000 
-0.346053 -0.000000 
0.580157 0.000000 
-0.285213 -0.000000 
1.164395 0.000000 
-0.212108 0.000000 
-0.448496 0.000000 
0.244791 0.000000 
0.835871 0.000000 
0.084461 -0.000000 
-0.161020 0.000000 
0.667397 0.000000 
0.507052 -0.000000 
0.737591 0.000000 
0.254736 0.000000 
-0.264967 0.000000 
0.345457 0.000000 
0.654384 -0.000000 
-0.354114 0.000000 
0.746861 -0.000000 
0.396754 0.000000 
0.097797 -0.000000 
0.277618 0.000000 
-0.253047 0.000000 
-0.475668 0.000000 
0.554032 -0.000000 
-0.279037 0.000000 
0.031578 -0.000000 
-0.163517 0.000000 
0.658746 -0.000000 
0.337407 0.000000 
0.686264 0.000000 
-0.543214 0.000000 
-0.108600 0.000000 
0.178114 0.000000 
-0.034310 0.000000 
-0.432419 0.000000 
1.320484 0.000000 
0.309944 -0.000000 
-0.297209 0.000000 
0.093085 -0.000000 
-0.093441 0.000000 
0.773203 -0.000000 
-0.516471 0.000000 
0.420014 0.000000 
-0.078378 0.000000 
-0.711519 0.000000 
0.005538 0.000000 
-0.506488 0.000000 
-0.993336 -0.000000 
0.650924 -0.000000 
-0.812693 0.000000 
0.081594 0.000000 
0.348712 0.000000 
-0.305496 0.000000 
0.132828 -0.000000 
0.041855 0.000000 
0.544042 -0.000000 
0.184723 -0.000000 
-0.799621 -0.000000 
0.230547 0.000000 
0.258586 -0.000000 
0.185250 0.000000 
-0.811261 -0.000000 
-0.444091 0.000000 
-0.392422 0.000000 
-0.162871 0.000000 
-0.474193 0.000000 
0.347372 0.000000 
0.085245 0.000000 
-0.101032 0.000000 
-0.778703 0.000000 
-0.252478 0.000000 
-0.387313 -0.000000 
0.195984 0.000000 
0.096445 0.000000 
0.819012 -0.000000 
0.748463 0.000000 
0.157180 0.000000 
-0.542906 0.000000 
0.875787 0.000000 
0.452466 -0.000000 
0.286874 -0.000000 
-0.378718 -0.000000 
0.029133 -0.000000 
-0.675424 -0.000000 
-0.547339 0.000000 
-0.134416 0.000000 
0.058338 -0.000000 
0.213413 0.000000 
-0.058637 -0.000000 
-0.146654 0.000000 
-0.173956 0.000000 
0.069100 0.000000 
0.579223 0.000000 
-0.522468 -0.000000 
0.973692 0.000000 
0.353169 0.000000 
-0.098876 0.000000 
-0.197963 0.000000 
0.199076 -0.000000 
0.754172 0.000000 
0.039433 0.000000 
0.672526 0.000000 
0.453347 0.000000 
-0.035036 0.000000 
0.377897 -0.000000 
0.920561 0.000000 
-0.415307 0.000000 
-0.133430 -0.000000 
0.174219 -0.000000 
0.594845 -0.000000 
-0.173506 -0.000000 
-0.535710 0.000000 
0.408835 0.000000 
-0.083280 -0.000000 
0.115152 0.000000 
0.397476 0.000000 
0.615935 -0.000000 
0.319267 -0.000000 
-0.474685 0.000000 
-0.377110 0.000000 
0.396244 0.000000 
0.860040 -0.000000 
-0.226209 0.000000 
0.059994 0.000000 
0.405303 -0.000000 
-0.568061 0.000000 
-0.147157 0.000000 
0.219197 -0.000000 
-0.174466 0.000000 
0.836073 0.000000 
0.477692 0.000000 
0.013414 0.000000 
-0.633520 0.000000 
0.379779 -0.000000 
-0.060940 0.000000 
1.059846 0.000000 
0.059032 0.000000 
0.999278 0.000000 
0.052421 -0.000000 
0.069204 -0.000000 
-0.161801 0.000000 
0.044749 0.000000 
-0.582214 0.000000 
-0.019172 0.000000 
-0.001988 -0.000000 
-0.785897 0.000000 
-0.229841 -0.000000 
0.217302 0.000000 
-0.565949 -0.000000 
-0.802722 0.000000 
0.827351 -0.000000 
-0.094052 -0.000000 
0.667672 0.000000 
-0.660130 0.000000 
0.263761 -0.000000 
0.205415 0.000000 
0.037798 0.000000 
-0.259884 0.000000 
-0.230763 -0.000000 
0.118094 -0.000000 
0.498955 0.000000 
0.113335 0.000000 
0.294700 0.000000 
-0.193508 0.000000 
-0.417870 0.000000 
-0.664271 -0.000000 
-0.380296 0.000000 
-0.396501 -0.000000 
-1.053782 0.000000 
0.009149 -0.000000 
0.158443 0.000000 
-1.044176 -0.000000 
-0.274025 0.000000 
-0.570694 0.000000 
-0.327457 0.000000 
-0.093191 -0.000000 
-0.129881 -0.000000 
-0.306385 -0.000000 
-0.194428 0.000000 
0.003854 0.000000 
-0.456164 -0.000000 
-0.337915 0.000000 
0.017408 0.000000 
0.835482 0.000000 
0.397600 -0.000000 
-0.378394 0.000000 
-0.314936 0.000000 
-0.731133 0.000000 
-0.532240 -0.000000 
-0.199071 0.000000 
0.211084 0.000000 
-0.876812 -0.000000 
-0.561505 -0.000000 
-0.512258 0.000000 
0.394950 0.000000 
-0.371480 0.000000 
-0.255435 0.000000 
-0.947930 -0.000000 
0.043161 0.000000 
0.530742 0.000000 
0.616632 0.000000 
-0.815661 0.000000 
-0.079715 -0.000000 
0.462446 -0.000000 
-0.453437 0.000000 
0.722045 0.000000 
1.135498 0.000000 
-0.465590 0.000000 
0.279162 -0.000000 
-0.177687 -0.000000 
-0.387232 -0.000000 
-0.100587 0.000000 
-0.177972 0.000000 
0.179104 -0.000000 
0.163509 0.000000 
0.610326 0.000000 
0.413342 -0.000000 
0.094683 0.000000 
-1.018647 0.000000 
0.880111 0.000000 
-0.485000 -0.000000 
-0.044201 0.000000 
-0.081788 0.000000 
0.606917 0.000000 
-0.403413 -0.000000 
-0.678616 -0.000000 
1.362072 -0.000000 
0.815852 0.000000 
-0.387395 0.000000 
0.206706 -0.000000 
-0.656486 0.000000 
0.091640 0.000000 
-0.780832 0.000000 
-0.767670 0.000000 
0.338853 -0.000000 
-0.286714 0.000000 
0.839903 0.000000 
0.309961 0.000000 
-0.668043 -0.000000 
0.684853 -0.000000 
-0.390155 0.000000 
0.856834 -0.000000 
0.458000 0.000000 
0.132175 -0.000000 
0.653820 0.000000 
-1.078295 0.000000 
-0.054922 0.000000 
-0.064328 0.000000 
-1.066777 -0.000000 
0.500788 0.000000 
-0.189159 0.000000 
0.354987 0.000000 
0.069424 0.000000 
-1.050391 0.000000 
-0.139076 -0.000000 
-0.286005 0.000000 
0.103371 0.000000 
0.512611 0.000000 
-0.289909 0.000000 
-0.214563 -0.000000 
-1.086671 0.000000 
-0.473758 0.000000 
0.064712 0.000000 
-0.589799 -0.000000 
-0.286054 -0.000000 
-0.532404 0.000000 
0.092271 -0.000000 
0.576710 0.000000 
-0.030428 -0.000000 
0.592439 -0.000000 
0.262063 0.000000 
-0.021478 -0.000000 
-0.284595 0.000000 
-0.151412 0.000000 
-0.782412 0.000000 
-0.646794 0.000000 
-0.745793 -0.000000 
0.579250 0.000000 
0.505271 -0.000000 
-0.101552 0.000000 
0.181982 0.000000 
0.751577 0.000000 
-0.185598 -0.000000 
0.031652 -0.000000 
0.015210 0.000000 
-0.663536 -0.000000 
0.744536 -0.000000 
-0.123386 -0.000000 
0.409227 0.000000 
0.138766 0.000000 
-0.229837 0.000000 
-0.373969 0.000000 
-0.796314 0.000000 
-0.349897 -0.000000 
0.440546 -0.000000 
-0.686830 -0.000000 
-0.394100 0.000000 
0.829019 0.000000 
-0.812295 -0.000000 
0.252023 0.000000 
-0.099533 0.000000 
-0.166231 0.000000 
-0.663280 0.000000 
-0.760760 0.000000 
-0.029123 0.000000 
0.359310 0.000000 
-0.391781 0.000000 
-0.501870 0.000000 
0.152759 0.000000 
-0.193257 -0.000000 
0.119879 0.000000 
1.033067 0.000000 
-0.225843 -0.000000 
1.275688 -0.000000 
-0.994517 -0.000000 
-0.310440 -0.000000 
0.389474 0.000000 
0.353926 0.000000 
0.184028 0.000000 
-0.144731 -0.000000 
0.466883 0.000000 
-0.559310 0.000000 
0.477836 -0.000000 
0.057096 0.000000 
1.947825 0.000000 
-0.558075 0.000000 
0.625013 0.000000 
0.911864 -0.000000 
-0.188703 0.000000 
-0.210211 0.000000 
-0.259920 0.000000 
0.327217 0.000000 
0.927671 0.000000 
-0.039249 0.000000 
0.169910 0.000000 
0.312128 0.000000 
0.086135 0.000000 
0.259176 -0.000000 
-0.472109 0.000000 
0.380880 0.000000 
0.001830 0.000000 
0.079582 -0.000000 
-0.004412 -0.000000 
-0.329331 -0.000000 
1.079030 0.000000 
0.681295 0.000000 
0.388555 0.000000 
0.383081 0.000000 
0.292034 -0.000000 
-0.382313 0.000000 
-0.078347 0.000000 
0.724959 0.000000 
-0.699081 0.000000 
0.281255 -0.000000 
-0.455497 -0.000000 
-0.296278 0.000000 
-0.011167 0.000000 
-0.269223 -0.000000 
-0.182984 0.000000 
0.615756 0.000000 
1.111920 -0.000000 
-0.350202 0.000000 
0.091293 0.000000 
0.042373 0.000000 
0.100664 0.000000 
0.133433 0.000000 
0.215488 -0.000000 
-0.055322 0.000000 
-0.826785 -0.000000 
0.070266 0.000000 
-0.656440 0.000000 
-0.457715 0.000000 
0.727193 -0.000000 
0.336292 -0.000000 
-0.044030 -0.000000 
0.317735 -0.000000 
0.667204 -0.000000 
-0.253127 0.000000 
0.329143 0.000000 
0.468144 0.000000 
0.599421 0.000000 
0.036208 0.000000 
0.025934 0.000000 
-0.203377 0.000000 
-0.095766 0.000000 
0.471688 -0.000000 
-0.211255 0.000000 
0.472832 0.000000 
-0.692549 0.000000 
1.166352 0.000000 
-0.189122 0.000000 
0.024614 0.000000 
0.114769 0.000000 
-0.331664 0.000000 
0.425072 0.000000 
0.628031 0.000000 
0.030776 0.000000 
0.167738 -0.000000 
-0.598026 -0.000000 
-0.453705 -0.000000 
-0.002881 0.000000 
-0.452518 0.000000 
0.370896 0.000000 
-0.405980 0.000000 
-0.109099 0.000000 
-0.438928 0.000000 
-0.478585 -0.000000 
-0.991579 -0.000000 
-0.049176 0.000000 
-0.692284 0.000000 
-0.098843 0.000000 
-0.449385 0.000000 
-0.497914 0.000000 
0.377409 -0.000000 
-0.080962 -0.000000 
-0.196037 -0.000000 
-0.381850 -0.000000 
-0.504461 -0.000000 
0.830942 -0.000000 
0.432501 0.000000 
1.044157 0.000000 
0.654306 0.000000 
0.330703 0.000000 
0.525410 0.000000 
0.864069 0.000000 
0.679873 0.000000 
0.273256 0.000000 
-0.540649 -0.000000 
-0.062765 0.000000 
-0.141728 0.000000 
-0.393179 0.000000 
0.439273 -0.000000 
0.326919 -0.000000 
-0.052706 -0.000000 
0.033218 -0.000000 
-1.005425 0.000000 
-0.584292 0.000000 
-0.397685 -0.000000 
-0.098646 0.000000 
-0.401633 0.000000 
-1.103462 -0.000000 
-0.357534 -0.000000 
0.667153 -0.000000 
0.233416 0.000000 
-1.612140 0.000000 
0.875648 0.000000 
0.110340 -0.000000 
-0.083629 0.000000 
-0.071973 -0.000000 
-0.402590 -0.000000 
0.067603 -0.000000 
0.004233 0.000000 
-0.823551 -0.000000 
-0.001711 0.000000 
-0.400599 0.000000 
-0.670078 0.000000 
-0.276635 -0.000000 
0.488708 0.000000 
-0.489881 -0.000000 
-0.590810 0.000000 
-0.373539 -0.000000 
0.897557 0.000000 
0.060265 -0.000000 
0.680473 -0.000000 
-0.237521 -0.000000 
-0.701303 -0.000000 
0.152514 0.000000 
-0.640296 0.000000 
-0.210456 -0.000000 
0.291305 0.000000 
0.150902 0.000000 
-0.011635 0.000000 
0.030404 0.000000 
0.191971 0.000000 
0.337864 -0.000000 
-0.501162 -0.000000 
-0.427170 -0.000000 
0.393081 0.000000 
0.037998 0.000000 
-0.569141 0.000000 
0.028365 0.000000 
0.666590 0.000000 
-0.002028 0.000000 
-0.655748 0.000000 
-0.007119 -0.000000 
-0.606667 0.000000 
0.437840 -0.000000 
-0.413897 0.000000 
0.155169 0.000000 
0.697622 0.000000 
0.505151 0.000000 
-0.188434 0.000000 
-0.144730 0.000000 
0.642868 0.000000 
0.439200 -0.000000 
-0.107700 0.000000 
0.742664 -0.000000 
-0.159450 0.000000 
0.838321 0.000000 
0.580568 0.000000 
0.183423 -0.000000 
-0.627098 0.000000 
-0.233699 -0.000000 
-0.144750 0.000000 
0.332480 0.000000 
-0.336249 0.000000 
0.095267 0.000000 
0.027959 0.000000 
0.633383 0.000000 
0.279312 0.000000 
0.407216 -0.000000 
-0.222965 0.000000 
0.266130 0.000000 
1.113406 0.000000 
-0.587543 0.000000 
0.064972 0.000000 
-0.861696 0.000000 
-0.422958 0.000000 
-0.264278 0.000000 
-0.270979 0.000000 
0.068164 0.000000 
-0.646996 0.000000 
0.752683 -0.000000 
0.556225 -0.000000 
-0.801505 0.000000 
-0.261228 0.000000 
0.147296 -0.000000 
-0.373669 0.000000 
0.320307 -0.000000 
0.403168 0.000000 
0.228315 0.000000 
0.299653 -0.000000 
1.041550 0.000000 
0.294014 0.000000 
-0.158964 -0.000000 
0.455251 -0.000000 
0.293847 -0.000000 
-0.293675 0.000000 
1.194130 0.000000 
-0.180529 0.000000 
-0.707006 0.000000 
0.566711 0.000000 
0.097028 0.000000 
0.990472 0.000000 
0.039384 -0.000000 
-0.148705 -0.000000 
0.582378 0.000000 
0.139259 0.000000 
-0.620791 0.000000 
-0.734283 -0.000000 
1.329345 -0.000000 
0.255135 -0.000000 
-0.323055 0.000000 
-0.179547 0.000000 
-0.228934 0.000000 
-0.292736 0.000000 
0.152581 -0.000000 
-0.827408 0.000000 
-0.183831 -0.000000 
-0.297607 -0.000000 
-0.150110 -0.000000 
0.117941 0.000000 
0.555831 0.000000 
0.440998 0.000000 
0.066550 0.000000 
0.492068 0.000000 
0.333705 0.000000 
-0.590848 0.000000 
-0.125373 0.000000 
0.536128 0.000000 
-0.061496 -0.000000 
-0.021995 0.000000 
0.075225 -0.000000 
-0.156300 -0.000000 
-0.916511 0.000000 
0.192083 -0.000000 
-0.942707 0.000000 
0.482072 -0.000000 
-0.396222 0.000000 
0.331032 -0.000000 
0.060172 0.000000 
0.474980 0.000000 
0.577950 0.000000 
-0.406115 0.000000 
0.718662 0.000000 
-0.546697 0.000000 
-0.775143 0.000000 
0.044934 0.000000 
0.782576 0.000000 
0.558627 0.000000 
0.090762 0.000000 
0.233633 0.000000 
0.999377 0.000000 
-0.101817 0.000000 
0.284631 0.000000 
0.316049 -0.000000 
0.384243 -0.000000 
0.218070 0.000000 
0.298862 0.000000 
-0.744606 0.000000 
-0.125773 0.000000 
0.146675 0.000000 
-0.033053 -0.000000 
0.775679 0.000000 
0.027627 0.000000 
0.555472 -0.000000 
0.547922 0.000000 
0.817087 0.000000 
-1.607449 0.000000 
0.700926 0.000000 
0.227114 -0.000000 
0.296187 0.000000 
0.035703 0.000000 
-0.178338 0.000000 
0.114001 -0.000000 
-0.506831 0.000000 
-1.312238 0.000000 
0.660717 -0.000000 
0.055906 0.000000 
-0.165727 0.000000 
0.067817 0.000000 
0.163541 -0.000000 
-0.751474 0.000000 
0.841107 0.000000 
-0.293681 -0.000000 
-0.541580 0.000000 
0.685561 0.000000 
-1.588945 0.000000 
-0.185854 -0.000000 
-0.626725 -0.000000 
0.039417 0.000000 
-0.278113 0.000000 
0.035705 0.000000 
-0.738217 -0.000000 
0.061607 -0.000000 
0.860702 -0.000000 
0.203302 0.000000 
-0.118127 0.000000 
0.473606 0.000000 
0.377855 0.000000 
-0.161279 -0.000000 
0.736467 0.000000 
-0.119303 -0.000000 
0.539412 0.000000 
-0.027652 0.000000 
-0.033978 0.000000 
0.461186 0.000000 
0.649682 0.000000 
0.825435 0.000000 
-0.886370 0.000000 
-0.403135 0.000000 
-0.152424 0.000000 
-0.388839 -0.000000 
-0.116846 0.000000 
-0.137949 0.000000 
0.057789 -0.000000 
-0.433161 0.000000 
-0.025239 0.000000 
-0.824455 0.000000 
-0.085966 -0.000000 
0.095761 0.000000 
0.024261 0.000000 
1.578586 0.000000 
0.701758 -0.000000 
0.508372 -0.000000 
-0.483423 -0.000000 
-0.427770 0.000000 
-0.754632 0.000000 
-0.459021 0.000000 
1.010145 0.000000 
-0.493559 -0.000000 
-0.027538 0.000000 
-0.965112 0.000000 
-0.218989 0.000000 
0.608966 0.000000 
-0.499338 -0.000000 
0.502497 0.000000 
-0.299001 -0.000000 
0.082612 0.000000 
0.635330 0.000000 
-0.025279 -0.000000 
-0.365629 0.000000 
-0.526477 -0.000000 
0.201445 -0.000000 
0.410298 0.000000 
0.712497 0.000000 
-0.025736 0.000000 
0.764091 0.000000 
0.178500 -0.000000 
-0.160884 0.000000 
0.653296 0.000000 
0.107564 -0.000000 
0.388661 0.000000 
-0.016998 0.000000 
0.699909 0.000000 
0.232391 -0.000000 
0.943391 0.000000 
1.191423 0.000000 
-0.380029 -0.000000 
-0.092249 -0.000000 
-0.083091 0.000000 
0.685142 0.000000 
-0.215842 0.000000 
0.197760 0.000000 
0.733775 0.000000 
-0.928925 -0.000000 
0.445328 0.000000 
0.864790 -0.000000 
0.415907 0.000000 
0.112667 0.000000 
0.453266 -0.000000 
0.221055 0.000000 
0.074774 0.000000 
0.351159 0.000000 
0.820662 0.000000 
0.449565 0.000000 
0.195458 0.000000 
-0.253410 0.000000 
0.081416 0.000000 
-0.632463 -0.000000 
-0.620452 0.000000 
0.419326 0.000000 
0.308178 0.000000 
0.562161 0.000000 
0.038129 -0.000000 
0.645711 0.000000 
0.261576 -0.000000 
-0.352477 0.000000 
-0.259881 0.000000 
-0.541682 0.000000 
0.331328 -0.000000 
0.018156 0.000000 
0.018410 0.000000 
0.641614 -0.000000 
0.497640 0.000000 
-0.340078 -0.000000 
-1.569114 0.000000 
-0.820056 0.000000 
0.002751 0.000000 
-0.112380 0.000000 
0.309641 0.000000 
-0.506966 0.000000 
0.745113 -0.000000 
0.291832 0.000000 
-0.171491 0.000000 
0.233141 0.000000 
0.322516 -0.000000 
-0.819620 0.000000 
-0.018234 0.000000 
0.202286 -0.000000 
0.376898 0.000000 
-0.104464 0.000000 
-0.683426 0.000000 
0.018760 0.000000 
0.381751 0.000000 
0.141701 0.000000 
1.000761 0.000000 
0.411585 0.000000 
0.325829 0.000000 
0.472826 0.000000 
0.850975 0.000000 
0.293048 -0.000000 
0.114866 0.000000 
-0.178794 -0.000000 
0.215132 0.000000 
-0.035326 -0.000000 
0.124970 0.000000 
0.583501 -0.000000 
-0.150001 -0.000000 
0.389505 -0.000000 
-0.221133 0.000000 
0.772370 0.000000 
0.006280 0.000000 
-0.490709 -0.000000 
0.089772 0.000000 
-0.484470 -0.000000 
0.013868 -0.000000 
0.131857 -0.000000 
-0.187468 0.000000 
-0.039138 0.000000 
0.016860 -0.000000 
-0.661028 0.000000 
0.458553 -0.000000 
0.844946 -0.000000 
-0.673869 -0.000000 
0.256810 -0.000000 
0.379285 0.000000 
-0.016314 -0.000000 
0.808427 0.000000 
-0.567635 0.000000 
0.270343 -0.000000 
-0.406904 0.000000 
0.226765 0.000000 
0.759372 0.000000 
-0.156342 0.000000 
0.424949 0.000000 
-0.508805 -0.000000 
-0.399416 0.000000 
-0.792863 0.000000 
0.364548 -0.000000 
0.413786 -0.000000 
-0.150608 0.000000 
0.077413 0.000000 
0.423869 0.000000 
0.826915 -0.000000 
0.285862 0.000000 
0.025173 -0.000000 
-0.411214 0.000000 
0.367552 0.000000 
0.274900 -0.000000 
-0.071457 -0.000000 
-0.038106 0.000000 
0.617893 0.000000 
-0.490300 0.000000 
0.117403 0.000000 
-0.733999 -0.000000 
-0.161819 -0.000000 
0.840030 0.000000 
-0.250597 0.000000 
0.425912 -0.000000 
1.076826 0.000000 
0.133541 0.000000 
-0.144463 0.000000 
0.559725 0.000000 
0.470279 0.000000 
-0.157626 0.000000 
-0.244640 0.000000 
-0.078582 0.000000 
0.537268 -0.000000 
1.178338 0.000000 
1.076563 0.000000 
0.179499 0.000000 
0.348584 0.000000 
-0.126287 0.000000 
-0.232211 0.000000 
0.095141 -0.000000 
-0.301564 -0.000000 
-0.259539 0.000000 
0.153619 0.000000 
0.134509 0.000000 
-0.442618 -0.000000 
-0.095294 0.000000 
0.869899 0.000000 
0.275465 0.000000 
0.500726 -0.000000 
0.018967 -0.000000 
-0.461704 0.000000 
0.063422 0.000000 
0.222258 -0.000000 
-0.850800 -0.000000 
0.092383 0.000000 
1.479541 0.000000 
0.427752 0.000000 
0.139294 0.000000 
0.189177 0.000000 
-0.129392 0.000000 
-0.003430 0.000000 
-0.798644 -0.000000 
0.441670 0.000000 
0.477857 0.000000 
-0.001554 0.000000 
-0.182084 0.000000 
0.100662 0.000000 
-0.311422 -0.000000 
0.352078 0.000000 
0.125466 0.000000 
0.643271 0.000000 
-0.447174 0.000000 
-0.634115 0.000000 
0.712579 0.000000 
-0.081587 -0.000000 
-0.538714 -0.000000 
0.116795 -0.000000 
-0.188541 0.000000 
0.297070 -0.000000 
-0.473468 0.000000 
0.488272 0.000000 
-0.655596 0.000000 
-0.321108 -0.000000 
0.319742 -0.000000 
-0.301871 0.000000 
-1.367845 0.000000 
0.442225 0.000000 
-0.801980 0.000000 
-0.237286 -0.000000 
-0.088304 0.000000 
0.141355 0.000000 
-0.557250 0.000000 
0.252158 0.000000 
-0.480302 -0.000000 
0.930406 0.000000 
0.562000 0.000000 
-0.349485 -0.000000 
0.253423 0.000000 
0.227060 0.000000 
-0.211465 0.000000 
-0.517642 -0.000000 
-1.365783 -0.000000 
-1.202463 0.000000 
0.340132 0.000000 
0.142491 0.000000 
0.201659 -0.000000 
0.060549 0.000000 
0.359466 0.000000 
-0.919823 0.000000 
-0.420747 0.000000 
-0.356833 0.000000 
0.263387 -0.000000 
0.685772 0.000000 
-0.091361 0.000000 
0.350788 0.000000 
-0.427995 -0.000000 
-0.413000 0.000000 
-0.436481 -0.000000 
-0.338266 0.000000 
-0.367228 0.000000 
0.450001 0.000000 
0.491435 0.000000 
-0.310075 0.000000 
-0.738969 -0.000000 
0.237414 -0.000000 
1.146838 0.000000 
0.018411 0.000000 
0.655018 0.000000 
-0.926384 -0.000000 
-0.177351 0.000000 
0.384848 -0.000000 
-0.060568 -0.000000 
0.093801 0.000000 
-0.040163 0.000000 
-0.200213 0.000000 
0.884895 0.000000 
-0.247103 0.000000 
-0.375376 -0.000000 
-0.166209 -0.000000 
-0.107971 0.000000 
-0.439937 0.000000 
-0.349378 0.000000 
-0.334698 -0.000000 
0.629494 0.000000 
0.247867 -0.000000 
0.071914 -0.000000 
-0.159264 0.000000 
0.013280 0.000000 
0.033899 0.000000 
-0.456834 0.000000 
0.262958 0.000000 
0.015262 0.000000 
0.185214 0.000000 
0.216269 0.000000 
-0.221725 -0.000000 
0.245702 0.000000 
0.047061 -0.000000 
0.100240 0.000000 
0.514992 -0.000000 
0.175089 -0.000000 
-0.337747 0.000000 
0.301871 0.000000 
0.202153 0.000000 
-0.383967 0.000000 
0.447510 -0.000000 
0.148004 0.000000 
0.025948 0.000000 
-0.175516 0.000000 
0.689992 0.000000 
0.232227 0.000000 
-0.109245 0.000000 
-0.364171 0.000000 
-0.195850 0.000000 
0.222867 0.000000 
-0.187899 0.000000 
-0.328724 -0.000000 
-1.182365 0.000000 
-1.171347 0.000000 
0.336907 -0.000000 
-0.267683 0.000000 
-0.144181 0.000000 
0.710719 -0.000000 
-0.436499 -0.000000 
-0.863189 0.000000 
0.113751 -0.000000 
0.223732 -0.000000 
0.232299 0.000000 
0.629060 0.000000 
0.262560 0.000000 
-0.175516 0.000000 
-0.330145 0.000000 
-0.070184 -0.000000 
0.159015 -0.000000 
-0.037320 0.000000 
-0.821119 0.000000 
0.948594 -0.000000 
-0.414949 0.000000 
0.230056 -0.000000 
0.094905 0.000000 
-0.031159 0.000000 
0.297258 0.000000 
-1.012587 0.000000 
0.500564 0.000000 
-0.411814 0.000000 
0.388604 0.000000 
0.257576 0.000000 
-0.328269 0.000000 
1.705011 0.000000 
-0.545687 0.000000 
-0.235527 0.000000 
-0.382803 0.000000 
0.281056 0.000000 
0.622451 0.000000 
0.339973 0.000000 
0.658323 0.000000 
-0.047734 -0.000000 
0.939249 0.000000 
-0.315727 -0.000000 
-0.952176 0.000000 
-0.116784 -0.000000 
-0.459159 0.000000 
-0.686927 0.000000 
0.231211 0.000000 
-0.062232 0.000000 
-0.360782 0.000000 
0.066499 -0.000000 
0.426441 0.000000 
-0.041889 -0.000000 
-0.095469 0.000000 
0.424467 0.000000 
0.132841 -0.000000 
0.237350 -0.000000 
0.124627 0.000000 
-1.077573 0.000000 
0.564513 -0.000000 
-0.049314 -0.000000 
-0.282294 0.000000 
0.013342 0.000000 
0.166289 0.000000 
-0.342582 -0.000000 
-0.290885 0.000000 
0.257127 -0.000000 
-0.282373 -0.000000 
-0.426625 0.000000 
-0.143981 -0.000000 
-0.033952 -0.000000 
0.071722 -0.000000 
0.749037 0.000000 
-0.134179 0.000000 
-0.261501 0.000000 
-0.201309 0.000000 
0.444998 0.000000 
0.046539 0.000000 
0.515546 -0.000000 
-0.229969 0.000000 
-0.790328 -0.000000 
0.373143 -0.000000 
-0.025794 0.000000 
0.317975 0.000000 
0.205115 -0.000000 
0.442615 -0.000000 
0.039195 -0.000000 
0.291882 -0.000000 
-0.228646 0.000000 
-0.274708 0.000000 
0.365223 0.000000 
-0.842279 -0.000000 
-1.002037 0.000000 
0.482168 0.000000 
0.119110 0.000000 
-1.367366 0.000000 
-0.416487 0.000000 
0.522567 -0.000000 
-0.460136 -0.000000 
0.001501 0.000000 
-0.633045 0.000000 
0.458242 0.000000 
0.660236 -0.000000 
0.360060 0.000000 
0.423445 -0.000000 
-0.915256 -0.000000 
0.403994 0.000000 
0.053923 0.000000 
-0.023778 0.000000 
0.208793 0.000000 
-0.688284 0.000000 
1.018860 -0.000000 
0.071252 0.000000 
0.170035 -0.000000 
-0.563698 -0.000000 
0.188933 0.000000 
-0.329631 -0.000000 
-0.145792 0.000000 
-0.411366 0.000000 
-0.168014 0.000000 
0.190014 -0.000000 
0.309961 -0.000000 
0.294025 0.000000 
-0.209137 0.000000 
-0.451362 0.000000 
0.290064 -0.000000 
-0.803369 -0.000000 
-0.302213 -0.000000 
0.848519 0.000000 
-0.208326 0.000000 
-0.479062 0.000000 
0.002344 -0.000000 
0.472129 -0.000000 
-0.488235 0.000000 
-0.699085 0.000000 
0.630399 0.000000 
0.227055 0.000000 
0.312050 0.000000 
-1.023270 0.000000 
-0.504521 0.000000 
0.175662 0.000000 
0.273780 0.000000 
0.689676 -0.000000 
0.022260 0.000000 
0.200927 0.000000 
-0.101162 0.000000 
-0.204574 -0.000000 
0.239959 0.000000 
0.182609 -0.000000 
-0.876720 0.000000 
-0.049645 0.000000 
-0.548443 0.000000 
-0.322728 -0.000000 
0.072889 0.000000 
0.042549 0.000000 
-0.376109 0.000000 
0.385623 0.000000 
-0.224108 0.000000 
-0.765289 0.000000 
0.138189 -0.000000 
0.065158 0.000000 
0.839971 0.000000 
0.024373 -0.000000 
-0.660728 0.000000 
-1.026319 -0.000000 
0.572214 0.000000 
-1.283433 0.000000 
-0.546177 0.000000 
-0.250627 0.000000 
0.448944 0.000000 
-0.130206 0.000000 
-0.810974 -0.000000 
0.761899 0.000000 
0.439543 -0.000000 
0.425595 -0.000000 
0.395521 -0.000000 
-0.101346 -0.000000 
0.474420 -0.000000 
-0.609714 -0.000000 
0.015125 0.000000 
-0.051358 -0.000000 
0.779300 -0.000000 
0.788971 -0.000000 
-0.799099 0.000000 
0.567804 -0.000000 
-0.082319 0.000000 
0.341368 -0.000000 
-0.054693 0.000000 
0.099976 -0.000000 
0.539930 0.000000 
0.069029 0.000000 
0.427490 0.000000 
-0.241829 0.000000 
-0.434300 0.000000 
-0.760712 0.000000 
-0.519280 -0.000000 
-0.189046 -0.000000 
-0.763217 0.000000 
-0.176272 0.000000 
0.247854 0.000000 
0.235440 0.000000 
0.114066 0.000000 
0.506783 0.000000 
0.125526 0.000000 
0.435791 -0.000000 
-0.199332 0.000000 
-0.157327 -0.000000 
0.790458 -0.000000 
0.467948 0.000000 
-0.620262 0.000000 
0.242144 0.000000 
-0.101945 0.000000 
-0.210413 0.000000 
0.212606 -0.000000 
-0.229808 0.000000 
0.341273 0.000000 
0.017989 0.000000 
0.050674 0.000000 
-1.191573 -0.000000 
-0.164269 -0.000000 
-0.551326 0.000000 
-0.059478 0.000000 
-1.141444 0.000000 
1.029747 0.000000 
-0.208867 0.000000 
-0.733814 0.000000 
-0.098899 0.000000 
-0.115779 0.000000 
-0.218325 -0.000000 
0.666326 0.000000 
0.609997 0.000000 
-1.353416 0.000000 
-0.432503 0.000000 
0.598674 -0.000000 
-0.122405 0.000000 
-0.169214 0.000000 
0.176882 0.000000 
0.542688 0.000000 
0.365566 0.000000 
0.161742 0.000000 
-0.033054 0.000000 
-0.814653 -0.000000 
-0.401762 0.000000 
0.050463 0.000000 
-0.013346 0.000000 
-0.060350 -0.000000 
0.461627 0.000000 
-0.040780 0.000000 
0.151567 0.000000 
-0.086201 0.000000 
0.080471 -0.000000 
1.049457 -0.000000 
-0.189011 0.000000 
-0.013166 0.000000 
0.167037 -0.000000 
-0.074543 0.000000 
0.738935 0.000000 
-0.076295 -0.000000 
0.150743 -0.000000 
0.726008 0.000000 
0.238203 0.000000 
0.093783 0.000000 
0.765188 0.000000 
0.143254 0.000000 
0.206394 0.000000 
1.039026 -0.000000 
-0.978746 0.000000 
0.106489 0.000000 
0.185693 0.000000 
-0.166187 0.000000 
0.670540 -0.000000 
0.518557 0.000000 
0.309908 0.000000 
0.227579 -0.000000 
0.783899 -0.000000 
0.409450 -0.000000 
0.326404 -0.000000 
1.247515 -0.000000 
-0.384933 -0.000000 
0.370758 0.000000 
0.212305 0.000000 
0.854950 -0.000000 
-0.003277 0.000000 
-0.148900 0.000000 
-0.362579 0.000000 
-0.091609 0.000000 
-0.133825 0.000000 
0.784142 0.000000 
-0.203985 -0.000000 
-0.190261 0.000000 
-0.408730 0.000000 
0.268523 0.000000 
-0.044837 0.000000 
0.085017 0.000000 
0.583931 0.000000 
-0.195442 0.000000 
0.800467 0.000000 
0.220575 0.000000 
0.038535 -0.000000 
0.557362 -0.000000 
0.234958 -0.000000 
0.756096 0.000000 
-0.764902 0.000000 
0.244053 0.000000 
-0.041370 -0.000000 
-0.497588 0.000000 
-0.188087 0.000000 
1.159684 0.000000 
-0.369934 -0.000000 
0.218048 0.000000 
0.549196 0.000000 
-0.508132 -0.000000 
-1.153068 0.000000 
0.942331 -0.000000 
0.010076 0.000000 
-0.324011 0.000000 
-0.000697 0.000000 
-0.994213 -0.000000 
0.490376 0.000000 
0.367046 0.000000 
-0.636101 0.000000 
-0.126405 0.000000 
-0.239839 0.000000 
-0.757514 0.000000 
0.474366 0.000000 
-0.758986 0.000000 
0.340159 0.000000 
-0.214168 0.000000 
0.176776 0.000000 
0.094461 -0.000000 
-1.043029 0.000000 
-0.701634 -0.000000 
0.176472 0.000000 
0.134341 0.000000 
-0.545716 0.000000 
0.095446 0.000000 
0.300549 0.000000 
-0.054951 0.000000 
0.017792 0.000000 
0.043331 0.000000 
0.450823 0.000000 
0.379617 0.000000 
0.673473 0.000000 
-1.200674 0.000000 
-0.592839 0.000000 
0.575238 -0.000000 
0.097700 0.000000 
-0.682459 0.000000 
-0.277668 -0.000000 
-0.883145 0.000000 
0.168674 0.000000 
0.394667 0.000000 
-0.053735 0.000000 
1.136869 0.000000 
0.967359 0.000000 
-0.085771 0.000000 
0.087584 -0.000000 
-0.173920 -0.000000 
0.016236 0.000000 
-0.340958 0.000000 
0.204497 0.000000 
0.215444 0.000000 
0.303640 -0.000000 
0.310805 0.000000 
0.908771 0.000000 
0.294711 0.000000 
-0.592121 -0.000000 
-0.973246 0.000000 
-0.931058 -0.000000 
0.438083 0.000000 
0.025582 0.000000 
0.397865 -0.000000 
0.081062 0.000000 
-0.078512 0.000000 
-0.000910 0.000000 
-0.525586 0.000000 
0.418920 0.000000 
0.473983 -0.000000 
-0.667775 0.000000 
0.393452 -0.000000 
-0.864259 0.000000 
-0.675456 -0.000000 
-0.742943 0.000000 
0.614646 0.000000 
0.702416 0.000000 
-0.407486 0.000000 
-0.044820 -0.000000 
0.020315 -0.000000 
0.551701 0.000000 
0.161146 -0.000000 
0.924651 -0.000000 
-0.101158 -0.000000 
0.373191 0.000000 
-0.356041 0.000000 
-0.040057 -0.000000 
-1.068585 0.000000 
0.702000 0.000000 
-0.282641 0.000000 
-0.711084 -0.000000 
0.825907 -0.000000 
0.091796 0.000000 
-0.318716 0.000000 
-0.337320 -0.000000 
-0.298278 0.000000 
0.537584 0.000000 
-0.468645 -0.000000 
0.165613 0.000000 
0.239332 0.000000 
0.324787 0.000000 
0.031308 0.000000 
0.397999 0.000000 
-0.674396 -0.000000 
0.106547 -0.000000 
0.657798 0.000000 
-0.127654 -0.000000 
-1.383614 -0.000000 
0.627429 0.000000 
0.293521 0.000000 
0.533939 -0.000000 
-0.532184 0.000000 
0.188368 0.000000 
-0.393525 0.000000 
-0.438837 0.000000 
0.206475 0.000000 
0.071844 0.000000 
-0.362974 -0.000000 
-0.047583 -0.000000 
0.202534 0.000000 
0.921017 0.000000 
0.426121 -0.000000 
0.069649 -0.000000 
-0.521721 0.000000 
-0.249347 -0.000000 
0.047529 -0.000000 
0.214287 0.000000 
0.077279 0.000000 
-0.216470 0.000000 
-0.224703 0.000000 
-0.772608 0.000000 
-0.838249 0.000000 
-0.123489 0.000000 
-0.269709 0.000000 
0.487232 0.000000 
0.629390 0.000000 
0.593724 0.000000 
-0.021390 -0.000000 
-0.748626 0.000000 
0.095361 0.000000 
0.088610 0.000000 
-0.638732 -0.000000 
-0.561616 0.000000 
-0.386220 0.000000 
-0.227582 0.000000 
0.069677 0.000000 
0.113136 -0.000000 
0.062492 -0.000000 
-0.671327 0.000000 
0.100501 0.000000 
-0.043115 0.000000 
0.801796 0.000000 
0.369840 -0.000000 
0.589558 0.000000 
1.059208 0.000000 
-0.653237 -0.000000 
-0.514012 0.000000 
-0.263235 0.000000 
-0.179795 0.000000 
0.875824 0.000000 
-0.205330 0.000000 
-0.404270 -0.000000 
0.512153 -0.000000 
0.224335 0.000000 
0.604077 0.000000 
-0.220158 -0.000000 
-0.097235 0.000000 
-0.557167 0.000000 
-0.025175 0.000000 
0.537872 0.000000 
-0.150150 0.000000 
-0.223488 0.000000 
-0.207077 0.000000 
0.619120 0.000000 
-0.098485 -0.000000 
-0.301687 0.000000 
-0.683806 0.000000 
-0.623862 0.000000 
-0.418232 0.000000 
-0.097995 -0.000000 
-0.219856 0.000000 
0.536136 -0.000000 
0.530208 0.000000 
0.221233 -0.000000 
0.776033 -0.000000 
0.602803 0.000000 
-0.601700 -0.000000 
0.172088 -0.000000 
-0.106169 -0.000000 
0.683905 0.000000 
-0.385546 0.000000 
-0.967270 -0.000000 
0.816343 0.000000 
-0.758556 0.000000 
0.864206 -0.000000 
0.333353 0.000000 
0.705264 0.000000 
-0.279336 -0.000000 
0.187686 0.000000 
0.553552 0.000000 
0.453766 0.000000 
0.310131 0.000000 
0.306706 0.000000 
-1.035397 0.000000 
0.589059 0.000000 
-0.410327 0.000000 
0.649100 0.000000 
0.395971 -0.000000 
0.396225 0.000000 
-0.960673 0.000000 
-0.216341 0.000000 
0.782243 0.000000 
0.257971 0.000000 
-1.257025 -0.000000 
0.504133 0.000000 
0.996515 -0.000000 
-0.779702 -0.000000 
-0.536358 -0.000000 
-0.273521 0.000000 
-0.564486 0.000000 
-0.525549 0.000000 
-0.503268 0.000000 
0.049414 -0.000000 
0.448876 0.000000 
-1.068128 0.000000 
-0.371346 0.000000 
0.414357 -0.000000 
0.265140 0.000000 
-0.283890 0.000000 
0.196116 -0.000000 
-0.283162 0.000000 
-0.265096 0.000000 
0.951069 0.000000 
-0.264498 0.000000 
-0.292277 0.000000 
-0.301190 0.000000 
-0.381972 -0.000000 
-0.252058 0.000000 
-0.045696 0.000000 
-0.317359 0.000000 
-0.190926 -0.000000 
-0.680666 -0.000000 
0.334410 0.000000 
-0.011393 0.000000 
0.097213 -0.000000 
-0.278224 0.000000 
0.153064 0.000000 
0.367287 0.000000 
-0.980506 -0.000000 
-0.405877 0.000000 
-0.036530 -0.000000 
0.060545 -0.000000 
-0.313558 0.000000 
-0.833366 0.000000 
0.337777 0.000000 
-0.628019 -0.000000 
0.262670 0.000000 
-0.112933 0.000000 
1.181192 0.000000 
0.158038 0.000000 
-0.569539 0.000000 
-0.593120 0.000000 
-0.333393 0.000000 
-0.677007 0.000000 
0.149454 0.000000 
0.549313 -0.000000 
-0.761209 0.000000 
-0.044815 0.000000 
-0.184103 -0.000000 
-0.220250 0.000000 
-0.035411 0.000000 
-0.359316 0.000000 
0.827882 -0.000000 
-0.332040 0.000000 
0.593310 -0.000000 
-0.138825 0.000000 
0.417724 -0.000000 
0.444390 0.000000 
0.205106 0.000000 
0.494917 0.000000 
-0.115923 -0.000000 
0.398953 -0.000000 
0.204917 0.000000 
-0.706862 -0.000000 
-0.700671 0.000000 
0.520447 -0.000000 
-0.281674 -0.000000 
0.244168 -0.000000 
-0.292535 -0.000000 
-0.435213 -0.000000 
-0.751514 0.000000 
-0.518350 0.000000 
-0.999241 0.000000 
-0.144971 0.000000 
0.860445 0.000000 
-0.056200 0.000000 
0.303105 0.000000 
0.405505 0.000000 
-0.529910 0.000000 
-0.071755 0.000000 
0.227706 -0.000000 
0.681031 0.000000 
-0.452951 0.000000 
0.338314 -0.000000 
0.666271 0.000000 
0.705892 -0.000000 
-0.159448 0.000000 
-0.023415 0.000000 
-0.851314 0.000000 
0.013374 0.000000 
-0.475411 0.000000 
0.164843 0.000000 
-0.507921 0.000000 
0.500715 0.000000 
0.678173 -0.000000 
0.610539 0.000000 
0.345697 0.000000 
-0.197853 0.000000 
-0.532861 -0.000000 
-0.236935 -0.000000 
0.657802 0.000000 
0.067050 0.000000 
-0.533828 0.000000 
0.593496 -0.000000 
-0.260256 0.000000 
-0.143707 0.000000 
-0.048712 -0.000000 
0.188760 0.000000 
0.387144 0.000000 
0.767542 0.000000 
0.081569 0.000000 
0.304289 -0.000000 
-0.005106 0.000000 
-0.828521 -0.000000 
0.285905 0.000000 
0.424934 -0.000000 
0.880690 0.000000 
0.528584 0.000000 
0.822827 -0.000000 
0.469497 0.000000 
0.579545 -0.000000 
0.770539 0.000000 
0.732364 0.000000 
-0.016277 -0.000000 
0.258938 -0.000000 
0.934253 0.000000 
-0.071936 0.000000 
-1.022559 0.000000 
-0.238861 -0.000000 
0.719768 0.000000 
0.323875 -0.000000 
0.499728 -0.000000 
-0.254341 -0.000000 
0.814419 0.000000 
0.725838 -0.000000 
-0.644452 -0.000000 
-0.690674 -0.000000 
-1.015154 0.000000 
0.234745 0.000000 
-0.014752 0.000000 
-0.122720 -0.000000 
-0.101035 0.000000 
0.277729 0.000000 
0.328118 0.000000 
-0.277329 0.000000 
-0.486932 0.000000 
-0.402841 0.000000 
0.487219 -0.000000 
-0.878535 0.000000 
-0.270685 0.000000 
1.615267 0.000000 
0.740184 -0.000000 
-0.317067 0.000000 
0.104755 0.000000 
0.012813 0.000000 
-0.179345 0.000000 
-0.139768 -0.000000 
-0.118759 0.000000 
-0.135607 0.000000 
-0.340879 0.000000 
-0.487441 0.000000 
-0.109080 0.000000 
0.296493 0.000000 
-0.107627 0.000000 
0.081722 -0.000000 
-0.022787 -0.000000 
-0.512964 0.000000 
0.687001 -0.000000 
0.085370 0.000000 
0.040587 -0.000000 
0.075809 -0.000000 
0.916524 -0.000000 
0.925265 0.000000 
0.026976 0.000000 
0.228720 0.000000 
0.742827 -0.000000 
-0.174444 -0.000000 
0.106466 0.000000 
-0.078126 0.000000 
-0.248473 0.000000 
-0.085257 -0.000000 
-0.213676 0.000000 
0.555412 -0.000000 
0.387711 0.000000 
0.217374 0.000000 
0.753233 0.000000 
-0.831734 0.000000 
-0.216851 -0.000000 
-0.001433 -0.000000 
-0.039754 -0.000000 
0.210717 0.000000 
-1.221661 -0.000000 
0.882981 0.000000 
0.583265 0.000000 
-0.520871 0.000000 
-0.540751 -0.000000 
-0.648726 -0.000000 
0.114131 0.000000 
0.092881 -0.000000 
-0.414706 0.000000 
-1.178309 0.000000 
0.207503 0.000000 
-0.226330 0.000000 
0.054829 -0.000000 
-0.394861 0.000000 
-0.151332 -0.000000 
0.414699 -0.000000 
0.996594 0.000000 
1.126721 0.000000 
-0.427762 0.000000 
-0.566149 0.000000 
0.249190 0.000000 
-0.240023 0.000000 
-0.057319 -0.000000 
0.377043 0.000000 
0.213771 0.000000 
-0.560982 0.000000 
1.066691 0.000000 
0.005635 0.000000 
-0.429605 0.000000 
0.220548 0.000000 
0.132026 0.000000 
-0.852836 -0.000000 
-0.520962 0.000000 
0.077232 -0.000000 
-1.325881 0.000000 
-0.499297 0.000000 
0.388270 -0.000000 
-0.640620 0.000000 
0.755663 0.000000 
0.673173 -0.000000 
0.215524 0.000000 
0.725809 0.000000 
0.040955 -0.000000 
0.109214 -0.000000 
0.041009 -0.000000 
-1.191633 0.000000 
0.806239 0.000000 
-0.146882 -0.000000 
-0.035211 0.000000 
-0.245378 -0.000000 
-0.300523 0.000000 
-0.374165 -0.000000 
1.151162 0.000000 
0.271260 0.000000 
0.100544 0.000000 
-0.106940 0.000000 
-0.060698 0.000000 
-0.191773 -0.000000 
0.219961 -0.000000 
-0.136190 -0.000000 
0.409443 -0.000000 
-0.047337 0.000000 
-0.456699 -0.000000 
0.007448 0.000000 
0.310656 -0.000000 
-0.141697 0.000000 
0.152471 -0.000000 
0.404322 0.000000 
0.399924 -0.000000 
0.417313 0.000000 
-0.318212 0.000000 
0.362575 0.000000 
0.004651 -0.000000 
1.296621 0.000000 
0.620859 0.000000 
0.114180 0.000000 
-0.797517 -0.000000 
-0.682248 0.000000 
-0.311044 0.000000 
0.270638 -0.000000 
-0.642394 0.000000 
0.095274 0.000000 
0.407627 0.000000 
-0.128793 0.000000 
0.590546 0.000000 
-0.026413 0.000000 
-0.067931 0.000000 
-1.063063 -0.000000 
-0.750369 0.000000 
-0.278891 0.000000 
0.001879 0.000000 
0.099838 0.000000 
0.144023 0.000000 
-0.492970 -0.000000 
0.616805 -0.000000 
0.079093 -0.000000 
0.751799 0.000000 
0.399985 0.000000 
-0.127443 0.000000 
0.146274 0.000000 
0.225182 -0.000000 
-0.475103 -0.000000 
-0.047718 0.000000 
-0.189629 -0.000000 
0.468017 0.000000 
0.339258 0.000000 
-0.713402 -0.000000 
0.335397 0.000000 
-0.380184 -0.000000 
-0.897500 0.000000 
0.209131 0.000000 
-0.270853 0.000000 
0.513817 0.000000 
0.127934 0.000000 
0.011528 0.000000 
-0.132207 -0.000000 
-0.027762 -0.000000 
-0.473768 0.000000 
-1.109596 0.000000 
-1.104556 0.000000 
-0.440102 0.000000 
-0.314514 0.000000 
0.500299 -0.000000 
-1.664662 0.000000 
0.206378 0.000000 
-0.277685 -0.000000 
0.586455 0.000000 
0.211994 0.000000 
0.488882 -0.000000 
-0.429271 0.000000 
0.307857 0.000000 
0.838600 0.000000 
-0.744266 -0.000000 
1.156261 -0.000000 
-0.509709 0.000000 
0.071977 0.000000 
-0.364690 0.000000 
-0.263881 -0.000000 
-0.454862 0.000000 
-1.382051 -0.000000 
0.055487 -0.000000 
-0.279768 0.000000 
0.142242 0.000000 
-0.152217 0.000000 
-0.033248 -0.000000 
-0.838303 -0.000000 
-0.466729 -0.000000 
0.703444 -0.000000 
0.156556 0.000000 
1.170650 0.000000 
-0.776488 0.000000 
0.174723 0.000000 
0.792031 -0.000000 
1.330597 0.000000 
0.083652 -0.000000 
0.490030 -0.000000 
0.695159 0.000000 
-0.363820 0.000000 
-0.567687 0.000000 
-0.815574 -0.000000 
0.817291 0.000000 
-0.342650 0.000000 
0.534451 -0.000000 
-0.155208 -0.000000 
-0.558621 0.000000 
0.759556 0.000000 
0.611066 0.000000 
0.845479 0.000000 
-0.310242 0.000000 
0.230416 0.000000 
-0.713740 0.000000 
0.197368 -0.000000 
-0.261131 0.000000 
-0.826148 -0.000000 
0.683091 0.000000 
-0.141242 0.000000 
-0.573598 -0.000000 
0.175748 0.000000 
-0.624775 0.000000 
-0.317928 0.000000 
-0.098235 0.000000 
0.239724 0.000000 
-0.353064 0.000000 
0.254257 0.000000 
0.431799 0.000000 
0.008788 -0.000000 
0.061963 -0.000000 
-0.837307 -0.000000 
0.470348 0.000000 
-0.521332 -0.000000 
0.531900 0.000000 
0.343185 0.000000 
-0.609763 0.000000 
0.490581 0.000000 
-0.134089 -0.000000 
0.961276 0.000000 
0.181934 0.000000 
0.879037 0.000000 
-0.677194 0.000000 
0.225559 0.000000 
-0.215775 -0.000000 
0.932619 -0.000000 
0.401323 0.000000 
-0.380727 -0.000000 
-0.730362 0.000000 
0.004711 0.000000 
-0.805627 0.000000 
-0.770455 -0.000000 
0.742705 0.000000 
0.643100 -0.000000 
-0.002691 0.000000 
0.052484 -0.000000 
0.050574 0.000000 
-0.663080 0.000000 
0.193978 -0.000000 
-0.223696 -0.000000 
0.306647 0.000000 
-0.357524 -0.000000 
1.261620 -0.000000 
0.105249 0.000000 
0.115519 0.000000 
0.018466 -0.000000 
-0.006452 0.000000 
0.040310 0.000000 
-0.032990 0.000000 
0.469534 0.000000 
-0.247960 0.000000 
-0.834389 0.000000 
-0.144948 0.000000 
0.268434 0.000000 
0.254148 0.000000 
-0.067858 0.000000 
0.381601 0.000000 
0.652488 -0.000000 
-0.329289 0.000000 
0.250994 -0.000000 
0.592985 -0.000000 
0.207691 0.000000 
0.361650 0.000000 
-0.867044 -0.000000 
-0.740596 0.000000 
0.028386 0.000000 
0.361217 0.000000 
-0.361028 -0.000000 
-0.391346 0.000000 
0.195681 0.000000 
-0.347446 -0.000000 
-0.940330 0.000000 
-0.024313 0.000000 
-0.108595 0.000000 
0.405272 0.000000 
-0.687691 0.000000 
-0.631996 0.000000 
0.685352 0.000000 
-0.007897 -0.000000 
-0.527906 -0.000000 
0.673965 0.000000 
-0.602448 -0.000000 
-0.193926 0.000000 
-0.430827 0.000000 
0.260901 0.000000 
0.421201 0.000000 
-0.370052 0.000000 
-0.100835 0.000000 
-0.385175 -0.000000 
0.168984 -0.000000 
-0.514346 0.000000 
-0.092049 -0.000000 
0.485499 0.000000 
0.639130 -0.000000 
0.686500 -0.000000 
0.349332 -0.000000 
1.158712 -0.000000 
0.216338 0.000000 
0.345270 -0.000000 
-0.515343 0.000000 
-0.423251 -0.000000 
-0.651263 0.000000 
-0.049610 -0.000000 
0.213402 0.000000 
-0.645893 0.000000 
0.351450 -0.000000 
-0.718964 -0.000000 
0.005676 0.000000 
0.218132 0.000000 
-0.742868 0.000000 
-0.410376 -0.000000 
-0.092666 0.000000 
0.154683 0.000000 
0.258990 0.000000 
-0.316119 0.000000 
0.734945 0.000000 
-1.087067 0.000000 
0.851737 0.000000 
-0.670130 0.000000 
-0.056709 0.000000 
-0.344768 -0.000000 
-0.861762 0.000000 
0.313808 0.000000 
-0.187424 0.000000 
0.084511 -0.000000 
-0.109740 0.000000 
-0.408492 0.000000 
-0.418683 -0.000000 
0.592282 0.000000 
-0.403722 0.000000 
0.617554 -0.000000 
-0.256359 0.000000 
-0.127247 0.000000 
0.131449 0.000000 
-1.016543 0.000000 
-0.595544 0.000000 
-0.031585 -0.000000 
-0.749466 0.000000 
1.164852 0.000000 
-0.080244 0.000000 
-0.519889 0.000000 
0.146755 0.000000 
0.505794 -0.000000 
-0.491550 -0.000000 
-0.427765 0.000000 
-1.097077 0.000000 
-0.595881 0.000000 
0.294025 -0.000000 
0.306620 0.000000 
-0.303620 0.000000 
-0.429204 0.000000 
-0.119396 0.000000 
-0.437368 -0.000000 
0.386637 0.000000 
0.246626 0.000000 
0.353385 0.000000 
-0.385370 -0.000000 
0.229604 0.000000 
0.633569 -0.000000 
0.051014 0.000000 
-0.484080 -0.000000 
-1.362879 0.000000 
0.266201 0.000000 
-0.222526 -0.000000 
0.220621 0.000000 
-0.063872 0.000000 
0.126077 0.000000 
-0.070617 -0.000000 
0.114288 -0.000000 
0.002231 -0.000000 
0.689663 0.000000 
-0.378827 -0.000000 
0.005587 0.000000 
0.528664 -0.000000 
0.169242 0.000000 
-0.520046 0.000000 
0.655870 0.000000 
-0.244414 0.000000 
-0.698971 0.000000 
-0.353091 -0.000000 
0.145080 -0.000000 
-0.739552 0.000000 
-0.158647 0.000000 
-0.037199 0.000000 
-0.021393 -0.000000 
0.342646 0.000000 
0.303295 0.000000 
0.382524 0.000000 
0.008816 0.000000 
0.190756 0.000000 
-0.084874 0.000000 
-0.016889 0.000000 
-0.386489 0.000000 
-0.350412 -0.000000 
-0.277994 -0.000000 
0.253727 -0.000000 
0.024774 0.000000 
-0.419599 0.000000 
-0.209188 0.000000 
0.120369 0.000000 
0.054408 0.000000 
-0.135558 0.000000 
0.196002 0.000000 
-0.022507 0.000000 
1.017566 0.000000 
0.659632 0.000000 
-0.424062 0.000000 
-0.000849 -0.000000 
0.055484 0.000000 
-0.218387 0.000000 
0.310906 -0.000000 
-0.066716 -0.000000 
-0.578227 0.000000 
0.381912 0.000000 
-0.164542 -0.000000 
-0.518716 0.000000 
0.390031 -0.000000 
-0.497489 -0.000000 
1.213841 -0.000000 
-0.289933 0.000000 
-0.411389 -0.000000 
0.258109 -0.000000 
0.242887 0.000000 
0.106132 -0.000000 
0.009284 0.000000 
-0.526960 0.000000 
-0.513298 0.000000 
0.554258 -0.000000 
0.016867 0.000000 
