-2.313114 2.313114 
0.000000 0.500000 0.002154 
0.000000 0.000000 0.000000 

-0.348560 0.000000 
-0.427155 0.000000 
0.297193 0.000000 
0.836344 0.000000 
0.452542 0.000000 
0.314040 0.000000 
-0.547208 0.000000 
0.596792 0.000000 
0.538267 -0.000000 
0.144235 -0.000000 
-0.250248 0.000000 
0.082450 0.000000 
0.179952 0.000000 
1.191793 0.000000 
-0.056121 0.000000 
0.554305 0.000000 
-1.115859 -0.000000 
-0.594581 0.000000 
-0.355027 0.000000 
0.072578 0.000000 
0.022918 0.000000 
0.130488 0.000000 
0.120885 0.000000 
-0.242578 -0.000000 
0.409792 0.000000 
-0.554375 0.000000 
-0.107000 0.000000 
0.771233 0.000000 
0.234032 -0.000000 
-0.583778 0.000000 
-0.271184 0.000000 
-0.108069 0.000000 
-0.058437 0.000000 
-0.047170 -0.000000 
1.716787 -0.000000 
-0.453777 0.000000 
0.144767 -0.000000 
0.286333 0.000000 
1.084367 0.000000 
-0.285368 0.000000 
-0.811823 0.000000 
1.211674 0.000000 
-0.927595 0.000000 
-0.304121 0.000000 
0.635929 0.000000 
0.218561 0.000000 
-0.109052 -0.000000 
-0.319224 0.000000 
-1.253574 0.000000 
0.484998 0.000000 
-0.690351 0.000000 
0.868207 0.000000 
0.693911 -0.000000 
-0.791121 -0.000000 
0.193021 -0.000000 
1.119042 0.000000 
0.773142 0.000000 
0.529980 -0.000000 
0.505334 0.000000 
0.278269 0.000000 
-0.932704 0.000000 
0.309197 0.000000 
0.032237 0.000000 
0.977272 0.000000 
-0.281106 0.000000 
-0.715789 0.000000 
-0.430027 0.000000 
0.597937 0.000000 
0.492564 0.000000 
-0.209075 -0.000000 
-0.521522 0.000000 
-0.084469 0.000000 
0.480541 -0.000000 
0.160868 -0.000000 
0.061307 0.000000 
0.052845 0.000000 
-0.514291 -0.000000 
0.142111 0.000000 
0.097561 -0.000000 
-1.212233 -0.000000 
-0.683427 0.000000 
-0.409107 0.000000 
-0.251595 0.000000 
-0.432659 -0.000000 
0.452858 0.000000 
-0.099893 0.000000 
-0.364256 0.000000 
1.226909 -0.000000 
-0.967796 -0.000000 
0.364616 -0.000000 
-0.020270 0.000000 
-0.102633 0.000000 
0.373386 0.000000 
0.079692 -0.000000 
-0.095450 0.000000 
-0.609153 0.000000 
-0.453377 -0.000000 
0.698374 0.000000 
-0.184857 0.000000 
0.479299 0.000000 
0.512498 0.000000 
-0.229555 -0.000000 
-0.551752 0.000000 
0.151763 0.000000 
-0.164714 0.000000 
-0.171918 0.000000 
-0.509329 0.000000 
0.169148 0.000000 
-0.174532 0.000000 
-0.200255 -0.000000 
-0.083687 0.000000 
-0.222148 0.000000 
0.244364 -0.000000 
-0.123847 0.000000 
-0.400581 -0.000000 
1.113650 0.000000 
0.581735 -0.000000 
0.377293 0.000000 
0.724787 0.000000 
-0.544464 0.000000 
0.203132 0.000000 
0.143036 0.000000 
1.288860 0.000000 
0.025791 0.000000 
0.094978 0.000000 
0.547498 -0.000000 
-0.172421 0.000000 
0.097279 0.000000 
-0.301391 0.000000 
0.262771 0.000000 
-0.546742 0.000000 
-0.275977 0.000000 
-0.480051 0.000000 
0.196542 0.000000 
1.821846 0.000000 
0.808028 0.000000 
-0.204305 0.000000 
-0.294371 0.000000 
0.317324 -0.000000 
-0.132459 0.000000 
-0.855878 -0.000000 
-0.111862 0.000000 
0.540525 0.000000 
0.540080 0.000000 
0.447743 0.000000 
-0.535598 0.000000 
0.396118 0.000000 
0.430772 0.000000 
0.033796 -0.000000 
0.304569 0.000000 
-0.179163 -0.000000 
0.368898 0.000000 
0.646587 -0.000000 
-0.392319 0.000000 
0.349987 0.000000 
-0.382387 0.000000 
-0.301088 0.000000 
0.440012 -0.000000 
-0.213709 -0.000000 
0.069510 0.000000 
-0.016954 0.000000 
1.259092 -0.000000 
-0.156599 0.000000 
0.640931 0.000000 
0.539450 0.000000 
-0.473184 -0.000000 
0.072681 0.000000 
0.638981 0.000000 
-0.522416 0.000000 
0.280563 0.000000 
0.494244 0.000000 
-0.454563 0.000000 
-0.026516 0.000000 
0.521444 -0.000000 
0.690789 0.000000 
-0.135862 -0.000000 
-0.783327 -0.000000 
0.617172 -0.000000 
0.355585 -0.000000 
0.077618 0.000000 
-0.485539 0.000000 
0.392487 -0.000000 
0.202277 0.000000 
-0.000689 -0.000000 
0.603421 0.000000 
0.890733 0.000000 
0.500681 0.000000 
0.402326 -0.000000 
-0.451734 0.000000 
0.285933 -0.000000 
-0.027896 0.000000 
0.178198 0.000000 
-0.262030 0.000000 
1.274331 0.000000 
-1.030447 0.000000 
0.820859 0.000000 
-0.133036 0.000000 
0.256994 0.000000 
0.141954 -0.000000 
1.085494 0.000000 
-0.836759 0.000000 
-0.504411 0.000000 
0.677703 0.000000 
0.880378 0.000000 
0.031729 0.000000 
-0.338181 0.000000 
0.046402 0.000000 
-1.066590 0.000000 
-0.161713 0.000000 
-0.772764 0.000000 
-0.546790 0.000000 
-0.102591 0.000000 
-0.627220 -0.000000 
-0.951510 0.000000 
-0.638485 -0.000000 
-0.182046 -0.000000 
0.366724 0.000000 
0.354871 -0.000000 
0.111900 0.000000 
-0.170431 0.000000 
0.038928 -0.000000 
0.459584 0.000000 
-0.685954 0.000000 
0.157490 0.000000 
0.096037 -0.000000 
0.497491 0.000000 
0.636766 0.000000 
-0.210148 0.000000 
0.314437 0.000000 
0.096163 0.000000 
0.423317 0.000000 
-0.327190 0.000000 
0.271157 -0.000000 
-0.154058 0.000000 
-0.488174 0.000000 
-0.486490 0.000000 
0.496869 0.000000 
-0.569484 0.000000 
0.349186 0.000000 
0.458326 0.000000 
-0.859238 0.000000 
0.355574 0.000000 
-0.691484 0.000000 
-0.002693 -0.000000 
-0.256309 0.000000 
0.267147 0.000000 
0.520951 0.000000 
-0.172607 0.000000 
0.188266 0.000000 
0.522465 -0.000000 
0.563469 0.000000 
-0.197331 0.000000 
0.337669 0.000000 
0.311987 0.000000 
0.808599 0.000000 
0.243584 0.000000 
-0.668374 0.000000 
0.755076 0.000000 
0.200774 -0.000000 
0.354251 0.000000 
-0.527156 -0.000000 
-0.475939 0.000000 
1.379311 0.000000 
-0.198753 0.000000 
0.232158 -0.000000 
-0.277659 0.000000 
-0.133243 0.000000 
0.050372 -0.000000 
0.234414 -0.000000 
0.927484 0.000000 
-0.522728 -0.000000 
0.833921 0.000000 
0.087098 0.000000 
0.009467 -0.000000 
-0.751447 -0.000000 
-0.411663 0.000000 
0.400432 -0.000000 
0.420659 0.000000 
-0.700838 -0.000000 
-0.409371 -0.000000 
0.192702 0.000000 
0.475455 -0.000000 
-0.309144 -0.000000 
0.346646 0.000000 
0.167439 0.000000 
0.067181 0.000000 
0.459329 0.000000 
0.168884 0.000000 
0.874884 0.000000 
0.393004 -0.000000 
0.217684 0.000000 
0.282102 0.000000 
-0.933437 0.000000 
0.041957 0.000000 
-0.443732 0.000000 
0.221866 0.000000 
-0.304828 0.000000 
0.124421 0.000000 
-0.621995 0.000000 
0.022512 0.000000 
0.699666 0.000000 
-0.453546 0.000000 
-0.391911 0.000000 
0.286394 0.000000 
-0.172452 0.000000 
0.417124 0.000000 
-0.404672 0.000000 
-0.643343 0.000000 
-0.312496 0.000000 
-0.002642 0.000000 
-0.328393 -0.000000 
-0.078856 -0.000000 
-0.279486 0.000000 
0.522853 0.000000 
0.086520 -0.000000 
-0.768278 -0.000000 
0.423866 0.000000 
0.968530 0.000000 
0.486803 0.000000 
-0.257181 0.000000 
-0.216371 0.000000 
-0.457680 0.000000 
-0.278226 0.000000 
-0.174361 0.000000 
0.281543 -0.000000 
0.049991 0.000000 
0.682034 0.000000 
0.229832 -0.000000 
0.007786 0.000000 
-0.184633 -0.000000 
-0.881324 -0.000000 
-0.825572 -0.000000 
-0.538138 0.000000 
0.251243 0.000000 
-0.592748 0.000000 
0.487379 0.000000 
1.040518 0.000000 
-0.315516 -0.000000 
0.028132 0.000000 
-0.354724 -0.000000 
0.724693 0.000000 
-1.360204 0.000000 
0.212999 0.000000 
0.023891 0.000000 
-0.166623 0.000000 
-0.568687 0.000000 
-0.316673 0.000000 
-0.793855 0.000000 
-0.297530 -0.000000 
0.081185 -0.000000 
-0.170177 -0.000000 
-0.017478 0.000000 
-0.305287 0.000000 
0.546826 -0.000000 
0.077073 -0.000000 
-0.224374 0.000000 
-1.187825 0.000000 
-0.926932 0.000000 
1.111633 0.000000 
-0.552894 0.000000 
-0.566548 0.000000 
-0.805471 0.000000 
0.342085 0.000000 
1.741402 -0.000000 
-0.886218 -0.000000 
0.174526 0.000000 
0.185652 0.000000 
0.233400 0.000000 
-0.229020 0.000000 
0.201642 -0.000000 
-0.719028 0.000000 
0.522890 -0.000000 
-0.908748 0.000000 
-0.470866 0.000000 
-0.413186 0.000000 
-0.435724 0.000000 
0.143242 -0.000000 
0.084732 0.000000 
-0.464089 0.000000 
-0.614392 0.000000 
0.702642 0.000000 
0.190745 -0.000000 
-0.279134 -0.000000 
-0.125505 0.000000 
1.201920 0.000000 
-0.371913 0.000000 
0.105563 -0.000000 
-0.070732 0.000000 
-0.139539 0.000000 
0.051833 0.000000 
-0.545694 0.000000 
-0.393440 0.000000 
-0.396269 0.000000 
-0.171385 0.000000 
0.143386 0.000000 
-0.104653 0.000000 
-0.450686 0.000000 
0.098749 -0.000000 
-0.647173 0.000000 
0.346836 0.000000 
-1.030594 0.000000 
0.283902 0.000000 
0.413653 0.000000 
0.044026 -0.000000 
-0.141033 -0.000000 
0.084375 0.000000 
-0.180280 0.000000 
-0.064229 0.000000 
0.068035 0.000000 
-0.637508 -0.000000 
-0.318938 0.000000 
-1.042132 0.000000 
0.119083 0.000000 
-0.906397 0.000000 
1.588442 0.000000 
0.366522 -0.000000 
0.496265 -0.000000 
-0.682906 0.000000 
0.019235 -0.000000 
-0.892753 0.000000 
-0.663214 -0.000000 
0.109521 -0.000000 
-0.181401 -0.000000 
-0.012751 0.000000 
0.075949 -0.000000 
0.220827 0.000000 
-1.139119 0.000000 
-0.219886 0.000000 
0.185591 -0.000000 
-0.744471 0.000000 
0.327229 0.000000 
-0.401411 -0.000000 
-0.946559 0.000000 
0.186646 0.000000 
-0.021796 0.000000 
-0.537611 0.000000 
0.254734 0.000000 
-0.164143 0.000000 
-0.837026 0.000000 
0.048148 0.000000 
0.282930 0.000000 
-0.165954 0.000000 
0.198322 0.000000 
0.123885 0.000000 
-0.250750 0.000000 
0.489069 0.000000 
-0.485143 0.000000 
0.076908 0.000000 
-0.006028 0.000000 
0.508317 -0.000000 
0.311047 0.000000 
-0.336084 0.000000 
0.475948 0.000000 
0.438935 -0.000000 
-1.344404 0.000000 
0.926057 0.000000 
0.578094 -0.000000 
0.549652 0.000000 
-0.397015 0.000000 
-0.195077 -0.000000 
-0.529770 0.000000 
-0.309116 -0.000000 
-0.239164 0.000000 
-0.888168 -0.000000 
-0.014767 0.000000 
-0.420837 -0.000000 
-0.260350 -0.000000 
-0.830421 -0.000000 
-0.034733 -0.000000 
-0.159688 -0.000000 
0.166657 -0.000000 
-0.640479 0.000000 
-0.218750 0.000000 
0.158958 0.000000 
0.848338 0.000000 
0.213181 0.000000 
0.500588 -0.000000 
0.750966 0.000000 
0.272120 0.000000 
0.067426 0.000000 
-0.261722 0.000000 
-0.100189 -0.000000 
1.029799 0.000000 
-0.279310 0.000000 
0.693159 0.000000 
-0.116174 -0.000000 
-0.203254 -0.000000 
0.272476 0.000000 
1.108388 -0.000000 
-0.357072 -0.000000 
-0.172285 -0.000000 
-0.463271 0.000000 
0.490939 0.000000 
0.201915 0.000000 
0.204086 0.000000 
0.300559 0.000000 
0.632966 -0.000000 
-0.511361 -0.000000 
0.187052 0.000000 
-0.680097 -0.000000 
-0.640282 0.000000 
1.148823 -0.000000 
-0.392670 -0.000000 
-0.369737 -0.000000 
-0.064783 0.000000 
-0.160525 0.000000 
-0.284372 0.000000 
-0.012777 0.000000 
0.131738 -0.000000 
-0.199161 0.000000 
-0.014546 0.000000 
-0.059957 0.000000 
0.123044 0.000000 
0.364542 0.000000 
-0.820956 0.000000 
-0.421532 0.000000 
-0.210800 -0.000000 
0.849747 0.000000 
-0.196045 0.000000 
-0.581890 0.000000 
0.870675 0.000000 
0.023294 0.000000 
-0.091542 0.000000 
0.464608 0.000000 
-0.417436 0.000000 
0.032622 0.000000 
1.212771 -0.000000 
-0.466981 0.000000 
-0.173691 0.000000 
-0.354385 0.000000 
-0.197724 -0.000000 
0.337640 0.000000 
-0.621190 -0.000000 
0.144204 0.000000 
-0.823997 0.000000 
-0.706867 0.000000 
-0.286474 0.000000 
0.486648 0.000000 
-0.791769 0.000000 
0.386447 0.000000 
-0.718744 0.000000 
0.529011 -0.000000 
0.017424 0.000000 
-0.029532 -0.000000 
-0.501069 0.000000 
0.274026 0.000000 
0.287845 -0.000000 
0.027084 0.000000 
0.384970 0.000000 
0.795428 0.000000 
-0.398762 0.000000 
-0.349388 0.000000 
-0.139976 0.000000 
0.813815 0.000000 
0.259535 0.000000 
0.411464 0.000000 
-0.327654 0.000000 
0.417282 0.000000 
0.004721 -0.000000 
-0.054845 0.000000 
-0.183927 0.000000 
-0.250350 0.000000 
0.927756 -0.000000 
0.496214 -0.000000 
-0.436693 0.000000 
0.274745 -0.000000 
0.645647 0.000000 
0.243401 -0.000000 
-0.052006 -0.000000 
1.019944 0.000000 
-0.080504 0.000000 
0.839559 0.000000 
-0.149335 -0.000000 
-0.116530 0.000000 
0.710469 -0.000000 
0.111409 0.000000 
0.851587 0.000000 
-0.688718 0.000000 
-0.095801 0.000000 
-0.242945 0.000000 
0.888275 0.000000 
-0.023482 0.000000 
0.488948 0.000000 
-0.848725 -0.000000 
-0.198976 0.000000 
-0.095732 -0.000000 
0.327469 -0.000000 
-0.349987 -0.000000 
0.158091 -0.000000 
0.356735 0.000000 
0.325426 0.000000 
0.413594 0.000000 
-0.139039 0.000000 
0.069285 0.000000 
0.830142 0.000000 
0.353663 0.000000 
-0.455413 -0.000000 
0.635831 -0.000000 
-0.596404 0.000000 
-1.041635 0.000000 
-0.078207 0.000000 
0.397448 -0.000000 
-0.052518 -0.000000 
0.106001 0.000000 
0.376754 0.000000 
0.409362 0.000000 
-0.463996 0.000000 
-0.198040 0.000000 
-0.421166 0.000000 
-0.444236 -0.000000 
-0.122646 0.000000 
-0.252130 0.000000 
-0.580036 -0.000000 
0.100595 -0.000000 
0.490783 0.000000 
0.871694 -0.000000 
-1.354221 0.000000 
0.518366 0.000000 
-0.208414 -0.000000 
0.985455 -0.000000 
0.453285 0.000000 
-0.160658 0.000000 
0.915770 0.000000 
-0.303299 0.000000 
-0.182708 0.000000 
0.172583 0.000000 
-0.368303 0.000000 
-0.606372 0.000000 
-0.480288 0.000000 
0.235978 0.000000 
-0.771121 0.000000 
0.320294 -0.000000 
0.210499 0.000000 
1.008978 0.000000 
0.516867 0.000000 
0.161478 -0.000000 
-0.018357 -0.000000 
-0.578790 0.000000 
-0.761256 0.000000 
0.162426 0.000000 
0.046799 -0.000000 
0.434406 -0.000000 
0.612608 0.000000 
-0.376486 0.000000 
1.296280 0.000000 
0.362540 -0.000000 
0.112623 0.000000 
0.510111 0.000000 
-0.440706 -0.000000 
0.248167 0.000000 
-0.348645 -0.000000 
0.013951 -0.000000 
-0.087199 0.000000 
-0.906499 -0.000000 
-0.176715 -0.000000 
-0.531286 -0.000000 
0.854403 0.000000 
0.985005 -0.000000 
-0.094028 0.000000 
0.156910 -0.000000 
-0.619282 -0.000000 
-0.897816 0.000000 
0.522065 -0.000000 
0.696087 0.000000 
-0.778616 -0.000000 
1.284369 0.000000 
-0.206357 0.000000 
0.482753 -0.000000 
-0.461933 0.000000 
0.005358 0.000000 
0.118433 0.000000 
0.256736 0.000000 
-0.228251 0.000000 
-0.341821 -0.000000 
-0.527012 0.000000 
0.013386 0.000000 
-0.646404 0.000000 
0.869297 0.000000 
0.293247 0.000000 
-0.340046 0.000000 
-0.634227 0.000000 
1.074730 0.000000 
-1.214448 0.000000 
-0.461534 0.000000 
0.261244 0.000000 
-0.593331 0.000000 
0.335265 0.000000 
0.294994 0.000000 
0.323843 0.000000 
-0.108084 -0.000000 
-0.376611 0.000000 
0.178988 -0.000000 
0.325961 0.000000 
0.305739 -0.000000 
0.334555 -0.000000 
-0.200416 -0.000000 
-0.286489 0.000000 
0.728340 -0.000000 
-0.485760 0.000000 
0.014440 0.000000 
0.287186 0.000000 
0.208632 0.000000 
0.836728 -0.000000 
-0.531503 -0.000000 
-0.452576 0.000000 
0.724203 0.000000 
-0.569027 -0.000000 
0.303078 0.000000 
-0.499543 0.000000 
0.372486 0.000000 
0.855666 0.000000 
0.563555 0.000000 
-0.138618 0.000000 
-0.395404 -0.000000 
-0.033053 0.000000 
0.179976 0.000000 
-0.712740 0.000000 
-0.137332 0.000000 
0.067167 -0.000000 
-0.503453 0.000000 
-0.317691 0.000000 
-0.959922 0.000000 
-0.291024 0.000000 
-0.070471 0.000000 
-0.118065 -0.000000 
0.711439 -0.000000 
-0.359294 0.000000 
0.488058 -0.000000 
0.598002 -0.000000 
0.022076 0.000000 
0.769939 0.000000 
-0.169406 -0.000000 
-0.259013 0.000000 
-0.042856 0.000000 
-0.317204 -0.000000 
0.033116 0.000000 
-0.071709 0.000000 
-0.955845 0.000000 
0.901742 -0.000000 
0.416264 -0.000000 
0.426189 0.000000 
-0.513593 0.000000 
0.627855 -0.000000 
0.430453 -0.000000 
-0.507506 -0.000000 
0.059805 -0.000000 
0.546196 0.000000 
0.278437 0.000000 
-0.531464 0.000000 
0.309332 0.000000 
-0.108396 -0.000000 
0.150703 0.000000 
-0.493217 0.000000 
0.577821 0.000000 
1.274789 0.000000 
1.058017 -0.000000 
-0.816842 -0.000000 
-0.143045 0.000000 
0.697916 -0.000000 
-0.462342 0.000000 
1.161700 0.000000 
0.146685 0.000000 
-0.087683 0.000000 
-0.181411 0.000000 
0.209933 0.000000 
0.139102 0.000000 
-0.173324 0.000000 
0.001724 -0.000000 
-0.400550 0.000000 
-0.719574 -0.000000 
0.736640 -0.000000 
0.580284 -0.000000 
-0.168587 0.000000 
-0.814904 0.000000 
-0.145500 0.000000 
-0.905378 0.000000 
-0.397939 0.000000 
-0.688450 0.000000 
0.293101 -0.000000 
0.233814 0.000000 
1.350651 -0.000000 
0.237196 0.000000 
0.169541 0.000000 
-0.048073 0.000000 
0.404500 0.000000 
0.254065 0.000000 
-0.227842 0.000000 
-0.239057 0.000000 
-0.643007 0.000000 
0.689974 0.000000 
0.219380 0.000000 
1.139152 -0.000000 
0.006840 -0.000000 
-0.416064 -0.000000 
-0.460335 -0.000000 
0.040413 0.000000 
0.623734 0.000000 
0.175060 -0.000000 
0.284326 -0.000000 
-0.212835 -0.000000 
-0.171748 -0.000000 
-0.086019 0.000000 
1.901756 0.000000 
0.494125 0.000000 
0.866164 -0.000000 
-0.447998 0.000000 
0.204120 -0.000000 
-0.520710 -0.000000 
0.003978 0.000000 
-0.815903 0.000000 
0.934836 0.000000 
-0.323071 0.000000 
-0.896469 0.000000 
-0.634911 -0.000000 
0.445990 0.000000 
0.368278 0.000000 
-0.184696 -0.000000 
-0.929577 0.000000 
-0.549799 0.000000 
-0.353824 0.000000 
0.073492 -0.000000 
1.035454 -0.000000 
1.062009 0.000000 
-0.242194 0.000000 
-0.505309 0.000000 
-0.313037 -0.000000 
-0.233320 0.000000 
-0.370776 0.000000 
-0.744256 0.000000 
-0.745824 0.000000 
-0.028165 0.000000 
0.731576 -0.000000 
-0.679505 -0.000000 
0.354853 -0.000000 
0.275355 0.000000 
0.324902 0.000000 
0.841831 0.000000 
0.488447 0.000000 
-0.155970 0.000000 
-0.195717 -0.000000 
-0.633507 -0.000000 
0.025829 0.000000 
0.139759 0.000000 
-0.197237 0.000000 
0.648339 0.000000 
-0.139672 -0.000000 
0.287334 0.000000 
0.125461 0.000000 
-0.625889 0.000000 
0.288737 0.000000 
-0.202497 0.000000 
0.078304 -0.000000 
-0.789162 0.000000 
-0.386074 -0.000000 
-0.017369 -0.000000 
-0.730971 0.000000 
0.646325 -0.000000 
0.442744 -0.000000 
-0.210084 0.000000 
-0.746560 0.000000 
0.718946 -0.000000 
0.019854 0.000000 
-0.112343 -0.000000 
0.284493 -0.000000 
0.092205 0.000000 
0.503757 -0.000000 
1.407749 0.000000 
0.264488 0.000000 
-0.308926 0.000000 
-0.023829 0.000000 
0.242937 0.000000 
-0.627121 -0.000000 
-0.001484 -0.000000 
-0.867812 -0.000000 
0.094928 -0.000000 
0.638575 -0.000000 
0.247748 0.000000 
0.335242 0.000000 
0.479332 0.000000 
-0.715398 0.000000 
0.901252 0.000000 
-0.740335 0.000000 
0.305336 -0.000000 
0.382620 -0.000000 
-0.000770 0.000000 
0.289309 -0.000000 
0.138401 0.000000 
-0.812852 -0.000000 
0.344230 0.000000 
0.342816 0.000000 
0.153227 -0.000000 
-0.119006 -0.000000 
0.363976 0.000000 
-0.413446 -0.000000 
-0.482447 -0.000000 
-0.430804 -0.000000 
-0.465520 -0.000000 
0.699588 0.000000 
-0.240794 0.000000 
0.725481 0.000000 
-0.902902 -0.000000 
-0.457111 0.000000 
0.294729 -0.000000 
0.316746 -0.000000 
-0.711453 0.000000 
-0.370234 0.000000 
-0.001081 0.000000 
-0.459826 -0.000000 
-0.926589 -0.000000 
-0.307726 0.000000 
0.352638 -0.000000 
-0.006278 0.000000 
-0.162867 0.000000 
0.104220 0.000000 
-0.118905 0.000000 
0.077610 0.000000 
0.131753 -0.000000 
-0.029409 -0.000000 
-0.675552 0.000000 
0.490258 -0.000000 
0.834306 0.000000 
0.015228 -0.000000 
0.169465 0.000000 
0.675441 0.000000 
-0.187077 -0.000000 
0.685821 -0.000000 
0.252629 0.000000 
0.643068 -0.000000 
-1.174226 -0.000000 
-0.587915 0.000000 
0.614204 0.000000 
-0.366956 0.000000 
-0.374801 -0.000000 
0.470618 -0.000000 
-0.817027 -0.000000 
0.229781 -0.000000 
-0.383453 0.000000 
-0.300083 0.000000 
0.276666 0.000000 
0.267692 0.000000 
-0.643430 0.000000 
0.103535 0.000000 
-0.281675 -0.000000 
0.623070 -0.000000 
-0.425383 0.000000 
0.237513 0.000000 
0.610674 0.000000 
0.781569 0.000000 
0.528501 0.000000 
-0.126862 0.000000 
0.389543 -0.000000 
-0.502671 0.000000 
-0.657005 -0.000000 
0.882986 0.000000 
-0.132350 0.000000 
0.853897 0.000000 
0.433261 0.000000 
0.734447 0.000000 
-0.231019 0.000000 
0.558831 0.000000 
-0.965443 -0.000000 
0.180856 0.000000 
0.599299 0.000000 
0.543400 -0.000000 
0.250860 0.000000 
0.403698 -0.000000 
-0.456619 0.000000 
0.270506 0.000000 
-0.822037 0.000000 
0.862376 -0.000000 
-0.386687 0.000000 
-0.598730 0.000000 
0.782657 0.000000 
0.134553 -0.000000 
-0.012483 0.000000 
-0.022126 0.000000 
-0.417545 -0.000000 
0.574149 0.000000 
0.186673 -0.000000 
1.028750 -0.000000 
-0.068077 0.000000 
-0.516967 -0.000000 
0.262992 0.000000 
0.251301 0.000000 
-0.068858 0.000000 
-0.707033 0.000000 
0.033443 0.000000 
-0.508498 0.000000 
0.565889 0.000000 
0.162864 0.000000 
0.005897 -0.000000 
-0.494561 0.000000 
-0.219176 -0.000000 
0.158054 0.000000 
-0.540903 0.000000 
-0.184579 0.000000 
0.713479 0.000000 
0.073493 -0.000000 
-0.085689 0.000000 
-0.849207 0.000000 
0.105701 0.000000 
-0.993212 -0.000000 
-0.232030 0.000000 
0.306612 0.000000 
0.203500 0.000000 
-0.211510 0.000000 
0.183469 0.000000 
-0.494796 0.000000 
0.117237 -0.000000 
0.241296 0.000000 
-0.695427 -0.000000 
-0.102452 0.000000 
0.956816 0.000000 
-0.084609 0.000000 
-0.018823 0.000000 
0.330730 0.000000 
-0.314323 0.000000 
-0.003838 0.000000 
-0.087478 0.000000 
-0.701146 0.000000 
-0.088280 0.000000 
0.062947 -0.000000 
0.378707 -0.000000 
-0.106764 0.000000 
0.075956 0.000000 
-0.313292 0.000000 
0.413358 0.000000 
0.145750 0.000000 
-1.220455 0.000000 
-0.422498 0.000000 
0.965070 0.000000 
-0.539451 0.000000 
0.060982 -0.000000 
0.264992 -0.000000 
0.354825 -0.000000 
0.836515 0.000000 
0.067947 0.000000 
-0.686478 -0.000000 
0.331081 0.000000 
-0.482010 0.000000 
0.593767 -0.000000 
-0.739161 0.000000 
0.942111 -0.000000 
-0.461116 -0.000000 
-0.126151 0.000000 
-0.175906 -0.000000 
0.114468 -0.000000 
0.325045 0.000000 
0.489709 -0.000000 
-0.428639 0.000000 
0.417243 0.000000 
0.062959 0.000000 
0.064974 -0.000000 
0.004743 0.000000 
0.019390 0.000000 
-0.161336 0.000000 
-0.768169 -0.000000 
0.446947 -0.000000 
-0.146275 0.000000 
-0.304449 0.000000 
-1.311802 0.000000 
0.274177 -0.000000 
-0.028028 -0.000000 
0.404083 -0.000000 
0.000982 0.000000 
-0.135043 -0.000000 
-0.833341 -0.000000 
-0.725151 -0.000000 
0.067883 0.000000 
0.442023 -0.000000 
-0.978719 0.000000 
0.488551 0.000000 
-0.567947 -0.000000 
-0.391087 0.000000 
0.061745 -0.000000 
-0.867260 -0.000000 
-0.033199 0.000000 
-0.196241 0.000000 
0.180908 0.000000 
-0.228522 -0.000000 
-0.240851 -0.000000 
-0.448264 0.000000 
0.752885 0.000000 
-0.014697 0.000000 
0.645856 0.000000 
-0.360602 -0.000000 
0.044376 0.000000 
0.267720 0.000000 
-0.305563 0.000000 
0.708986 0.000000 
0.252131 0.000000 
-0.444673 0.000000 
0.146081 0.000000 
0.377396 0.000000 
0.045602 0.000000 
0.675683 0.000000 
-0.096526 -0.000000 
-0.344530 0.000000 
0.174365 -0.000000 
0.656024 -0.000000 
0.473886 -0.000000 
-0.564519 0.000000 
-1.027834 -0.000000 
1.019796 0.000000 
0.498699 0.000000 
0.391103 -0.000000 
-0.257409 0.000000 
0.153858 -0.000000 
-0.193016 0.000000 
-0.101159 0.000000 
0.083536 0.000000 
0.067886 -0.000000 
0.196448 -0.000000 
-0.501035 0.000000 
-0.016748 -0.000000 
-0.247644 -0.000000 
-0.020609 -0.000000 
0.021106 -0.000000 
0.227444 0.000000 
-0.987595 0.000000 
0.200306 0.000000 
-0.669647 -0.000000 
0.774217 -0.000000 
-0.778814 0.000000 
-0.039341 0.000000 
0.016686 -0.000000 
-0.466581 -0.000000 
-1.643430 -0.000000 
-0.234994 0.000000 
-0.728720 0.000000 
-0.438386 0.000000 
0.226517 -0.000000 
0.630335 -0.000000 
0.083236 0.000000 
-0.413504 0.000000 
-0.030663 -0.000000 
-0.423419 -0.000000 
0.229603 -0.000000 
0.811969 0.000000 
0.671604 0.000000 
-0.316494 0.000000 
0.166685 0.000000 
0.168713 -0.000000 
-0.417349 0.000000 
1.204724 0.000000 
-0.640742 0.000000 
0.155635 0.000000 
-0.220306 -0.000000 
0.205539 0.000000 
-0.274213 -0.000000 
0.927029 0.000000 
-0.747415 0.000000 
0.336638 0.000000 
0.262659 0.000000 
-1.479174 0.000000 
-0.235884 0.000000 
0.346196 -0.000000 
-0.932534 -0.000000 
0.249537 0.000000 
-0.189546 0.000000 
0.396030 0.000000 
0.182003 0.000000 
-1.000091 0.000000 
-0.443839 -0.000000 
0.049710 -0.000000 
-0.601953 0.000000 
-0.445825 0.000000 
0.022559 -0.000000 
0.589109 0.000000 
-0.424843 0.000000 
-0.759602 -0.000000 
0.425153 0.000000 
-0.153411 -0.000000 
-0.763807 0.000000 
0.007228 0.000000 
0.383560 -0.000000 
-0.478090 0.000000 
-0.574544 0.000000 
-0.012344 0.000000 
-0.771469 0.000000 
0.899538 -0.000000 
-0.486430 0.000000 
-0.447153 0.000000 
0.832522 0.000000 
-0.365273 0.000000 
-0.698782 -0.000000 
0.052666 0.000000 
0.523409 0.000000 
0.476264 -0.000000 
-0.456802 0.000000 
0.709069 0.000000 
0.427155 0.000000 
0.210290 0.000000 
-0.066281 -0.000000 
0.824827 0.000000 
0.356604 -0.000000 
1.100275 0.000000 
-0.238795 -0.000000 
-0.084562 0.000000 
0.083600 -0.000000 
-0.141562 -0.000000 
0.157155 -0.000000 
-0.572935 0.000000 
0.418447 0.000000 
0.669452 -0.000000 
-0.123362 0.000000 
-0.796998 0.000000 
0.409988 0.000000 
-0.375258 -0.000000 
-0.293027 0.000000 
-0.211567 0.000000 
-0.297197 0.000000 
0.319414 0.000000 
0.710235 -0.000000 
-0.634073 0.000000 
0.894317 0.000000 
-0.516525 0.000000 
-0.553975 -0.000000 
0.553309 -0.000000 
-0.081829 -0.000000 
-0.781545 -0.000000 
-0.223406 0.000000 
-0.126812 0.000000 
-0.660042 -0.000000 
0.283652 0.000000 
-0.303079 -0.000000 
-0.196691 0.000000 
-1.008931 0.000000 
0.340010 -0.000000 
-0.306200 0.000000 
1.107546 0.000000 
0.102696 -0.000000 
0.543525 0.000000 
0.021076 0.000000 
-0.286750 0.000000 
-0.664826 -0.000000 
-0.470541 0.000000 
-0.223339 -0.000000 
0.012887 0.000000 
-0.511781 0.000000 
0.269799 0.000000 
0.158024 0.000000 
-0.583049 0.000000 
0.581044 -0.000000 
-0.805051 -0.000000 
0.691190 0.000000 
0.153785 0.000000 
0.583015 -0.000000 
0.425803 0.000000 
0.370353 0.000000 
0.263604 0.000000 
-0.690553 -0.000000 
0.299762 0.000000 
-0.149084 0.000000 
-0.179204 0.000000 
0.392947 0.000000 
0.017522 -0.000000 
0.198327 0.000000 
0.458514 -0.000000 
1.043236 0.000000 
0.230794 0.000000 
-0.682607 0.000000 
-0.056973 -0.000000 
-0.121191 0.000000 
-0.420300 -0.000000 
0.013181 0.000000 
-0.434758 0.000000 
-0.338211 0.000000 
0.016730 0.000000 
0.007858 0.000000 
0.351270 0.000000 
-0.776321 0.000000 
-0.169418 0.000000 
-0.971575 0.000000 
-0.302499 0.000000 
-0.568114 -0.000000 
-1.060685 -0.000000 
0.010791 0.000000 
-0.144663 0.000000 
0.411634 0.000000 
-0.815747 -0.000000 
-0.821153 0.000000 
0.726971 0.000000 
0.033136 0.000000 
-0.288831 -0.000000 
0.879410 0.000000 
0.007873 -0.000000 
-0.375518 -0.000000 
-1.409996 0.000000 
-1.344815 -0.000000 
-0.249420 0.000000 
0.971679 0.000000 
0.367016 0.000000 
0.905145 -0.000000 
0.173130 -0.000000 
-0.264999 0.000000 
0.050101 -0.000000 
0.286250 0.000000 
-0.627298 -0.000000 
0.358127 0.000000 
-0.595942 -0.000000 
-0.146409 -0.000000 
0.235401 0.000000 
-0.170327 -0.000000 
0.544909 -0.000000 
-0.735883 0.000000 
-0.687739 0.000000 
-0.206135 0.000000 
0.360739 0.000000 
0.285067 0.000000 
0.419160 0.000000 
-0.148095 0.000000 
0.873674 0.000000 
0.441722 0.000000 
-0.545672 0.000000 
0.363144 0.000000 
-0.436813 0.000000 
-0.390339 0.000000 
0.285093 -0.000000 
0.183907 0.000000 
0.384704 -0.000000 
0.164735 0.000000 
0.733404 0.000000 
-0.824586 -0.000000 
-0.792799 -0.000000 
-0.555641 0.000000 
0.250153 0.000000 
-0.742262 -0.000000 
0.147069 0.000000 
-0.153934 -0.000000 
-0.152422 0.000000 
0.050972 -0.000000 
-0.538724 -0.000000 
-0.553482 -0.000000 
0.993137 0.000000 
1.018520 -0.000000 
0.532621 -0.000000 
0.045132 0.000000 
-0.892480 -0.000000 
-0.300566 0.000000 
0.426774 0.000000 
0.185952 0.000000 
-0.634693 0.000000 
-0.053283 0.000000 
-0.456578 0.000000 
0.042807 -0.000000 
-0.993098 -0.000000 
0.879659 0.000000 
0.526074 0.000000 
-0.366639 -0.000000 
-0.391073 0.000000 
-0.060170 0.000000 
0.466569 0.000000 
-0.506375 0.000000 
-0.230189 -0.000000 
-0.768948 -0.000000 
-0.018726 -0.000000 
-0.468498 0.000000 
1.022692 0.000000 
0.736398 -0.000000 
0.222207 -0.000000 
-0.844404 -0.000000 
0.451224 0.000000 
-1.045649 0.000000 
-0.230164 0.000000 
-0.106674 0.000000 
-0.017538 0.000000 
-0.399282 -0.000000 
0.261185 -0.000000 
-0.011371 -0.000000 
-0.317621 0.000000 
-0.344678 0.000000 
0.083668 0.000000 
-0.429978 0.000000 
0.930115 0.000000 
0.221269 0.000000 
0.348233 -0.000000 
-0.171817 0.000000 
0.468465 0.000000 
0.768284 0.000000 
-0.315484 0.000000 
0.545256 0.000000 
0.142376 0.000000 
-0.902804 0.000000 
0.322352 0.000000 
0.109546 0.000000 
-0.499364 0.000000 
-0.512307 0.000000 
-0.048184 0.000000 
0.742008 0.000000 
1.404043 0.000000 
0.774026 0.000000 
0.535428 0.000000 
0.192631 0.000000 
0.782351 -0.000000 
0.661533 0.000000 
0.428576 0.000000 
-0.808519 -0.000000 
-0.148989 0.000000 
0.705959 -0.000000 
0.023030 -0.000000 
-0.857407 0.000000 
0.235668 0.000000 
-0.051474 0.000000 
-0.682069 0.000000 
0.200575 0.000000 
-0.647742 -0.000000 
-0.590111 0.000000 
0.402872 0.000000 
0.544051 -0.000000 
-0.434105 0.000000 
0.593226 0.000000 
0.473750 -0.000000 
-0.056341 -0.000000 
0.058001 0.000000 
-0.165350 0.000000 
0.526668 0.000000 
-0.704063 -0.000000 
0.548757 0.000000 
-0.035184 0.000000 
0.416223 0.000000 
0.010482 0.000000 
0.295012 0.000000 
0.143824 -0.000000 
0.500168 -0.000000 
0.169284 0.000000 
0.574155 0.000000 
0.819889 0.000000 
0.075933 0.000000 
-0.593394 -0.000000 
0.011628 0.000000 
0.310439 0.000000 
0.072310 -0.000000 
0.010286 0.000000 
-0.176010 0.000000 
0.004661 0.000000 
0.658537 -0.000000 
1.152168 -0.000000 
0.633671 0.000000 
0.065970 -0.000000 
-0.286357 0.000000 
0.137320 0.000000 
0.067464 -0.000000 
-0.078114 -0.000000 
0.747885 0.000000 
0.095823 0.000000 
-0.422699 -0.000000 
-0.502143 0.000000 
-0.383191 -0.000000 
0.270585 0.000000 
0.116726 0.000000 
-0.313265 0.000000 
0.159366 0.000000 
0.161188 -0.000000 
-0.656371 0.000000 
-0.432876 0.000000 
0.056336 0.000000 
-0.168113 0.000000 
0.074238 0.000000 
0.141181 -0.000000 
0.963092 -0.000000 
0.161568 0.000000 
0.495273 0.000000 
-0.417175 0.000000 
0.010689 -0.000000 
0.378875 0.000000 
-0.097926 0.000000 
-0.515414 0.000000 
-0.214557 0.000000 
-0.418556 0.000000 
-0.511237 0.000000 
0.185910 0.000000 
0.022430 0.000000 
-0.496084 0.000000 
0.615717 0.000000 
0.448452 0.000000 
0.829832 0.000000 
1.711024 0.000000 
-0.047471 0.000000 
-0.883998 0.000000 
-0.333640 0.000000 
-0.504182 0.000000 
0.513543 0.000000 
0.638625 0.000000 
-0.648235 0.000000 
-0.021273 0.000000 
0.711097 -0.000000 
0.843076 -0.000000 
0.460144 -0.000000 
0.175929 -0.000000 
-0.128048 0.000000 
-0.929559 0.000000 
-0.123621 0.000000 
0.269451 -0.000000 
-0.145131 0.000000 
0.827260 0.000000 
1.380025 0.000000 
0.343756 0.000000 
0.064887 0.000000 
-0.604387 -0.000000 
-0.603193 -0.000000 
-0.711226 0.000000 
0.060537 -0.000000 
-0.515362 0.000000 
-0.177902 0.000000 
-0.196655 0.000000 
0.203679 -0.000000 
0.584838 0.000000 
0.744552 -0.000000 
0.005347 -0.000000 
-0.691374 0.000000 
0.199182 0.000000 
-0.577200 0.000000 
0.537827 -0.000000 
-0.327660 0.000000 
0.677367 0.000000 
0.921706 0.000000 
1.060769 -0.000000 
-0.198505 -0.000000 
-0.122237 0.000000 
0.943906 0.000000 
0.311220 -0.000000 
-0.047471 -0.000000 
0.012465 -0.000000 
-0.174906 -0.000000 
0.275156 0.000000 
0.229764 0.000000 
-0.300840 0.000000 
-1.007059 0.000000 
0.812307 0.000000 
0.276493 0.000000 
0.273940 0.000000 
-0.470798 0.000000 
0.476739 0.000000 
0.932506 0.000000 
0.495901 0.000000 
-0.808089 0.000000 
0.501906 0.000000 
0.271134 0.000000 
0.554387 0.000000 
-0.283363 0.000000 
-1.120460 0.000000 
0.247919 0.000000 
0.818640 0.000000 
0.284082 0.000000 
0.344138 0.000000 
0.150465 0.000000 
-0.540738 0.000000 
0.110312 0.000000 
-0.407912 0.000000 
-0.121149 0.000000 
-0.907248 0.000000 
0.303736 0.000000 
0.189507 0.000000 
0.261248 0.000000 
-0.546656 0.000000 
-0.766987 0.000000 
-0.746359 0.000000 
0.108759 0.000000 
-0.348292 -0.000000 
-0.043599 0.000000 
0.531634 0.000000 
0.552826 -0.000000 
0.209256 -0.000000 
0.378665 0.000000 
-0.667613 0.000000 
0.871428 0.000000 
-0.958717 -0.000000 
-0.785212 -0.000000 
-1.195832 0.000000 
-0.180390 -0.000000 
0.125721 0.000000 
0.630181 -0.000000 
0.040922 -0.000000 
0.606123 0.000000 
-0.276085 0.000000 
0.396491 0.000000 
-0.512267 -0.000000 
-0.584048 0.000000 
0.269036 0.000000 
0.349772 -0.000000 
0.106444 0.000000 
0.183510 0.000000 
-0.002786 0.000000 
-0.068046 0.000000 
0.971898 0.000000 
0.187990 0.000000 
0.212823 0.000000 
-0.944807 0.000000 
0.465218 0.000000 
0.053482 0.000000 
0.116300 0.000000 
0.758169 0.000000 
-0.883708 0.000000 
0.910005 0.000000 
-0.153894 0.000000 
-1.011051 0.000000 
-0.054679 0.000000 
0.622368 0.000000 
-0.133740 -0.000000 
-0.077841 -0.000000 
0.225595 0.000000 
-0.398979 0.000000 
-0.163809 0.000000 
0.491470 -0.000000 
-0.249131 -0.000000 
0.537716 0.000000 
-0.183958 -0.000000 
0.592056 0.000000 
-0.346373 0.000000 
0.494380 -0.000000 
-0.042469 -0.000000 
-0.256545 0.000000 
0.439344 -0.000000 
-1.011003 -0.000000 
0.102617 0.000000 
0.295946 -0.000000 
0.929311 0.000000 
-0.120453 -0.000000 
-0.164120 0.000000 
-0.259773 0.000000 
0.030668 0.000000 
0.715284 0.000000 
0.550824 0.000000 
0.322053 0.000000 
-0.595491 -0.000000 
-0.234865 0.000000 
0.384743 0.000000 
-0.555223 0.000000 
-0.049736 0.000000 
-0.774653 0.000000 
0.218618 0.000000 
0.040231 0.000000 
-0.421768 -0.000000 
-0.375078 0.000000 
0.336129 0.000000 
0.768320 0.000000 
-0.053469 -0.000000 
0.320205 -0.000000 
0.455895 0.000000 
-0.833744 0.000000 
-0.698730 0.000000 
-0.131591 -0.000000 
0.447838 0.000000 
0.862852 0.000000 
-0.496768 0.000000 
0.027081 0.000000 
-0.640207 -0.000000 
-0.141638 0.000000 
-0.037675 -0.000000 
0.561660 0.000000 
-0.824678 0.000000 
-0.497018 -0.000000 
-0.088819 -0.000000 
0.193519 0.000000 
-0.731071 0.000000 
-0.383036 0.000000 
-0.430867 -0.000000 
0.305372 0.000000 
0.407681 -0.000000 
-0.294963 -0.000000 
0.103172 0.000000 
-0.043699 0.000000 
0.940038 -0.000000 
0.062383 0.000000 
-0.673251 0.000000 
-0.354314 0.000000 
-0.532680 -0.000000 
-0.542546 -0.000000 
-0.576653 -0.000000 
0.465642 0.000000 
0.252292 -0.000000 
0.328888 -0.000000 
0.290546 -0.000000 
0.932867 0.000000 
-0.721691 -0.000000 
0.960538 -0.000000 
0.317396 -0.000000 
-0.154510 0.000000 
-0.057840 0.000000 
-0.945913 0.000000 
-0.488039 -0.000000 
0.835727 -0.000000 
0.603433 0.000000 
0.608688 -0.000000 
0.112451 0.000000 
0.389924 -0.000000 
0.649765 0.000000 
-0.073695 -0.000000 
1.126595 0.000000 
0.629941 -0.000000 
-0.028199 0.000000 
0.585371 0.000000 
0.417956 -0.000000 
0.128330 0.000000 
-0.274248 0.000000 
0.811281 0.000000 
-0.546764 0.000000 
-0.166327 0.000000 
0.445057 -0.000000 
-0.767122 -0.000000 
0.435494 0.000000 
-0.066909 0.000000 
-0.849407 0.000000 
0.033501 0.000000 
-0.258511 0.000000 
-0.916382 0.000000 
-0.208253 0.000000 
0.788771 0.000000 
0.397998 -0.000000 
0.019996 0.000000 
0.039416 -0.000000 
-0.035517 0.000000 
0.310625 0.000000 
0.340833 -0.000000 
-0.251468 0.000000 
-0.021502 0.000000 
-0.247328 0.000000 
0.388180 0.000000 
-0.148202 -0.000000 
-0.079559 0.000000 
-0.192809 0.000000 
-0.346236 0.000000 
0.194868 -0.000000 
0.013878 0.000000 
-0.016723 0.000000 
0.468083 -0.000000 
0.329261 0.000000 
-0.127673 0.000000 
-0.147772 0.000000 
-0.779605 0.000000 
0.758456 0.000000 
-0.059337 -0.000000 
0.126162 -0.000000 
-0.561227 0.000000 
-0.602102 0.000000 
0.420534 0.000000 
-0.185696 0.000000 
0.724002 0.000000 
-0.884461 0.000000 
-0.562556 0.000000 
-0.637653 -0.000000 
-0.144205 -0.000000 
0.889228 -0.000000 
-0.243718 0.000000 
0.638858 -0.000000 
-0.818312 -0.000000 
-1.179937 0.000000 
-0.043824 0.000000 
-0.732240 0.000000 
-0.321895 0.000000 
0.389570 0.000000 
0.150892 -0.000000 
-0.126365 0.000000 
0.623934 0.000000 
0.050061 0.000000 
0.660700 -0.000000 
-0.127539 0.000000 
-0.623361 0.000000 
0.193151 0.000000 
1.160513 -0.000000 
-0.019884 -0.000000 
0.764827 -0.000000 
-0.017737 0.000000 
-0.326240 -0.000000 
-0.254676 0.000000 
0.290979 -0.000000 
0.655372 0.000000 
0.298453 0.000000 
-0.469577 0.000000 
-0.585860 0.000000 
0.016755 0.000000 
0.569039 -0.000000 
-0.017329 0.000000 
-0.578201 0.000000 
0.376764 -0.000000 
-0.426072 -0.000000 
0.013564 0.000000 
0.209623 0.000000 
-0.515626 0.000000 
-0.533478 0.000000 
-0.682433 0.000000 
-0.674736 0.000000 
0.101368 0.000000 
-0.189943 -0.000000 
0.206764 0.000000 
-0.031605 0.000000 
0.565497 0.000000 
-0.629119 0.000000 
0.494145 0.000000 
-0.502921 -0.000000 
-0.462643 0.000000 
0.386490 0.000000 
-0.467496 0.000000 
0.028211 0.000000 
-0.535808 0.000000 
0.398942 0.000000 
-0.065602 0.000000 
0.408444 0.000000 
0.354692 0.000000 
0.225955 -0.000000 
0.262319 0.000000 
0.287010 0.000000 
-0.176415 0.000000 
-0.480992 0.000000 
0.084232 0.000000 
0.395100 -0.000000 
-0.258703 -0.000000 
-0.400780 -0.000000 
-0.698871 0.000000 
-0.366021 0.000000 
0.116130 0.000000 
0.434324 0.000000 
0.476514 0.000000 
-0.067071 0.000000 
-1.340620 0.000000 
0.943179 -0.000000 
0.025133 0.000000 
-0.243686 0.000000 
-0.085750 -0.000000 
-0.133811 0.000000 
0.094879 0.000000 
1.070782 -0.000000 
-0.427426 0.000000 
0.009171 0.000000 
0.198598 -0.000000 
-0.573489 -0.000000 
-0.643418 -0.000000 
-0.346149 -0.000000 
-0.099142 -0.000000 
0.189443 0.000000 
1.088606 0.000000 
0.481790 -0.000000 
0.641323 -0.000000 
0.615500 -0.000000 
-0.577989 0.000000 
0.760777 0.000000 
-0.467670 -0.000000 
-0.868567 0.000000 
0.001295 -0.000000 
0.254395 0.000000 
-0.100408 -0.000000 
0.823328 0.000000 
-0.211229 -0.000000 
-0.241192 -0.000000 
0.020051 0.000000 
-0.055307 0.000000 
1.260828 -0.000000 
0.601217 0.000000 
-0.184026 0.000000 
0.131039 0.000000 
-0.210820 0.000000 
-0.878595 -0.000000 
0.095233 0.000000 
-0.695836 0.000000 
-0.020303 -0.000000 
-0.166117 0.000000 
-0.190458 0.000000 
-0.168920 0.000000 
-0.767009 0.000000 
-0.130320 0.000000 
0.150410 0.000000 
0.286884 -0.000000 
0.759699 0.000000 
-0.442754 0.000000 
0.221914 0.000000 
0.172818 0.000000 
-0.321456 0.000000 
-0.870047 0.000000 
-0.470332 0.000000 
0.540994 0.000000 
-0.329025 0.000000 
-0.390006 0.000000 
-1.119487 0.000000 
-0.338091 0.000000 
0.121089 0.000000 
-0.211880 -0.000000 
-0.713614 0.000000 
-1.017434 0.000000 
-0.369376 0.000000 
-0.512003 -0.000000 
-0.429502 -0.000000 
-0.213620 -0.000000 
-0.226597 -0.000000 
-0.440853 0.000000 
-0.274394 0.000000 
-0.711483 0.000000 
0.443305 0.000000 
-0.315442 -0.000000 
0.206766 -0.000000 
0.566486 0.000000 
0.612284 0.000000 
0.044958 0.000000 
0.576948 0.000000 
-0.282964 0.000000 
1.148202 0.000000 
0.079584 0.000000 
0.259458 0.000000 
-0.832957 -0.000000 
-0.072047 -0.000000 
-0.165367 0.000000 
-0.085683 0.000000 
0.198628 0.000000 
-1.562742 -0.000000 
0.839678 -0.000000 
0.861788 -0.000000 
-0.040452 0.000000 
0.249748 -0.000000 
-0.052980 0.000000 
-0.073727 0.000000 
0.144239 -0.000000 
-0.751118 -0.000000 
0.046391 0.000000 
0.983874 0.000000 
0.185195 -0.000000 
0.423300 0.000000 
0.234348 0.000000 
-0.640810 0.000000 
0.014833 0.000000 
-0.608716 0.000000 
0.147301 0.000000 
-0.114711 0.000000 
0.363837 0.000000 
0.239152 -0.000000 
0.536950 -0.000000 
0.425412 -0.000000 
-0.163800 0.000000 
-0.693053 0.000000 
-0.152274 0.000000 
-0.087232 -0.000000 
-0.397285 -0.000000 
-0.439096 0.000000 
-0.020472 0.000000 
-0.471109 0.000000 
0.008810 0.000000 
-0.841834 -0.000000 
-0.718964 0.000000 
-0.174317 -0.000000 
-0.351835 0.000000 
-0.456078 0.000000 
0.430961 0.000000 
-0.218586 0.000000 
-0.184306 0.000000 
0.248536 0.000000 
0.558763 0.000000 
-0.198732 0.000000 
0.299785 -0.000000 
0.435148 -0.000000 
0.294039 0.000000 
-0.998581 0.000000 
0.444063 0.000000 
0.833014 0.000000 
0.613600 -0.000000 
0.291758 -0.000000 
-0.029542 -0.000000 
0.127852 0.000000 
-0.281313 -0.000000 
0.544172 0.000000 
0.361384 -0.000000 
0.289817 0.000000 
0.156342 -0.000000 
0.166682 -0.000000 
0.086884 0.000000 
-0.453320 -0.000000 
0.805972 0.000000 
-0.131427 0.000000 
-0.477993 0.000000 
0.194078 0.000000 
-0.324767 0.000000 
0.413891 -0.000000 
-0.171997 0.000000 
0.632508 0.000000 
0.481182 0.000000 
0.918393 -0.000000 
-0.088600 0.000000 
0.291195 0.000000 
-0.410445 0.000000 
-0.193258 -0.000000 
-0.605165 -0.000000 
0.107056 -0.000000 
0.426849 0.000000 
-0.189529 0.000000 
-0.058513 0.000000 
-0.713342 0.000000 
0.573769 0.000000 
-0.177341 -0.000000 
-0.416417 -0.000000 
-0.621693 0.000000 
0.055788 0.000000 
-0.269371 -0.000000 
-0.613791 -0.000000 
-0.785542 0.000000 
0.478315 0.000000 
-0.013469 -0.000000 
0.337476 0.000000 
0.045426 0.000000 
0.967651 0.000000 
0.571814 -0.000000 
-0.053150 -0.000000 
0.065971 0.000000 
0.814384 0.000000 
1.016142 0.000000 
0.558240 0.000000 
-0.102268 0.000000 
0.287203 0.000000 
1.397515 0.000000 
-0.030144 0.000000 
-0.028076 0.000000 
0.445912 0.000000 
0.022569 0.000000 
0.210549 0.000000 
-0.362059 0.000000 
0.415531 0.000000 
-0.650741 -0.000000 
0.925167 -0.000000 
-0.366736 0.000000 
-0.443869 0.000000 
0.189199 -0.000000 
-0.515100 0.000000 
-0.138866 -0.000000 
-0.335787 0.000000 
-0.209369 -0.000000 
0.479375 0.000000 
-0.476733 -0.000000 
0.152278 0.000000 
-0.046916 0.000000 
-0.211169 -0.000000 
0.155840 0.000000 
-0.295714 -0.000000 
-0.092646 0.000000 
-0.052991 -0.000000 
-0.130756 -0.000000 
0.553427 0.000000 
0.414862 -0.000000 
-0.317076 -0.000000 
-0.017580 0.000000 
0.439693 0.000000 
0.145928 0.000000 
0.481334 0.000000 
-0.246049 0.000000 
0.006523 -0.000000 
0.791573 -0.000000 
0.228800 -0.000000 
0.074746 -0.000000 
-0.154154 0.000000 
0.430373 -0.000000 
0.294518 0.000000 
-0.681778 0.000000 
0.217572 0.000000 
-0.319791 0.000000 
-0.723845 -0.000000 
0.238910 0.000000 
-0.371552 -0.000000 
-0.117130 0.000000 
0.067214 0.000000 
-0.574938 0.000000 
-0.615119 0.000000 
0.221859 0.000000 
-0.460477 -0.000000 
-0.148788 0.000000 
-0.469923 -0.000000 
-0.012177 0.000000 
0.273651 0.000000 
0.212483 -0.000000 
0.297393 -0.000000 
-0.815305 0.000000 
-0.540907 0.000000 
-1.163428 0.000000 
-0.631685 -0.000000 
0.252155 -0.000000 
-0.419222 0.000000 
-0.419380 0.000000 
0.136752 -0.000000 
-0.671331 0.000000 
-0.039724 0.000000 
0.029221 0.000000 
-0.633283 0.000000 
0.512684 0.000000 
-0.620621 0.000000 
-0.215497 0.000000 
0.499081 0.000000 
-0.220642 0.000000 
-0.332645 0.000000 
-0.122383 0.000000 
-0.196482 0.000000 
1.048100 -0.000000 
-0.950085 0.000000 
0.705059 0.000000 
0.561411 0.000000 
0.962120 0.000000 
0.714673 -0.000000 
0.754031 0.000000 
0.586885 -0.000000 
-0.070913 0.000000 
0.314027 -0.000000 
-0.570978 0.000000 
0.457135 0.000000 
0.272221 0.000000 
-0.112488 0.000000 
-0.390826 -0.000000 
-0.382366 0.000000 
0.250820 -0.000000 
0.183811 0.000000 
0.596133 0.000000 
-0.221036 0.000000 
-0.450342 -0.000000 
0.694361 0.000000 
0.589991 0.000000 
0.076233 -0.000000 
-0.175710 0.000000 
0.133128 0.000000 
-0.014707 0.000000 
0.413587 -0.000000 
-0.714544 0.000000 
-0.367097 -0.000000 
0.402314 0.000000 
-1.300379 0.000000 
-0.019847 0.000000 
0.991296 0.000000 
0.022722 -0.000000 
-0.413358 0.000000 
-0.105700 0.000000 
0.162044 0.000000 
0.131816 0.000000 
0.717110 0.000000 
0.369706 0.000000 
0.690319 -0.000000 
0.371070 0.000000 
-0.195421 -0.000000 
0.884741 0.000000 
0.075172 -0.000000 
0.224470 0.000000 
-0.163743 -0.000000 
0.093273 0.000000 
-0.990002 -0.000000 
0.000531 0.000000 
-0.167979 0.000000 
-0.055791 0.000000 
0.381374 0.000000 
0.582338 0.000000 
-0.242943 0.000000 
0.377181 0.000000 
-0.058062 0.000000 
-0.998618 0.000000 
-0.969194 0.000000 
0.704121 0.000000 
-0.033080 0.000000 
-0.254268 -0.000000 
-0.161037 0.000000 
-0.508041 0.000000 
-0.171176 0.000000 
0.758338 -0.000000 
-0.570670 -0.000000 
-0.388265 0.000000 
0.253279 0.000000 
0.046926 0.000000 
0.312371 0.000000 
1.132449 0.000000 
0.090854 0.000000 
-0.050074 0.000000 
-0.778866 0.000000 
0.373294 0.000000 
-0.282090 0.000000 
-0.248537 0.000000 
0.884950 0.000000 
0.412676 0.000000 
1.331204 0.000000 
0.092202 0.000000 
0.281454 -0.000000 
0.297372 0.000000 
0.399412 0.000000 
0.404593 0.000000 
0.084632 -0.000000 
-0.338056 -0.000000 
0.086631 0.000000 
-0.399917 0.000000 
0.464309 0.000000 
-0.149425 0.000000 
-0.117902 0.000000 
1.623674 0.000000 
-0.000293 0.000000 
0.008194 0.000000 
-0.715074 0.000000 
-0.230184 0.000000 
0.700180 0.000000 
0.087643 -0.000000 
-0.183528 0.000000 
0.000835 0.000000 
-0.593845 0.000000 
0.234454 0.000000 
0.662801 0.000000 
0.614293 0.000000 
-0.749388 0.000000 
-0.189530 0.000000 
-0.110933 0.000000 
-0.517217 0.000000 
0.356660 0.000000 
1.632808 0.000000 
-0.472644 0.000000 
0.193060 -0.000000 
-0.047834 0.000000 
0.859420 0.000000 
0.047601 0.000000 
0.391696 -0.000000 
1.034028 0.000000 
-0.001757 0.000000 
-1.095058 0.000000 
0.903470 0.000000 
-1.201066 -0.000000 
-0.151007 -0.000000 
0.433430 -0.000000 
-0.769713 0.000000 
0.657030 0.000000 
0.123646 0.000000 
0.094731 0.000000 
0.299504 0.000000 
0.150668 0.000000 
0.203654 0.000000 
-0.041774 0.000000 
0.107045 -0.000000 
-0.678543 -0.000000 
-0.593269 0.000000 
-0.835225 0.000000 
0.942067 0.000000 
-0.355742 -0.000000 
1.083024 -0.000000 
0.274714 -0.000000 
0.270612 0.000000 
-0.977285 0.000000 
-0.724980 0.000000 
0.154711 0.000000 
-0.096744 -0.000000 
0.373313 0.000000 
0.444364 0.000000 
0.054445 -0.000000 
-0.938567 0.000000 
0.172326 -0.000000 
-0.409404 0.000000 
-0.258119 0.000000 
-0.506752 0.000000 
1.115191 0.000000 
-0.633240 -0.000000 
-0.582789 0.000000 
-0.277434 0.000000 
0.310183 -0.000000 
0.854201 -0.000000 
-0.327948 -0.000000 
0.460421 -0.000000 
-0.019072 0.000000 
0.327519 0.000000 
0.207402 -0.000000 
-0.054006 0.000000 
-0.193489 0.000000 
-0.072936 0.000000 
-0.635346 0.000000 
-0.441720 0.000000 
0.974654 -0.000000 
-0.486288 -0.000000 
-0.193193 0.000000 
-0.910644 -0.000000 
0.189459 0.000000 
-0.310566 -0.000000 
-0.017351 0.000000 
0.240460 -0.000000 
-0.249939 -0.000000 
0.537614 -0.000000 
-0.124747 -0.000000 
0.242424 0.000000 
-0.018469 0.000000 
0.510017 0.000000 
-0.227728 0.000000 
0.210873 0.000000 
-0.870291 -0.000000 
-0.340897 0.000000 
0.894775 0.000000 
0.690838 0.000000 
0.346331 0.000000 
-0.141153 -0.000000 
-0.021906 -0.000000 
-0.146909 -0.000000 
-0.320460 -0.000000 
-1.138847 0.000000 
0.358314 -0.000000 
0.733971 0.000000 
-0.009279 0.000000 
0.943779 0.000000 
-0.186993 0.000000 
-0.077050 0.000000 
0.614638 0.000000 
-0.294311 -0.000000 
-0.236300 0.000000 
0.141388 -0.000000 
-0.105422 0.000000 
0.309305 0.000000 
0.642917 0.000000 
0.545105 0.000000 
0.084573 0.000000 
0.338986 0.000000 
0.070689 -0.000000 
-0.018521 0.000000 
-0.168740 0.000000 
-0.189075 0.000000 
0.161522 0.000000 
0.804551 0.000000 
-0.145112 0.000000 
0.389184 0.000000 
0.166606 0.000000 
-0.155623 -0.000000 
-0.152783 0.000000 
-0.149649 0.000000 
1.220825 -0.000000 
-0.023680 0.000000 
0.453786 0.000000 
-0.364667 0.000000 
0.043678 0.000000 
0.191179 0.000000 
0.529198 0.000000 
0.591357 0.000000 
-0.173129 0.000000 
-0.355730 -0.000000 
0.074804 0.000000 
-0.748538 0.000000 
0.325804 -0.000000 
-0.276807 0.000000 
0.652095 0.000000 
0.484277 0.000000 
-0.376256 -0.000000 
-0.062678 0.000000 
-0.701212 0.000000 
0.323538 0.000000 
-0.381267 0.000000 
0.513195 0.000000 
-0.007990 0.000000 
-0.117006 -0.000000 
-0.431135 0.000000 
0.450985 -0.000000 
0.441016 0.000000 
-0.005980 -0.000000 
0.235298 0.000000 
0.015252 -0.000000 
0.655373 -0.000000 
0.231024 -0.000000 
-0.156213 0.000000 
-0.432282 0.000000 
-0.488222 0.000000 
-0.478504 0.000000 
-0.159618 0.000000 
-0.726339 0.000000 
0.095608 0.000000 
0.464476 -0.000000 
0.625516 -0.000000 
-0.870017 0.000000 
-1.076969 -0.000000 
0.247989 0.000000 
0.155702 0.000000 
0.547155 0.000000 
0.029331 0.000000 
-0.122971 0.000000 
-0.214662 0.000000 
0.176581 -0.000000 
0.078397 0.000000 
-0.661249 -0.000000 
-0.087535 0.000000 
0.321311 0.000000 
-0.386714 -0.000000 
-1.057598 0.000000 
0.191744 0.000000 
-0.700265 0.000000 
0.513262 -0.000000 
0.869640 0.000000 
0.017571 0.000000 
0.012268 -0.000000 
-0.231319 -0.000000 
-0.183596 -0.000000 
0.063425 0.000000 
-0.257410 0.000000 
0.333444 0.000000 
0.611319 0.000000 
0.809528 0.000000 
0.182735 -0.000000 
-0.189131 0.000000 
-0.472044 -0.000000 
-0.101090 0.000000 
0.836913 0.000000 
0.451500 0.000000 
0.356414 0.000000 
0.142933 0.000000 
0.557240 0.000000 
-1.110832 -0.000000 
-0.130431 -0.000000 
-0.147094 0.000000 
-0.432864 0.000000 
0.851225 0.000000 
0.343136 0.000000 
-0.139763 0.000000 
0.495359 -0.000000 
-0.531015 0.000000 
-0.500023 -0.000000 
-0.092764 -0.000000 
-0.426524 0.000000 
0.322422 0.000000 
-0.001285 -0.000000 
-0.471129 -0.000000 
0.172903 0.000000 
0.426638 -0.000000 
-0.980904 0.000000 
-0.859643 -0.000000 
0.821790 0.000000 
0.463131 0.000000 
0.198069 -0.000000 
0.128424 -0.000000 
0.027989 -0.000000 
0.511907 0.000000 
-0.275122 0.000000 
-0.496425 0.000000 
0.229928 0.000000 
-0.037064 0.000000 
0.011146 -0.000000 
-0.862093 -0.000000 
-0.135501 -0.000000 
-0.647659 0.000000 
-0.224877 0.000000 
-0.476949 0.000000 
-0.557681 0.000000 
0.914278 -0.000000 
0.498625 0.000000 
-0.032749 0.000000 
0.287509 -0.000000 
0.009542 -0.000000 
0.503735 0.000000 
0.661129 0.000000 
0.393507 -0.000000 
0.018916 0.000000 
-0.084117 0.000000 
0.383965 -0.000000 
0.538040 -0.000000 
0.540771 -0.000000 
0.216197 0.000000 
0.018737 0.000000 
0.085902 0.000000 
-0.389333 0.000000 
-0.120698 -0.000000 
-0.615766 0.000000 
-0.134318 0.000000 
-0.456332 0.000000 
-0.457565 0.000000 
0.443229 0.000000 
0.180018 -0.000000 
-0.335736 0.000000 
0.483831 -0.000000 
0.487412 0.000000 
0.013020 0.000000 
0.153182 0.000000 
0.694840 -0.000000 
-0.059934 -0.000000 
-0.982797 -0.000000 
0.132333 0.000000 
0.136076 -0.000000 
0.113041 0.000000 
0.316822 0.000000 
0.513080 0.000000 
-0.400121 0.000000 
-0.703717 -0.000000 
0.448185 -0.000000 
0.198069 0.000000 
-0.143961 -0.000000 
0.102127 -0.000000 
0.863793 -0.000000 
0.187634 0.000000 
-0.344498 0.000000 
-0.856381 -0.000000 
0.693957 0.000000 
-0.852297 0.000000 
-0.054741 0.000000 
0.391381 0.000000 
0.181519 0.000000 
-0.356132 0.000000 
0.758461 -0.000000 
-0.549828 0.000000 
-0.145201 -0.000000 
0.224221 0.000000 
0.109957 -0.000000 
0.118835 0.000000 
0.347422 -0.000000 
-0.034240 0.000000 
-0.871812 -0.000000 
0.201508 -0.000000 
-0.083859 -0.000000 
-0.069215 0.000000 
-0.428965 -0.000000 
0.135965 0.000000 
0.286701 -0.000000 
0.274677 0.000000 
-0.239489 0.000000 
-0.860609 0.000000 
-0.248448 0.000000 
0.286633 0.000000 
0.413712 0.000000 
0.446256 -0.000000 
0.285068 -0.000000 
-0.423196 0.000000 
0.394380 -0.000000 
-0.066750 0.000000 
-0.580842 -0.000000 
0.008407 0.000000 
-0.541277 0.000000 
0.468178 0.000000 
0.112512 0.000000 
0.981341 0.000000 
1.160542 -0.000000 
0.042865 -0.000000 
-0.745013 0.000000 
0.926555 0.000000 
0.085995 0.000000 
0.287670 -0.000000 
-0.495670 0.000000 
-0.213837 0.000000 
-0.831732 0.000000 
0.194550 0.000000 
0.369522 0.000000 
-0.608550 0.000000 
0.124226 0.000000 
-0.314990 0.000000 
-0.413122 -0.000000 
-0.539665 0.000000 
0.196936 0.000000 
0.034051 0.000000 
0.815182 -0.000000 
0.693711 0.000000 
-0.348994 0.000000 
0.099840 -0.000000 
-0.363788 -0.000000 
0.662925 0.000000 
0.378602 -0.000000 
0.529238 0.000000 
0.374610 0.000000 
1.056484 0.000000 
-0.437529 -0.000000 
0.372032 0.000000 
-0.020180 0.000000 
-0.454413 -0.000000 
0.378408 0.000000 
0.206817 -0.000000 
0.291059 0.000000 
0.779054 0.000000 
0.201684 0.000000 
0.925184 -0.000000 
0.225276 0.000000 
0.212280 -0.000000 
-0.556754 -0.000000 
0.206594 0.000000 
-0.207741 0.000000 
-0.317539 0.000000 
0.327238 0.000000 
-0.391824 0.000000 
-0.725326 -0.000000 
0.698138 0.000000 
-0.380943 0.000000 
-0.645378 -0.000000 
0.807645 -0.000000 
0.666868 0.000000 
-0.877207 0.000000 
-0.394850 0.000000 
0.200205 -0.000000 
0.022785 0.000000 
-0.337922 -0.000000 
-0.221060 -0.000000 
-0.535327 0.000000 
0.591973 0.000000 
0.240616 -0.000000 
0.526882 0.000000 
-0.692327 0.000000 
0.024763 -0.000000 
0.088220 0.000000 
-0.265093 0.000000 
0.620783 -0.000000 
-0.531901 0.000000 
-0.591787 0.000000 
0.703783 0.000000 
0.685486 0.000000 
-0.375565 0.000000 
-0.474396 -0.000000 
-0.068509 0.000000 
-0.211697 -0.000000 
-0.852071 0.000000 
-0.318560 0.000000 
0.327629 -0.000000 
-0.077327 -0.000000 
0.503694 0.000000 
1.077406 0.000000 
0.710372 -0.000000 
0.643012 0.000000 
0.023737 0.000000 
-0.740840 -0.000000 
-0.734432 0.000000 
-0.769303 0.000000 
-0.024751 -0.000000 
0.481587 -0.000000 
0.106600 -0.000000 
-0.167407 0.000000 
-0.981084 -0.000000 
-0.477086 0.000000 
-0.325101 -0.000000 
-0.472475 0.000000 
-0.318113 0.000000 
0.020812 -0.000000 
-0.078182 0.000000 
0.406500 0.000000 
-0.201620 0.000000 
0.077567 0.000000 
0.067776 -0.000000 
-0.130050 0.000000 
-0.127504 0.000000 
-0.521235 -0.000000 
0.487404 -0.000000 
-0.785825 0.000000 
-0.143589 -0.000000 
-0.493385 -0.000000 
-0.320747 0.000000 
0.332530 0.000000 
-0.157369 0.000000 
-0.451963 0.000000 
0.687380 0.000000 
-0.343926 0.000000 
-0.499962 0.000000 
0.213616 0.000000 
0.069232 -0.000000 
-0.014174 0.000000 
-0.333234 -0.000000 
-0.959988 0.000000 
-0.545042 0.000000 
-0.424872 0.000000 
0.015475 0.000000 
0.382752 0.000000 
0.313597 -0.000000 
-0.412835 0.000000 
0.686929 0.000000 
0.409208 0.000000 
0.169438 -0.000000 
0.329031 0.000000 
0.022208 -0.000000 
-0.542691 0.000000 
0.475576 -0.000000 
-0.141931 -0.000000 
0.340878 -0.000000 
-0.414994 0.000000 
-0.282314 -0.000000 
-1.024636 -0.000000 
0.323384 0.000000 
0.214810 0.000000 
-0.878509 -0.000000 
-0.219309 -0.000000 
-0.401403 0.000000 
0.007897 0.000000 
-0.719783 -0.000000 
0.383677 0.000000 
-0.230067 0.000000 
0.461796 0.000000 
-0.054667 0.000000 
0.154712 0.000000 
0.191872 0.000000 
0.608653 0.000000 
-0.613799 0.000000 
0.368809 -0.000000 
0.177354 0.000000 
0.785354 0.000000 
0.226837 0.000000 
0.035611 0.000000 
0.223639 -0.000000 
-0.053863 -0.000000 
-0.341231 0.000000 
-0.000554 0.000000 
-0.053428 0.000000 
0.096963 0.000000 
0.747898 0.000000 
0.529877 0.000000 
-0.109810 0.000000 
0.154111 0.000000 
-0.194556 -0.000000 
-0.548781 -0.000000 
-0.030892 0.000000 
0.583879 0.000000 
0.842374 0.000000 
0.137610 0.000000 
-0.404222 0.000000 
0.112822 -0.000000 
0.736233 0.000000 
0.373847 0.000000 
0.773731 -0.000000 
-0.354759 0.000000 
-0.423949 0.000000 
0.873422 0.000000 
0.460158 -0.000000 
-1.300447 0.000000 
0.251572 0.000000 
0.620942 0.000000 
0.237709 -0.000000 
0.520879 -0.000000 
-0.338370 0.000000 
0.026116 -0.000000 
0.389586 0.000000 
0.216305 -0.000000 
0.351747 0.000000 
0.120605 -0.000000 
0.305138 -0.000000 
-0.040218 0.000000 
-0.261765 0.000000 
0.688275 0.000000 
0.414549 -0.000000 
0.136914 0.000000 
0.591400 0.000000 
0.198635 0.000000 
-0.321875 0.000000 
-0.570791 0.000000 
0.123680 -0.000000 
0.482188 0.000000 
0.104607 -0.000000 
-0.339021 0.000000 
0.148613 0.000000 
-0.036182 -0.000000 
0.150687 -0.000000 
0.500014 0.000000 
0.254972 0.000000 
-0.853279 -0.000000 
-0.011622 -0.000000 
0.190242 -0.000000 
-0.211969 0.000000 
-0.424375 0.000000 
0.628667 0.000000 
-0.164410 0.000000 
0.707842 -0.000000 
-0.348055 0.000000 
0.137899 -0.000000 
-0.780487 0.000000 
-0.169734 0.000000 
-0.021318 0.000000 
-0.396313 0.000000 
-0.338894 0.000000 
0.582027 0.000000 
0.322485 0.000000 
-0.286074 -0.000000 
-0.594865 -0.000000 
-0.251533 -0.000000 
-0.307434 -0.000000 
1.479204 -0.000000 
-0.117826 -0.000000 
-0.426317 0.000000 
-0.019428 -0.000000 
-0.385702 -0.000000 
0.128700 0.000000 
-0.018318 0.000000 
0.219277 0.000000 
-0.342397 -0.000000 
-0.368280 0.000000 
1.100061 -0.000000 
-0.362824 0.000000 
0.057249 0.000000 
0.354292 0.000000 
-0.190699 -0.000000 
1.116373 0.000000 
0.151761 0.000000 
0.384217 -0.000000 
0.048555 0.000000 
-0.434084 -0.000000 
0.810445 -0.000000 
-0.127350 0.000000 
0.235928 0.000000 
-0.105935 0.000000 
0.131646 -0.000000 
-0.803230 -0.000000 
-0.473605 0.000000 
-0.804242 0.000000 
0.592033 0.000000 
0.250804 0.000000 
0.351538 0.000000 
-0.020827 0.000000 
0.099049 0.000000 
-0.106802 0.000000 
0.400565 0.000000 
0.015694 0.000000 
1.139049 0.000000 
0.066028 0.000000 
0.347035 0.000000 
0.461155 0.000000 
0.192006 0.000000 
0.064353 0.000000 
0.502309 0.000000 
-0.140480 0.000000 
0.399025 0.000000 
0.582779 0.000000 
0.408983 -0.000000 
0.293903 0.000000 
0.812937 -0.000000 
0.417841 0.000000 
-0.521897 -0.000000 
-0.529609 0.000000 
-0.158881 0.000000 
1.225017 -0.000000 
-0.176325 0.000000 
-0.259335 0.000000 
0.927612 0.000000 
0.206868 -0.000000 
0.287149 -0.000000 
0.877445 0.000000 
-0.481060 -0.000000 
0.328906 -0.000000 
0.393993 0.000000 
0.009484 -0.000000 
-0.248563 0.000000 
0.520169 0.000000 
-0.719657 0.000000 
0.393211 0.000000 
0.388887 0.000000 
-0.469794 0.000000 
-0.373885 0.000000 
-0.169680 0.000000 
-0.935802 0.000000 
0.376150 -0.000000 
-0.792660 0.000000 
-0.439216 0.000000 
-0.785734 -0.000000 
-1.059915 0.000000 
0.514181 0.000000 
-0.218785 -0.000000 
0.776493 -0.000000 
-0.223187 0.000000 
-0.678887 0.000000 
-0.458951 0.000000 
-0.514500 0.000000 
0.053175 -0.000000 
0.833299 0.000000 
-0.565591 -0.000000 
-0.199773 0.000000 
-0.282500 0.000000 
0.023986 0.000000 
-0.157838 0.000000 
-0.565690 -0.000000 
-1.173359 -0.000000 
-0.067673 0.000000 
0.387572 0.000000 
-0.396612 0.000000 
0.162000 0.000000 
0.131631 0.000000 
0.333738 0.000000 
-0.851875 0.000000 
-0.853616 0.000000 
0.275668 0.000000 
0.749454 0.000000 
-0.297608 -0.000000 
0.447212 -0.000000 
0.029991 0.000000 
0.561644 0.000000 
-1.098402 -0.000000 
0.611132 0.000000 
0.237427 0.000000 
0.183081 -0.000000 
-0.255796 0.000000 
1.048586 -0.000000 
-0.275297 -0.000000 
0.270655 0.000000 
0.788936 -0.000000 
-0.541610 0.000000 
-0.661855 -0.000000 
0.347619 0.000000 
-0.759902 0.000000 
0.381396 0.000000 
-0.367984 0.000000 
-0.326772 0.000000 
0.513448 -0.000000 
0.728326 0.000000 
0.153774 0.000000 
-0.148551 0.000000 
-0.464263 0.000000 
1.161125 -0.000000 
0.916336 0.000000 
0.134911 0.000000 
0.366135 -0.000000 
-0.152696 0.000000 
0.351172 0.000000 
-0.252416 -0.000000 
0.759571 0.000000 
0.152868 0.000000 
0.508513 0.000000 
-0.269285 0.000000 
-0.573191 -0.000000 
0.098960 0.000000 
0.141930 -0.000000 
-0.349393 -0.000000 
0.142544 -0.000000 
-0.076115 -0.000000 
-0.009158 -0.000000 
-0.095289 0.000000 
0.270903 -0.000000 
-0.711226 -0.000000 
0.258301 0.000000 
0.046224 0.000000 
-0.423424 0.000000 
-1.110588 -0.000000 
-0.298316 0.000000 
0.198091 0.000000 
0.352953 -0.000000 
-1.132214 0.000000 
-0.043807 0.000000 
0.363984 0.000000 
-0.001442 0.000000 
0.222606 0.000000 
-0.471097 0.000000 
0.651307 0.000000 
0.052883 0.000000 
-0.271545 0.000000 
-0.647400 0.000000 
0.186591 0.000000 
-0.183090 0.000000 
0.397192 -0.000000 
-0.269263 -0.000000 
0.200480 -0.000000 
-0.231375 0.000000 
-0.535730 0.000000 
-0.466555 0.000000 
-0.184417 0.000000 
-0.057619 0.000000 
0.216503 -0.000000 
-0.222430 0.000000 
-0.587664 -0.000000 
0.982695 0.000000 
-0.811776 0.000000 
0.640413 0.000000 
0.301316 0.000000 
-0.376826 0.000000 
0.115731 0.000000 
-0.101294 0.000000 
-0.894131 0.000000 
-0.410655 0.000000 
1.484487 -0.000000 
-0.586058 0.000000 
-0.767500 -0.000000 
0.365263 0.000000 
-0.728206 -0.000000 
-0.775798 0.000000 
0.169627 0.000000 
-0.198141 0.000000 
0.168215 0.000000 
0.109661 0.000000 
-0.331662 -0.000000 
-0.129050 0.000000 
0.638080 0.000000 
-0.581707 0.000000 
0.829591 0.000000 
-0.742087 -0.000000 
-0.261246 0.000000 
-0.552026 0.000000 
-0.303144 -0.000000 
-0.207461 0.000000 
-1.300626 0.000000 
-0.627083 -0.000000 
-0.068840 0.000000 
0.587806 0.000000 
-0.305218 -0.000000 
0.773660 0.000000 
-0.279992 0.000000 
-0.418069 0.000000 
-0.874169 -0.000000 
0.539964 -0.000000 
-0.443041 0.000000 
-0.145394 0.000000 
-0.314284 -0.000000 
0.435350 0.000000 
-0.930619 -0.000000 
-0.037508 -0.000000 
-0.189463 0.000000 
-0.031338 0.000000 
-0.183122 0.000000 
-0.163067 -0.000000 
0.012364 0.000000 
-0.454416 -0.000000 
-0.012782 0.000000 
0.350107 0.000000 
0.539133 0.000000 
-0.776916 -0.000000 
0.882162 0.000000 
-1.232650 0.000000 
0.195635 0.000000 
-0.014302 0.000000 
-1.285059 0.000000 
-0.192120 0.000000 
0.411554 0.000000 
-0.024147 -0.000000 
0.296685 -0.000000 
-0.464953 0.000000 
0.325193 -0.000000 
0.608088 0.000000 
-0.546192 0.000000 
0.255941 0.000000 
-0.235639 0.000000 
-0.728893 0.000000 
-0.749873 0.000000 
0.575553 0.000000 
-0.124875 -0.000000 
-0.006402 0.000000 
-0.713780 0.000000 
-1.080735 0.000000 
-0.472228 0.000000 
0.586455 -0.000000 
0.251973 0.000000 
-0.789258 -0.000000 
-0.350224 0.000000 
0.082240 -0.000000 
0.582687 0.000000 
-0.004045 0.000000 
-0.374561 0.000000 
-0.108883 -0.000000 
-0.096139 0.000000 
-0.235189 0.000000 
0.418290 0.000000 
0.276814 0.000000 
-0.207284 0.000000 
0.137370 0.000000 
0.000814 -0.000000 
0.015328 0.000000 
0.067555 0.000000 
-0.160325 0.000000 
-0.347902 0.000000 
0.113248 -0.000000 
0.738452 0.000000 
0.664029 -0.000000 
-0.960474 0.000000 
0.476778 -0.000000 
-0.724729 0.000000 
-0.565749 0.000000 
-0.290989 0.000000 
-0.398202 -0.000000 
0.509014 0.000000 
0.161345 -0.000000 
0.999985 0.000000 
-0.871102 0.000000 
0.524661 0.000000 
0.251121 0.000000 
-0.069007 -0.000000 
0.361386 0.000000 
0.153586 0.000000 
-0.289031 0.000000 
0.216750 -0.000000 
0.063549 -0.000000 
0.128383 0.000000 
-0.132643 -0.000000 
0.053218 0.000000 
0.075052 -0.000000 
0.219543 -0.000000 
0.371724 0.000000 
0.029474 -0.000000 
0.338385 -0.000000 
0.525951 0.000000 
-0.051709 0.000000 
0.198483 0.000000 
-0.300942 -0.000000 
-0.026861 0.000000 
0.587655 0.000000 
-0.628864 0.000000 
-0.101956 -0.000000 
-0.897975 0.000000 
-0.568823 -0.000000 
0.536856 0.000000 
0.370440 0.000000 
0.488526 0.000000 
-0.674087 0.000000 
-0.895221 0.000000 
0.074575 -0.000000 
0.377426 0.000000 
0.658374 0.000000 
-0.018357 -0.000000 
-0.595088 0.000000 
0.638911 -0.000000 
-0.441088 0.000000 
-0.560211 0.000000 
-0.758708 0.000000 
0.426025 0.000000 
0.126903 0.000000 
-0.406309 -0.000000 
0.122250 -0.000000 
0.174343 0.000000 
-0.067065 -0.000000 
-0.292725 0.000000 
0.402943 0.000000 
-0.039420 0.000000 
0.497608 0.000000 
0.547214 -0.000000 
0.343563 -0.000000 
0.118865 -0.000000 
-0.323648 -0.000000 
0.671183 0.000000 
-0.440617 -0.000000 
0.700062 0.000000 
-0.875918 0.000000 
-0.793195 0.000000 
0.276545 0.000000 
0.097069 0.000000 
0.193462 0.000000 
0.651270 0.000000 
-0.773660 0.000000 
0.283984 -0.000000 
0.209797 0.000000 
0.697956 0.000000 
0.867037 0.000000 
0.186812 0.000000 
0.303682 0.000000 
-0.571100 -0.000000 
0.176931 0.000000 
-0.165026 0.000000 
-1.118600 0.000000 
-0.108617 0.000000 
-0.470651 0.000000 
0.216484 0.000000 
0.555586 -0.000000 
-0.069817 0.000000 
1.780741 -0.000000 
-1.119509 0.000000 
-0.043661 0.000000 
-0.363561 0.000000 
0.331228 0.000000 
0.294147 0.000000 
-0.622003 0.000000 
-0.377670 0.000000 
0.765001 0.000000 
0.376508 0.000000 
-0.290003 0.000000 
0.621785 -0.000000 
-0.581468 0.000000 
0.666715 -0.000000 
0.597347 -0.000000 
-0.435800 0.000000 
0.443001 0.000000 
0.791822 -0.000000 
-0.454367 -0.000000 
0.957184 -0.000000 
-1.057120 0.000000 
0.186003 0.000000 
0.549280 0.000000 
0.128486 0.000000 
-0.368972 -0.000000 
0.171462 0.000000 
-0.184660 0.000000 
0.196486 0.000000 
-0.187868 0.000000 
-0.582281 0.000000 
-0.735880 0.000000 
0.281682 0.000000 
-0.352619 0.000000 
1.008077 0.000000 
0.116572 0.000000 
0.047925 0.000000 
-0.063338 0.000000 
-0.405015 0.000000 
-0.420556 -0.000000 
0.106480 0.000000 
-0.123133 -0.000000 
0.138438 0.000000 
0.124014 -0.000000 
-0.137605 0.000000 
0.020569 0.000000 
0.029487 0.000000 
0.491676 0.000000 
-0.195687 -0.000000 
-0.135861 -0.000000 
-0.620451 -0.000000 
0.086006 0.000000 
-0.432724 -0.000000 
0.691616 -0.000000 
0.159329 -0.000000 
0.096967 -0.000000 
-0.271876 -0.000000 
-0.316344 -0.000000 
0.351477 -0.000000 
-0.183889 0.000000 
-1.370261 0.000000 
0.227067 0.000000 
-0.535317 0.000000 
-0.321488 0.000000 
0.595471 0.000000 
-0.188864 -0.000000 
-0.528828 0.000000 
-0.518251 0.000000 
-0.168876 0.000000 
-0.435842 0.000000 
-0.095036 0.000000 
1.561446 0.000000 
-0.298976 0.000000 
0.150230 -0.000000 
-0.597084 -0.000000 
-0.214350 0.000000 
0.399540 -0.000000 
1.391858 0.000000 
0.671144 -0.000000 
0.194310 -0.000000 
-0.590684 0.000000 
0.629912 0.000000 
-0.325957 0.000000 
0.202652 0.000000 
-0.213019 -0.000000 
-0.085625 0.000000 
0.063280 0.000000 
0.579504 -0.000000 
-0.128340 0.000000 
0.425241 0.000000 
-0.012828 -0.000000 
0.685732 0.000000 
0.020469 0.000000 
-1.252265 0.000000 
-0.158726 0.000000 
-0.068324 0.000000 
-0.967481 0.000000 
-0.608988 0.000000 
0.698844 -0.000000 
0.806890 0.000000 
0.366265 0.000000 
0.066171 -0.000000 
-0.428128 -0.000000 
0.342769 0.000000 
-0.401398 0.000000 
0.164259 0.000000 
-0.013693 -0.000000 
0.079144 0.000000 
0.258716 0.000000 
0.543787 0.000000 
1.206492 -0.000000 
-0.326292 0.000000 
0.422269 0.000000 
-0.722362 -0.000000 
-0.504765 0.000000 
-0.912837 0.000000 
0.287330 0.000000 
-0.379283 -0.000000 
-0.387912 0.000000 
-0.625690 -0.000000 
0.691465 0.000000 
-0.166918 -0.000000 
-0.350349 0.000000 
-0.201296 0.000000 
0.198498 0.000000 
-0.043675 -0.000000 
0.253285 0.000000 
-0.996554 0.000000 
0.414522 0.000000 
0.664131 0.000000 
-0.603099 0.000000 
0.302499 0.000000 
-0.524201 0.000000 
1.082763 0.000000 
-0.425311 0.000000 
0.322315 0.000000 
0.028039 0.000000 
0.634029 0.000000 
0.303620 0.000000 
0.121485 0.000000 
0.061476 -0.000000 
0.291089 0.000000 
-0.621652 0.000000 
0.532666 0.000000 
0.588202 0.000000 
0.496030 -0.000000 
-0.784655 0.000000 
0.174699 -0.000000 
0.069092 0.000000 
0.257071 0.000000 
0.331018 -0.000000 
-0.205076 -0.000000 
1.080385 0.000000 
-0.729150 0.000000 
-0.690930 -0.000000 
-0.081050 0.000000 
0.040298 -0.000000 
-0.342697 -0.000000 
1.017168 0.000000 
0.341169 0.000000 
0.033783 0.000000 
-0.441146 -0.000000 
0.298497 -0.000000 
0.266105 0.000000 
-1.275964 0.000000 
0.470148 0.000000 
0.298718 -0.000000 
-0.062832 -0.000000 
0.418083 -0.000000 
0.759340 0.000000 
0.613841 0.000000 
-0.257780 0.000000 
0.821009 0.000000 
0.170601 0.000000 
0.475703 0.000000 
-0.344171 0.000000 
-0.370259 -0.000000 
-0.189329 0.000000 
-0.587866 0.000000 
-0.744890 0.000000 
-0.515449 -0.000000 
0.254366 -0.000000 
-0.548753 0.000000 
0.136972 0.000000 
-0.047931 0.000000 
-0.173737 0.000000 
-0.180941 -0.000000 
0.027162 -0.000000 
0.382670 0.000000 
-0.147610 -0.000000 
-0.743764 -0.000000 
-0.798995 -0.000000 
0.716675 -0.000000 
-0.136069 0.000000 
0.083852 0.000000 
-0.208714 0.000000 
0.038860 0.000000 
-0.260801 0.000000 
0.150411 0.000000 
-0.108325 -0.000000 
-0.001621 0.000000 
1.618978 0.000000 
0.322297 0.000000 
-0.215560 0.000000 
-0.715214 0.000000 
0.319687 0.000000 
-0.027389 -0.000000 
0.075755 0.000000 
-0.612747 -0.000000 
-1.078483 0.000000 
1.036437 0.000000 
-0.237200 0.000000 
-0.340385 -0.000000 
-0.245733 0.000000 
0.606108 0.000000 
-0.405388 -0.000000 
0.652243 0.000000 
-0.725470 0.000000 
-1.404772 0.000000 
0.896477 0.000000 
-0.176391 -0.000000 
1.080231 0.000000 
-0.981834 -0.000000 
0.227317 -0.000000 
0.056926 0.000000 
0.022184 0.000000 
-0.062057 0.000000 
0.051896 0.000000 
0.194817 -0.000000 
-0.267370 -0.000000 
-0.322220 0.000000 
-0.221546 0.000000 
-0.431251 -0.000000 
-0.408128 0.000000 
0.438032 0.000000 
-0.798514 0.000000 
-0.065087 0.000000 
-0.513237 0.000000 
0.644871 0.000000 
0.267176 0.000000 
-0.605012 0.000000 
-1.057548 -0.000000 
0.467215 0.000000 
-0.525584 0.000000 
-0.514590 0.000000 
-0.198646 -0.000000 
0.036445 -0.000000 
0.646198 0.000000 
-1.533529 0.000000 
-0.169835 0.000000 
-0.059733 0.000000 
0.069925 -0.000000 
-0.033581 0.000000 
0.515723 0.000000 
0.394735 0.000000 
-0.958495 0.000000 
-0.022215 0.000000 
-0.700068 0.000000 
-0.630420 -0.000000 
-0.131568 -0.000000 
0.009590 0.000000 
-0.819402 -0.000000 
0.103665 0.000000 
-0.898734 0.000000 
0.283918 0.000000 
0.217597 0.000000 
0.446706 0.000000 
-0.354206 0.000000 
-0.302973 0.000000 
-0.046761 -0.000000 
0.086466 -0.000000 
-0.802477 -0.000000 
-0.412107 0.000000 
-0.949904 -0.000000 
0.031601 0.000000 
0.392586 0.000000 
0.232137 -0.000000 
-0.132137 0.000000 
-0.844242 -0.000000 
0.297582 0.000000 
0.299909 -0.000000 
-0.801859 0.000000 
0.889043 0.000000 
-0.294780 -0.000000 
-0.447823 0.000000 
-0.519713 0.000000 
0.487696 -0.000000 
1.111687 0.000000 
-0.792199 -0.000000 
0.526357 0.000000 
0.012780 0.000000 
-1.133004 0.000000 
-0.218845 0.000000 
-1.013086 0.000000 
-0.042741 0.000000 
0.152056 0.000000 
0.361019 -0.000000 
0.021554 0.000000 
-0.123929 0.000000 
0.153049 0.000000 
-0.344973 -0.000000 
-0.228953 0.000000 
-0.168522 -0.000000 
0.426816 0.000000 
-0.189473 0.000000 
-0.000534 -0.000000 
-0.000980 0.000000 
-0.800127 0.000000 
-0.580108 -0.000000 
0.707157 0.000000 
0.491521 0.000000 
-0.454118 0.000000 
0.811793 -0.000000 
1.044080 0.000000 
-0.218591 0.000000 
-0.359999 -0.000000 
0.345258 -0.000000 
0.297847 -0.000000 
0.511722 -0.000000 
0.481769 0.000000 
0.856895 -0.000000 
0.200587 0.000000 
0.387559 -0.000000 
-0.323669 0.000000 
0.002975 -0.000000 
0.642245 0.000000 
-0.888467 0.000000 
-0.755068 0.000000 
0.205632 -0.000000 
-0.427105 -0.000000 
-0.231611 -0.000000 
-0.596574 -0.000000 
-0.193327 -0.000000 
0.130275 0.000000 
-0.551634 0.000000 
0.052195 0.000000 
0.489636 0.000000 
0.438130 -0.000000 
0.244940 0.000000 
1.006119 0.000000 
-0.507325 0.000000 
-0.404941 0.000000 
0.124050 0.000000 
-0.035429 0.000000 
-0.023650 0.000000 
0.358276 0.000000 
-0.523280 0.000000 
-0.003509 0.000000 
0.807905 0.000000 
0.738780 0.000000 
-0.398487 0.000000 
-0.126272 0.000000 
-0.146670 0.000000 
-0.804150 0.000000 
0.008984 0.000000 
-0.419004 0.000000 
-0.324073 -0.000000 
-0.035460 0.000000 
0.534349 0.000000 
0.147814 -0.000000 
0.419339 0.000000 
-0.430962 0.000000 
-0.281728 -0.000000 
0.508606 0.000000 
-0.205698 0.000000 
0.394255 -0.000000 
-0.750226 0.000000 
0.815208 -0.000000 
-0.485441 -0.000000 
-0.836191 -0.000000 
-0.291545 0.000000 
-0.214722 0.000000 
-0.488456 -0.000000 
-0.451012 -0.000000 
0.103299 -0.000000 
-0.476853 -0.000000 
0.609422 -0.000000 
-0.138700 0.000000 
0.012285 0.000000 
-0.119660 0.000000 
0.982392 0.000000 
0.081456 0.000000 
0.379624 -0.000000 
-0.083667 0.000000 
0.001731 -0.000000 
-0.078089 0.000000 
0.222006 -0.000000 
-0.677666 0.000000 
0.250389 0.000000 
-0.133884 -0.000000 
-0.351575 0.000000 
-0.032714 0.000000 
-0.130400 -0.000000 
-0.411360 -0.000000 
0.571420 0.000000 
-0.091142 0.000000 
-0.547603 0.000000 
0.724527 -0.000000 
-0.591412 -0.000000 
-0.680770 -0.000000 
0.117996 0.000000 
-0.248168 0.000000 
-0.482833 -0.000000 
-0.088307 0.000000 
-0.306409 -0.000000 
0.193045 0.000000 
0.386479 -0.000000 
-0.691428 0.000000 
-0.659898 0.000000 
0.383051 0.000000 
-0.904658 0.000000 
0.040611 -0.000000 
1.004784 0.000000 
-0.354418 0.000000 
-0.150247 0.000000 
0.234864 0.000000 
0.019685 0.000000 
0.001959 0.000000 
0.138256 -0.000000 
0.473808 -0.000000 
-0.542127 -0.000000 
0.164871 -0.000000 
0.575240 -0.000000 
0.208629 0.000000 
0.011847 0.000000 
-0.036442 0.000000 
-0.090571 -0.000000 
-0.185184 0.000000 
-0.368874 -0.000000 
-0.082777 0.000000 
-0.140822 0.000000 
-0.666275 0.000000 
-0.546343 0.000000 
0.606993 0.000000 
0.145978 -0.000000 
-0.871876 -0.000000 
-0.148662 0.000000 
0.367205 0.000000 
-0.446188 -0.000000 
0.045516 -0.000000 
0.026726 -0.000000 
-0.729313 0.000000 
0.594436 0.000000 
0.421385 0.000000 
0.322340 0.000000 
-0.365857 -0.000000 
-0.952515 -0.000000 
0.702695 -0.000000 
-0.294255 -0.000000 
-0.080869 0.000000 
-0.352445 0.000000 
-0.431596 0.000000 
-0.268323 -0.000000 
0.643141 -0.000000 
0.699139 0.000000 
0.276605 0.000000 
0.535323 0.000000 
0.066225 0.000000 
0.877126 -0.000000 
-0.449632 0.000000 
-0.145405 0.000000 
0.101313 0.000000 
0.176265 -0.000000 
0.306856 0.000000 
-0.252548 -0.000000 
-0.139148 0.000000 
0.270797 -0.000000 
-0.421743 -0.000000 
-0.531328 0.000000 
-0.507411 0.000000 
1.564971 0.000000 
-0.520304 -0.000000 
0.054869 0.000000 
-0.220376 -0.000000 
0.297773 0.000000 
0.206734 0.000000 
-0.489062 -0.000000 
-0.222239 -0.000000 
-0.237749 0.000000 
-0.490924 0.000000 
0.388826 0.000000 
0.093758 -0.000000 
0.759279 0.000000 
-0.095936 0.000000 
-0.221337 0.000000 
0.305177 -0.000000 
0.595834 0.000000 
-0.565793 -0.000000 
-0.696733 0.000000 
0.432913 0.000000 
-0.512006 0.000000 
0.411497 0.000000 
-0.833371 -0.000000 
-0.190702 0.000000 
0.792244 0.000000 
-0.512593 0.000000 
-0.228854 -0.000000 
-0.689302 0.000000 
0.232707 -0.000000 
-0.242046 0.000000 
0.317682 -0.000000 
-0.941640 -0.000000 
-0.198992 0.000000 
0.471390 -0.000000 
0.214280 -0.000000 
0.217520 -0.000000 
-0.008197 -0.000000 
-0.175102 0.000000 
0.369593 0.000000 
-1.466283 0.000000 
0.459416 0.000000 
0.610252 -0.000000 
-0.161090 -0.000000 
-0.032856 0.000000 
0.711625 0.000000 
0.083035 -0.000000 
0.342084 -0.000000 
0.583878 -0.000000 
0.012456 0.000000 
-0.289208 0.000000 
0.141500 0.000000 
0.400839 -0.000000 
0.407702 0.000000 
-0.190091 0.000000 
-0.216591 0.000000 
0.183720 0.000000 
0.105309 0.000000 
-0.522176 -0.000000 
-0.689908 0.000000 
0.251336 0.000000 
-0.030984 0.000000 
-0.129869 0.000000 
0.142491 0.000000 
-0.742996 0.000000 
0.456526 -0.000000 
0.260906 0.000000 
0.311524 0.000000 
-0.022159 0.000000 
0.013092 0.000000 
-0.762360 0.000000 
-0.278413 -0.000000 
0.330221 -0.000000 
-0.006143 0.000000 
0.149149 0.000000 
-0.456189 0.000000 
0.171581 0.000000 
-0.045139 0.000000 
0.130530 -0.000000 
0.273471 0.000000 
0.267012 0.000000 
-0.223698 0.000000 
0.122898 0.000000 
-0.596217 -0.000000 
-0.340863 0.000000 
0.362989 -0.000000 
-0.305833 -0.000000 
-0.233317 -0.000000 
0.545209 -0.000000 
0.598150 -0.000000 
-0.528607 0.000000 
0.408563 -0.000000 
-0.128075 0.000000 
-0.373003 -0.000000 
-0.348144 0.000000 
0.062923 0.000000 
0.271354 0.000000 
0.711837 0.000000 
0.295889 0.000000 
-0.259031 0.000000 
0.050794 0.000000 
-0.321324 0.000000 
-1.120362 0.000000 
-0.526424 0.000000 
-0.382875 -0.000000 
-0.020274 0.000000 
-0.629979 -0.000000 
0.069681 -0.000000 
-0.313039 -0.000000 
0.559498 0.000000 
0.392600 0.000000 
-0.797608 -0.000000 
-0.272782 0.000000 
0.754047 0.000000 
0.041457 0.000000 
0.432200 0.000000 
0.566777 0.000000 
0.619394 0.000000 
-0.579986 0.000000 
-0.142796 -0.000000 
0.134522 0.000000 
0.317546 0.000000 
0.585461 0.000000 
-0.159055 -0.000000 
-0.192729 0.000000 
0.153039 0.000000 
0.018701 0.000000 
-0.803222 0.000000 
-0.134750 -0.000000 
1.021947 0.000000 
-0.095585 0.000000 
0.284788 0.000000 
0.330788 0.000000 
-0.311930 0.000000 
-0.669247 0.000000 
-0.025609 0.000000 
0.973470 0.000000 
-0.835303 -0.000000 
-0.699507 -0.000000 
-0.398332 0.000000 
-0.162840 0.000000 
-0.411481 -0.000000 
0.454416 0.000000 
-0.123869 0.000000 
-0.692602 0.000000 
-0.285703 -0.000000 
-0.359907 0.000000 
-0.524521 0.000000 
-0.381801 -0.000000 
-0.210342 0.000000 
-0.096675 -0.000000 
-0.119053 0.000000 
-0.290378 -0.000000 
-0.049924 -0.000000 
-0.016672 0.000000 
0.257007 0.000000 
0.838998 0.000000 
0.100135 0.000000 
-0.617520 0.000000 
0.349939 -0.000000 
-0.506765 0.000000 
0.413147 -0.000000 
-0.640764 0.000000 
0.621280 0.000000 
-0.351955 0.000000 
0.479908 -0.000000 
-0.371041 0.000000 
-0.813400 0.000000 
0.256475 -0.000000 
0.205363 0.000000 
0.101710 0.000000 
-0.491057 -0.000000 
-0.123672 -0.000000 
0.070897 0.000000 
0.710462 0.000000 
-0.110400 0.000000 
0.094569 0.000000 
0.409072 0.000000 
-0.909304 -0.000000 
0.425577 0.000000 
-0.338240 0.000000 
-0.382739 0.000000 
0.234697 0.000000 
-0.128573 -0.000000 
-0.036042 0.000000 
-0.129830 0.000000 
-0.569269 0.000000 
0.500052 0.000000 
1.138467 0.000000 
0.326885 0.000000 
0.010816 -0.000000 
-0.238549 -0.000000 
1.295877 0.000000 
1.059703 0.000000 
0.228362 0.000000 
-0.324646 0.000000 
-0.279766 0.000000 
-0.707792 -0.000000 
0.094753 0.000000 
-0.633388 0.000000 
-0.340803 0.000000 
-0.278882 0.000000 
-0.876360 -0.000000 
-1.632177 0.000000 
0.025303 0.000000 
0.257599 0.000000 
-0.044466 0.000000 
0.339806 0.000000 
-0.021771 0.000000 
0.318838 -0.000000 
0.336790 0.000000 
-0.104742 0.000000 
-0.139674 0.000000 
-0.640904 -0.000000 
-0.300030 0.000000 
-0.147811 -0.000000 
0.149859 -0.000000 
-0.420686 -0.000000 
0.394668 -0.000000 
-0.258174 -0.000000 
0.315817 0.000000 
-0.247703 0.000000 
0.112895 0.000000 
-0.537027 0.000000 
-0.901242 0.000000 
0.000603 0.000000 
0.540129 0.000000 
0.030662 0.000000 
-0.038041 0.000000 
0.301073 0.000000 
-0.619909 0.000000 
-0.957505 0.000000 
0.424399 0.000000 
0.408594 0.000000 
-0.102339 -0.000000 
-0.286502 0.000000 
-0.859447 0.000000 
-0.006403 0.000000 
-0.705044 -0.000000 
0.589323 0.000000 
-0.530424 -0.000000 
0.243608 0.000000 
0.009189 -0.000000 
-0.065015 0.000000 
-0.176268 0.000000 
0.796302 0.000000 
0.102107 -0.000000 
-0.391731 -0.000000 
0.160518 0.000000 
0.499301 0.000000 
0.491401 0.000000 
0.700904 0.000000 
-0.174017 -0.000000 
0.866282 -0.000000 
-0.326646 0.000000 
0.219085 -0.000000 
0.022644 0.000000 
-0.382020 0.000000 
0.806322 0.000000 
0.660133 0.000000 
-0.914607 -0.000000 
0.143917 -0.000000 
-0.330096 0.000000 
0.198459 -0.000000 
0.053598 0.000000 
0.168426 0.000000 
-0.252891 0.000000 
0.939659 -0.000000 
-0.055520 0.000000 
-0.976417 0.000000 
1.577569 -0.000000 
0.827755 0.000000 
0.041331 -0.000000 
0.125992 0.000000 
-0.323392 -0.000000 
-1.729950 0.000000 
-0.493012 0.000000 
-0.442539 -0.000000 
-0.283816 0.000000 
0.265750 -0.000000 
-0.314979 0.000000 
0.449175 -0.000000 
0.335335 0.000000 
0.896241 -0.000000 
-0.483766 -0.000000 
0.159907 -0.000000 
-0.119641 0.000000 
0.058180 0.000000 
-0.082672 0.000000 
0.113620 0.000000 
-0.006413 0.000000 
-0.148522 0.000000 
0.629152 0.000000 
-0.136992 0.000000 
0.122443 0.000000 
-0.842218 0.000000 
-0.928804 0.000000 
0.074705 0.000000 
-0.281276 -0.000000 
-0.215506 0.000000 
0.035161 0.000000 
-0.306129 0.000000 
-0.039543 0.000000 
-0.957263 0.000000 
0.370309 0.000000 
-0.005098 0.000000 
-0.286685 0.000000 
-0.469688 0.000000 
0.325472 -0.000000 
0.145456 0.000000 
-0.501143 0.000000 
-0.555622 0.000000 
-0.112304 -0.000000 
0.124944 0.000000 
-0.317345 0.000000 
-0.320438 -0.000000 
-0.177534 0.000000 
0.186315 -0.000000 
-0.038881 0.000000 
-0.256669 0.000000 
-0.299267 0.000000 
-0.251783 0.000000 
0.303419 -0.000000 
-0.068538 0.000000 
-0.328555 0.000000 
0.365841 0.000000 
0.481447 0.000000 
0.036549 -0.000000 
1.020523 0.000000 
-0.956363 0.000000 
0.188468 0.000000 
0.029825 0.000000 
-0.214350 0.000000 
0.221275 0.000000 
-0.163540 0.000000 
0.266502 0.000000 
0.281089 -0.000000 
-0.751439 0.000000 
-1.096961 0.000000 
0.064198 -0.000000 
0.155225 -0.000000 
0.039783 -0.000000 
0.243917 0.000000 
0.032708 0.000000 
-0.912181 0.000000 
-0.232814 0.000000 
-1.143063 0.000000 
0.608191 0.000000 
0.659233 0.000000 
0.452114 0.000000 
-0.368790 -0.000000 
0.691524 0.000000 
-0.069289 -0.000000 
-0.065104 -0.000000 
0.647982 -0.000000 
0.094330 0.000000 
0.540742 0.000000 
-0.452625 0.000000 
0.782275 0.000000 
0.276456 0.000000 
0.537697 -0.000000 
-0.135177 0.000000 
0.066540 0.000000 
0.267102 -0.000000 
0.351885 0.000000 
-0.214880 0.000000 
0.218403 0.000000 
0.192501 -0.000000 
-0.356322 0.000000 
-0.031785 -0.000000 
0.687815 0.000000 
-0.235539 0.000000 
0.987206 -0.000000 
-0.780013 0.000000 
0.507931 -0.000000 
0.252860 0.000000 
0.096997 0.000000 
-0.015477 -0.000000 
-1.193229 0.000000 
-1.000919 -0.000000 
-0.346966 0.000000 
-0.361924 0.000000 
0.409948 -0.000000 
1.348037 -0.000000 
1.049249 -0.000000 
-0.049721 0.000000 
0.069944 0.000000 
-0.401091 0.000000 
-0.157818 -0.000000 
-0.664025 0.000000 
-0.695204 -0.000000 
-0.084602 0.000000 
0.306416 0.000000 
0.206521 0.000000 
-0.202177 0.000000 
0.518100 -0.000000 
0.443797 -0.000000 
0.911457 0.000000 
0.008100 -0.000000 
0.123847 0.000000 
0.821205 -0.000000 
-0.339917 0.000000 
0.331707 0.000000 
0.681524 0.000000 
-0.408226 0.000000 
0.844939 0.000000 
0.105913 -0.000000 
0.463132 0.000000 
0.780986 0.000000 
-0.287026 0.000000 
-0.636984 -0.000000 
1.731463 -0.000000 
0.292804 0.000000 
-0.610030 0.000000 
-0.047881 0.000000 
0.823902 0.000000 
0.325373 0.000000 
0.106328 0.000000 
0.320764 0.000000 
0.437726 0.000000 
0.405426 0.000000 
0.143981 0.000000 
0.292755 -0.000000 
-0.143966 0.000000 
0.289892 -0.000000 
0.575081 0.000000 
-0.189881 0.000000 
-0.398976 0.000000 
-0.652894 -0.000000 
0.878144 0.000000 
-0.295876 -0.000000 
0.172956 -0.000000 
0.098178 -0.000000 
-0.667506 -0.000000 
0.096383 0.000000 
-0.875231 0.000000 
0.156728 0.000000 
-0.252740 0.000000 
0.054944 0.000000 
-0.647173 0.000000 
-0.783271 -0.000000 
-0.056925 0.000000 
0.798005 0.000000 
-0.759019 0.000000 
-0.136642 -0.000000 
-0.423834 -0.000000 
0.520444 0.000000 
-0.303963 -0.000000 
0.749877 0.000000 
-0.226647 0.000000 
0.005496 0.000000 
0.417318 0.000000 
-0.675167 0.000000 
0.526133 0.000000 
0.157372 -0.000000 
0.225040 0.000000 
0.168789 -0.000000 
-0.116520 0.000000 
-0.634311 0.000000 
0.126943 0.000000 
0.190165 0.000000 
-0.203941 0.000000 
0.535652 0.000000 
-1.053812 -0.000000 
0.698424 0.000000 
0.372083 -0.000000 
-0.569605 0.000000 
0.349159 0.000000 
0.275727 -0.000000 
0.020653 0.000000 
-0.679330 0.000000 
0.377962 0.000000 
-0.157375 0.000000 
-0.532962 0.000000 
0.799228 0.000000 
0.070162 -0.000000 
0.233383 0.000000 
-0.039570 0.000000 
-0.038756 0.000000 
-0.589260 0.000000 
-0.969115 -0.000000 
-0.193340 -0.000000 
0.649035 0.000000 
-0.099242 -0.000000 
0.580226 0.000000 
-0.438337 0.000000 
-0.439331 -0.000000 
0.740097 0.000000 
-0.609582 -0.000000 
-0.107882 -0.000000 
-0.755883 0.000000 
0.292898 0.000000 
0.238240 0.000000 
0.338326 -0.000000 
-0.501338 -0.000000 
-0.375544 0.000000 
0.951772 0.000000 
-0.609590 0.000000 
0.048628 0.000000 
-0.751794 0.000000 
0.166437 0.000000 
-0.216788 -0.000000 
0.571756 0.000000 
1.203905 0.000000 
-0.706956 0.000000 
0.073140 -0.000000 
0.743312 0.000000 
0.918228 0.000000 
0.208215 -0.000000 
0.023265 0.000000 
-0.402966 -0.000000 
0.306269 -0.000000 
0.192050 -0.000000 
-0.221440 -0.000000 
