-1.756826 1.756826 
0.000000 0.500000 0.002351 
0.000000 0.000000 0.000000 

-0.007965 -0.000000 
0.506936 0.000000 
0.381791 0.000000 
0.164164 0.000000 
1.051898 -0.000000 
-1.553302 0.000000 
0.280497 0.000000 
0.783667 0.000000 
0.033283 0.000000 
-0.116399 0.000000 
1.299628 -0.000000 
0.587184 0.000000 
0.100547 -0.000000 
-0.154879 0.000000 
-1.334043 0.000000 
-0.183318 0.000000 
0.087947 -0.000000 
-0.332621 0.000000 
-0.000904 0.000000 
-0.529003 0.000000 
0.474381 -0.000000 
0.535678 0.000000 
-0.129214 0.000000 
-0.278678 0.000000 
-0.166072 -0.000000 
0.077739 0.000000 
-0.100954 0.000000 
-0.144299 -0.000000 
0.358124 -0.000000 
0.040408 0.000000 
0.074698 0.000000 
-0.282169 0.000000 
-0.341598 0.000000 
-0.948375 -0.000000 
0.454438 0.000000 
-0.486588 0.000000 
0.514725 0.000000 
0.145962 0.000000 
-0.004681 -0.000000 
0.405680 0.000000 
0.109972 0.000000 
-0.676978 0.000000 
-0.493229 -0.000000 
-1.403767 0.000000 
0.283250 0.000000 
-0.100450 0.000000 
0.422775 0.000000 
0.410824 -0.000000 
0.175561 0.000000 
0.360313 0.000000 
-0.508980 -0.000000 
0.382985 0.000000 
-0.226637 0.000000 
-0.213688 0.000000 
-0.227886 -0.000000 
0.617444 -0.000000 
-0.315976 0.000000 
0.118278 0.000000 
0.361847 0.000000 
1.037682 -0.000000 
0.092547 0.000000 
-0.476605 0.000000 
0.728064 0.000000 
1.387066 -0.000000 
-0.651968 -0.000000 
0.162431 0.000000 
-0.906148 0.000000 
0.785410 -0.000000 
0.147495 0.000000 
0.035197 0.000000 
0.755383 0.000000 
0.197701 0.000000 
0.597894 0.000000 
-0.708161 -0.000000 
0.432380 0.000000 
-0.119987 0.000000 
-0.171006 0.000000 
0.925610 -0.000000 
-0.541736 0.000000 
0.126577 0.000000 
-0.288649 -0.000000 
0.088111 0.000000 
0.509604 0.000000 
0.403654 0.000000 
-0.522860 0.000000 
0.197221 -0.000000 
-0.105608 0.000000 
0.178297 0.000000 
0.289748 -0.000000 
-0.026061 -0.000000 
-0.640783 0.000000 
-0.112990 -0.000000 
0.028879 0.000000 
0.197114 0.000000 
0.074859 0.000000 
0.673327 0.000000 
0.252254 -0.000000 
-0.182543 -0.000000 
0.892017 0.000000 
-0.565724 -0.000000 
-0.024961 0.000000 
-0.151417 -0.000000 
0.104711 -0.000000 
-0.488511 -0.000000 
0.021769 -0.000000 
-0.331832 0.000000 
0.597772 0.000000 
-0.076118 -0.000000 
-0.131140 0.000000 
0.206239 -0.000000 
0.412753 0.000000 
-0.621155 0.000000 
0.338568 0.000000 
-0.576751 0.000000 
0.151710 -0.000000 
0.661530 -0.000000 
0.039622 0.000000 
0.343982 0.000000 
-0.072007 0.000000 
0.501477 0.000000 
-0.112442 0.000000 
-0.778402 -0.000000 
0.386119 -0.000000 
0.163267 0.000000 
0.866260 0.000000 
-0.078320 0.000000 
0.430643 -0.000000 
0.420600 0.000000 
-0.408870 0.000000 
0.266693 0.000000 
0.565642 0.000000 
0.426251 0.000000 
-0.587097 0.000000 
0.350497 0.000000 
0.354415 0.000000 
0.255344 0.000000 
0.284187 -0.000000 
0.166345 0.000000 
0.336028 0.000000 
-0.525155 0.000000 
-0.377010 0.000000 
-0.093728 -0.000000 
-0.213158 -0.000000 
0.611024 -0.000000 
1.351509 0.000000 
-0.375648 -0.000000 
-0.501227 -0.000000 
0.814500 0.000000 
-0.307294 0.000000 
0.481167 -0.000000 
1.077129 0.000000 
-0.838469 -0.000000 
0.341353 0.000000 
0.521156 -0.000000 
-0.259831 0.000000 
0.420835 -0.000000 
-0.390179 0.000000 
-0.629976 0.000000 
0.269292 0.000000 
-0.514390 0.000000 
0.145393 -0.000000 
0.683174 0.000000 
0.377873 0.000000 
-0.152872 0.000000 
0.629680 0.000000 
-0.271372 0.000000 
-0.214852 0.000000 
-0.688042 -0.000000 
1.346356 0.000000 
-0.646281 0.000000 
-0.184365 -0.000000 
0.275562 0.000000 
0.023144 -0.000000 
-0.533285 -0.000000 
0.211359 -0.000000 
-0.413457 -0.000000 
-0.498244 -0.000000 
0.115905 0.000000 
-0.220465 0.000000 
-0.425113 0.000000 
0.722564 0.000000 
0.572409 0.000000 
0.460362 0.000000 
-1.154623 0.000000 
-0.442167 0.000000 
0.049799 -0.000000 
-0.294503 -0.000000 
-0.583904 0.000000 
0.418046 0.000000 
-0.717781 -0.000000 
0.115735 0.000000 
0.134904 0.000000 
-0.978945 0.000000 
-0.520172 -0.000000 
-0.008807 0.000000 
0.939519 0.000000 
0.205209 0.000000 
0.591011 -0.000000 
-0.359806 0.000000 
-0.546826 0.000000 
-0.000627 0.000000 
-0.681461 -0.000000 
0.007499 0.000000 
0.339788 -0.000000 
-0.249512 0.000000 
0.360582 0.000000 
0.145358 -0.000000 
0.167924 0.000000 
0.747056 0.000000 
0.272710 0.000000 
0.783708 0.000000 
0.423388 0.000000 
1.170481 0.000000 
0.699720 0.000000 
0.600957 0.000000 
0.072566 -0.000000 
-0.437045 0.000000 
-0.004761 0.000000 
-0.257316 0.000000 
-0.130421 -0.000000 
-0.047333 0.000000 
0.085227 -0.000000 
-0.145538 0.000000 
0.257531 0.000000 
0.617778 0.000000 
-0.008016 0.000000 
-0.613810 0.000000 
-0.088915 0.000000 
-0.668516 0.000000 
0.013458 0.000000 
0.926854 0.000000 
-0.100920 -0.000000 
0.200837 -0.000000 
-0.379409 0.000000 
0.705673 0.000000 
0.652577 0.000000 
-0.085367 0.000000 
0.107712 -0.000000 
-0.620219 0.000000 
-0.087404 0.000000 
0.092507 0.000000 
0.049135 0.000000 
-0.370446 -0.000000 
-0.783206 0.000000 
-0.518775 -0.000000 
1.005851 -0.000000 
-0.006244 0.000000 
-0.813603 0.000000 
0.460518 0.000000 
-0.269564 -0.000000 
0.066252 0.000000 
-0.114645 0.000000 
0.518582 0.000000 
-0.352416 0.000000 
-0.337429 0.000000 
0.148626 0.000000 
0.540770 0.000000 
-0.057836 0.000000 
-0.374598 0.000000 
-0.413129 0.000000 
0.062969 0.000000 
-0.149428 0.000000 
-0.269888 0.000000 
0.163385 0.000000 
0.033331 -0.000000 
-0.415089 -0.000000 
-0.201280 -0.000000 
0.582857 0.000000 
-0.136034 0.000000 
0.209998 0.000000 
-0.620452 0.000000 
0.269951 0.000000 
-0.124285 0.000000 
0.225280 0.000000 
-0.066784 0.000000 
-0.665887 0.000000 
-0.120460 -0.000000 
0.029365 0.000000 
-0.232037 0.000000 
-0.598492 0.000000 
0.081610 -0.000000 
0.036791 -0.000000 
-0.450709 0.000000 
-0.137760 0.000000 
-0.867545 -0.000000 
-0.099676 0.000000 
0.751682 -0.000000 
-0.128614 0.000000 
-0.433219 0.000000 
-0.362714 0.000000 
0.254478 -0.000000 
-0.343904 0.000000 
-0.107269 -0.000000 
0.109675 -0.000000 
-0.071353 0.000000 
0.366544 0.000000 
0.025942 0.000000 
-0.301471 -0.000000 
0.249476 0.000000 
-0.295141 -0.000000 
-0.284236 0.000000 
0.338648 0.000000 
0.709863 -0.000000 
-0.410716 0.000000 
-0.362617 0.000000 
-1.051024 0.000000 
-0.426838 -0.000000 
0.137060 0.000000 
0.523048 0.000000 
0.307563 0.000000 
0.073960 -0.000000 
0.055310 0.000000 
0.094290 0.000000 
-0.580734 -0.000000 
0.439765 0.000000 
-0.001436 0.000000 
0.562777 0.000000 
0.742483 0.000000 
-0.693867 0.000000 
0.001062 0.000000 
-0.457843 -0.000000 
0.010797 -0.000000 
-0.679569 -0.000000 
0.219117 0.000000 
0.635580 -0.000000 
0.636063 0.000000 
-0.312139 0.000000 
-0.131182 0.000000 
-0.126877 0.000000 
0.190334 0.000000 
0.157686 0.000000 
0.436442 -0.000000 
-0.538413 -0.000000 
0.564911 0.000000 
-0.597005 0.000000 
-0.351684 0.000000 
0.076370 -0.000000 
-0.516357 -0.000000 
-0.322478 0.000000 
0.217100 0.000000 
0.537712 -0.000000 
-1.043727 0.000000 
0.132883 -0.000000 
-0.723401 0.000000 
-0.113678 0.000000 
-0.822018 0.000000 
0.013999 0.000000 
0.013198 0.000000 
-0.297864 -0.000000 
0.406854 0.000000 
-0.463506 0.000000 
0.534044 0.000000 
-0.069774 0.000000 
0.360431 0.000000 
0.812728 0.000000 
-0.258809 -0.000000 
0.668802 0.000000 
-0.027536 -0.000000 
-0.271288 0.000000 
0.783463 -0.000000 
-0.572976 -0.000000 
0.162533 0.000000 
0.849261 0.000000 
-0.240299 -0.000000 
0.037726 -0.000000 
0.168412 0.000000 
-0.000174 0.000000 
-0.583862 -0.000000 
0.821719 0.000000 
-0.618346 0.000000 
-0.387829 0.000000 
0.429297 0.000000 
0.307222 -0.000000 
0.929631 0.000000 
-0.146731 0.000000 
-0.081768 0.000000 
0.072912 0.000000 
0.079089 0.000000 
0.569680 0.000000 
-0.824981 0.000000 
0.253324 0.000000 
0.605267 0.000000 
-0.411322 0.000000 
-1.139995 0.000000 
-0.081442 0.000000 
0.027210 0.000000 
0.061107 0.000000 
-0.555784 0.000000 
0.206293 -0.000000 
-0.608236 -0.000000 
-0.369133 0.000000 
0.037645 0.000000 
0.819366 0.000000 
-0.388080 -0.000000 
-0.280979 0.000000 
1.033940 0.000000 
0.421109 0.000000 
-0.110871 -0.000000 
-0.195989 0.000000 
-1.034292 -0.000000 
-0.338609 -0.000000 
0.763011 0.000000 
-0.423814 0.000000 
-0.892732 0.000000 
-0.203783 0.000000 
0.464211 -0.000000 
1.470479 0.000000 
0.421606 -0.000000 
0.931603 0.000000 
0.816906 -0.000000 
-0.380076 0.000000 
-0.720530 0.000000 
-0.626933 0.000000 
-0.218508 -0.000000 
0.312708 0.000000 
-0.127173 -0.000000 
0.719985 0.000000 
0.458294 0.000000 
-0.739466 0.000000 
0.396724 0.000000 
0.400169 -0.000000 
-0.244729 -0.000000 
0.488663 0.000000 
-0.347608 0.000000 
-0.473910 0.000000 
-0.221609 -0.000000 
-0.460238 0.000000 
0.441464 0.000000 
-0.948383 0.000000 
-0.332457 -0.000000 
0.471679 -0.000000 
-0.135605 -0.000000 
-0.738799 -0.000000 
0.889897 0.000000 
-0.059870 0.000000 
-0.564395 -0.000000 
-0.569978 0.000000 
0.005401 0.000000 
0.390373 -0.000000 
0.404185 0.000000 
0.490664 0.000000 
-0.203325 0.000000 
0.588900 0.000000 
-0.087561 -0.000000 
-0.944527 0.000000 
-0.126792 -0.000000 
-0.560033 0.000000 
-0.157087 -0.000000 
0.474496 0.000000 
-0.769109 -0.000000 
-0.130076 -0.000000 
-0.450920 0.000000 
-0.302620 0.000000 
0.364738 0.000000 
-0.399460 0.000000 
0.665764 -0.000000 
0.153133 0.000000 
0.036418 -0.000000 
0.299764 -0.000000 
0.015032 0.000000 
-0.239926 0.000000 
0.121048 0.000000 
-0.187455 -0.000000 
-0.288226 -0.000000 
0.391775 0.000000 
-0.966513 0.000000 
-0.246690 0.000000 
-0.381972 0.000000 
0.013135 0.000000 
0.245088 0.000000 
0.034803 0.000000 
-0.177224 0.000000 
-0.401742 0.000000 
0.866371 0.000000 
-0.994229 0.000000 
0.236947 0.000000 
-0.762686 -0.000000 
0.146120 -0.000000 
-0.641962 0.000000 
0.156697 0.000000 
0.303246 0.000000 
1.236721 -0.000000 
-0.140452 0.000000 
0.003215 0.000000 
0.689017 0.000000 
0.823086 0.000000 
0.443754 -0.000000 
0.380608 0.000000 
0.284578 0.000000 
0.059579 0.000000 
0.052529 0.000000 
-0.023205 0.000000 
-0.232000 0.000000 
0.005889 0.000000 
-1.337605 -0.000000 
-0.023975 0.000000 
0.419316 0.000000 
-0.237860 -0.000000 
0.132354 0.000000 
-0.459519 0.000000 
-0.710702 0.000000 
-0.309289 -0.000000 
-0.507058 -0.000000 
0.194020 0.000000 
0.146244 0.000000 
-0.416018 0.000000 
1.244615 -0.000000 
-0.194646 0.000000 
0.217287 0.000000 
-0.384231 -0.000000 
0.695292 0.000000 
0.544030 0.000000 
0.717491 -0.000000 
0.124607 0.000000 
-0.542242 0.000000 
0.217293 0.000000 
0.405624 0.000000 
0.034726 -0.000000 
0.534044 -0.000000 
-0.050824 -0.000000 
0.180628 -0.000000 
-0.374969 0.000000 
-0.552119 0.000000 
0.142292 -0.000000 
0.984533 0.000000 
-0.373943 0.000000 
-0.553639 0.000000 
0.511790 0.000000 
0.017638 0.000000 
-0.229408 0.000000 
-0.047343 0.000000 
-0.618492 0.000000 
-0.398344 -0.000000 
0.525913 0.000000 
0.317272 0.000000 
0.347223 0.000000 
-0.385582 0.000000 
-0.114050 0.000000 
0.231762 0.000000 
0.305646 0.000000 
-0.627839 -0.000000 
0.643664 0.000000 
0.043354 0.000000 
-0.790178 0.000000 
-0.172695 -0.000000 
-0.626119 -0.000000 
0.659218 0.000000 
0.516352 0.000000 
0.278930 0.000000 
-0.283898 -0.000000 
-1.128749 0.000000 
1.239388 0.000000 
0.258578 0.000000 
-0.496418 -0.000000 
0.380449 -0.000000 
0.293742 0.000000 
-0.146996 0.000000 
0.342756 0.000000 
0.035895 0.000000 
0.102827 -0.000000 
-1.150773 -0.000000 
-1.152516 -0.000000 
-0.552312 0.000000 
0.653501 -0.000000 
-0.085566 0.000000 
0.128198 0.000000 
-0.068925 0.000000 
0.769547 0.000000 
0.036274 0.000000 
0.154588 -0.000000 
0.670087 -0.000000 
-0.643274 -0.000000 
-0.461690 -0.000000 
-0.027273 0.000000 
-0.330100 0.000000 
0.091508 0.000000 
-0.051033 0.000000 
-0.446897 0.000000 
0.080043 -0.000000 
-0.766424 -0.000000 
-0.682807 0.000000 
-0.366143 -0.000000 
-0.022178 0.000000 
0.051781 -0.000000 
-0.256002 0.000000 
-0.648098 0.000000 
0.109641 -0.000000 
-1.005768 0.000000 
1.347050 -0.000000 
-0.662268 -0.000000 
0.214712 0.000000 
0.498566 0.000000 
-0.871227 -0.000000 
-0.065387 -0.000000 
-0.156713 0.000000 
0.085663 0.000000 
0.736776 0.000000 
-0.051798 -0.000000 
-0.586785 0.000000 
-0.137281 0.000000 
0.353956 -0.000000 
0.278972 0.000000 
0.367070 -0.000000 
0.019449 0.000000 
0.574756 -0.000000 
0.181760 -0.000000 
-0.271344 0.000000 
-0.316820 -0.000000 
-0.286068 0.000000 
0.800698 0.000000 
0.436142 -0.000000 
-0.242331 0.000000 
-0.612272 0.000000 
-0.156281 0.000000 
-0.296713 0.000000 
0.474078 -0.000000 
-0.223609 -0.000000 
-0.289609 0.000000 
-1.102407 -0.000000 
-0.406824 0.000000 
0.850442 -0.000000 
-0.175160 0.000000 
-0.439703 0.000000 
0.193827 0.000000 
-0.159243 0.000000 
0.120851 0.000000 
0.094455 0.000000 
0.660918 0.000000 
-0.275200 0.000000 
-0.254267 0.000000 
0.136121 0.000000 
-0.597356 0.000000 
0.098475 0.000000 
-0.251822 -0.000000 
0.302669 -0.000000 
0.161067 -0.000000 
-0.487104 -0.000000 
-0.472789 0.000000 
-0.114166 0.000000 
0.129796 0.000000 
-0.579974 0.000000 
-0.840155 0.000000 
-0.420057 0.000000 
-0.134316 -0.000000 
-0.282725 -0.000000 
-0.661481 0.000000 
-0.133719 0.000000 
-0.471268 0.000000 
0.584072 0.000000 
-0.514107 -0.000000 
-0.192871 -0.000000 
0.096494 0.000000 
-0.539380 0.000000 
0.407177 -0.000000 
0.723199 -0.000000 
0.081022 0.000000 
-0.782553 0.000000 
0.122922 -0.000000 
0.701756 -0.000000 
-0.068322 0.000000 
-0.369281 0.000000 
-1.379284 0.000000 
0.823695 0.000000 
-0.276362 0.000000 
-0.331293 -0.000000 
0.202815 0.000000 
0.259994 0.000000 
0.580994 -0.000000 
-0.116385 0.000000 
0.172341 0.000000 
0.688082 -0.000000 
0.583101 0.000000 
-0.311274 0.000000 
0.031695 0.000000 
0.707756 0.000000 
0.294577 -0.000000 
-0.421371 -0.000000 
-0.768150 -0.000000 
-0.030144 -0.000000 
0.364502 0.000000 
0.544983 -0.000000 
-0.297512 -0.000000 
0.490900 0.000000 
-0.779290 0.000000 
-0.030146 -0.000000 
-0.124270 0.000000 
-0.755140 0.000000 
0.174837 -0.000000 
1.407666 -0.000000 
-0.074105 -0.000000 
-0.577756 -0.000000 
0.145590 0.000000 
-0.853586 0.000000 
0.841315 0.000000 
0.245475 0.000000 
-0.354953 -0.000000 
0.538478 0.000000 
-0.447797 0.000000 
-0.792414 -0.000000 
0.259889 0.000000 
0.807218 -0.000000 
0.862112 -0.000000 
-0.258661 -0.000000 
0.032635 0.000000 
-0.661001 0.000000 
0.030921 0.000000 
-0.003748 0.000000 
0.271784 0.000000 
0.731992 0.000000 
0.637353 0.000000 
-0.030096 0.000000 
-0.956633 -0.000000 
0.027035 -0.000000 
0.204236 0.000000 
0.281549 0.000000 
-0.004709 -0.000000 
0.735050 0.000000 
-0.518288 -0.000000 
-1.032186 0.000000 
0.909581 0.000000 
0.099523 0.000000 
0.144904 -0.000000 
-0.377181 0.000000 
0.233623 0.000000 
-0.803101 0.000000 
-0.837732 0.000000 
0.125877 -0.000000 
0.094140 0.000000 
-0.381112 0.000000 
0.411881 0.000000 
0.059950 -0.000000 
-0.238590 0.000000 
0.036790 0.000000 
0.213544 0.000000 
0.918283 -0.000000 
-0.188596 0.000000 
0.542570 -0.000000 
0.172568 0.000000 
0.867929 0.000000 
-0.162377 0.000000 
0.194409 0.000000 
-0.224809 -0.000000 
-0.012432 0.000000 
-0.657495 -0.000000 
-0.490000 0.000000 
0.794575 0.000000 
-0.783912 0.000000 
0.701619 0.000000 
-0.268732 -0.000000 
0.278750 0.000000 
-0.523269 0.000000 
-0.214240 0.000000 
-0.608605 0.000000 
-0.313661 -0.000000 
0.098512 0.000000 
0.355634 0.000000 
0.184208 0.000000 
0.533528 0.000000 
-0.887862 -0.000000 
-0.056082 -0.000000 
-0.281914 0.000000 
0.238786 0.000000 
0.554302 -0.000000 
0.697414 0.000000 
0.454754 -0.000000 
0.106106 -0.000000 
-0.159248 -0.000000 
0.343159 0.000000 
0.189528 0.000000 
-0.150145 -0.000000 
-0.029147 0.000000 
0.003137 0.000000 
0.960235 0.000000 
0.010840 0.000000 
0.871193 0.000000 
0.257956 0.000000 
-0.473122 -0.000000 
-0.539196 -0.000000 
0.264815 0.000000 
-0.316352 -0.000000 
0.504413 0.000000 
0.868788 0.000000 
0.597459 -0.000000 
-0.945550 0.000000 
-0.840860 0.000000 
-0.077832 0.000000 
0.103072 -0.000000 
-0.241123 -0.000000 
-0.699164 0.000000 
-0.847898 -0.000000 
0.448858 0.000000 
-0.315829 -0.000000 
-0.620231 -0.000000 
-0.907595 0.000000 
-0.694848 0.000000 
0.749909 -0.000000 
-0.409526 -0.000000 
-0.369468 -0.000000 
0.133239 -0.000000 
0.314315 0.000000 
0.132848 -0.000000 
0.003811 0.000000 
-0.755725 -0.000000 
0.119060 0.000000 
-0.042688 0.000000 
0.431612 0.000000 
0.259808 -0.000000 
-0.374361 -0.000000 
-0.153517 -0.000000 
0.011972 -0.000000 
0.250658 0.000000 
-0.980957 -0.000000 
-0.096169 0.000000 
-0.155538 0.000000 
0.015071 -0.000000 
0.710986 0.000000 
-0.861783 0.000000 
-0.035046 0.000000 
-1.427693 0.000000 
0.090730 0.000000 
0.038391 0.000000 
-0.117143 0.000000 
0.321681 0.000000 
-0.274347 0.000000 
0.599709 0.000000 
0.184455 -0.000000 
0.074401 0.000000 
-0.302633 -0.000000 
0.288677 0.000000 
0.052774 0.000000 
0.185825 -0.000000 
0.507610 0.000000 
0.687382 0.000000 
-0.480451 0.000000 
0.245554 0.000000 
-0.098547 0.000000 
-0.474617 0.000000 
0.246370 0.000000 
-0.063191 -0.000000 
0.203756 -0.000000 
0.661306 0.000000 
-0.226981 -0.000000 
-0.992321 -0.000000 
0.208951 -0.000000 
-1.266768 -0.000000 
-0.159275 0.000000 
-0.161589 -0.000000 
0.855356 -0.000000 
0.006826 -0.000000 
0.454072 -0.000000 
0.333483 0.000000 
1.076350 -0.000000 
0.889145 0.000000 
0.830168 0.000000 
-0.614961 0.000000 
-0.759151 0.000000 
-0.006274 0.000000 
0.137315 -0.000000 
-0.571525 -0.000000 
-0.039349 0.000000 
-1.027342 0.000000 
-0.734319 -0.000000 
0.591871 0.000000 
-0.076646 0.000000 
1.711223 0.000000 
-0.547858 0.000000 
-0.240619 0.000000 
1.155706 0.000000 
0.431075 0.000000 
-0.407123 0.000000 
-0.046077 -0.000000 
-0.182534 0.000000 
-0.429710 -0.000000 
-0.144301 -0.000000 
-0.591951 -0.000000 
-0.434652 0.000000 
0.007680 0.000000 
0.446216 -0.000000 
0.060307 0.000000 
0.240116 -0.000000 
-0.780067 0.000000 
0.421574 0.000000 
0.599414 0.000000 
0.879029 0.000000 
-0.570082 0.000000 
0.606685 -0.000000 
0.232627 0.000000 
0.938868 0.000000 
0.204383 0.000000 
-0.177150 0.000000 
0.366895 0.000000 
-0.438039 -0.000000 
-0.168750 -0.000000 
0.508560 0.000000 
-0.281259 0.000000 
-0.104343 0.000000 
0.010545 0.000000 
-0.376282 -0.000000 
0.425889 -0.000000 
0.653622 0.000000 
0.582326 0.000000 
-0.005967 0.000000 
-0.366229 0.000000 
-0.453968 0.000000 
0.532545 -0.000000 
0.490986 -0.000000 
-0.279798 -0.000000 
-0.006197 0.000000 
-0.435810 -0.000000 
-0.220439 -0.000000 
-0.195822 0.000000 
-0.868519 0.000000 
0.016357 -0.000000 
0.979584 0.000000 
-0.119764 0.000000 
0.657327 0.000000 
0.307876 0.000000 
-0.817345 0.000000 
0.993156 0.000000 
0.077478 0.000000 
0.641212 0.000000 
0.512668 0.000000 
-0.426433 0.000000 
-0.022559 -0.000000 
-0.878836 0.000000 
-0.344718 -0.000000 
0.179877 0.000000 
0.166043 0.000000 
0.317094 -0.000000 
0.583325 0.000000 
0.089324 0.000000 
-0.751755 -0.000000 
-0.488185 0.000000 
0.083672 -0.000000 
-0.050406 0.000000 
-0.433471 -0.000000 
0.017058 0.000000 
0.104981 -0.000000 
-0.322744 -0.000000 
0.321690 0.000000 
-0.334791 -0.000000 
-0.369515 0.000000 
0.365984 0.000000 
-0.272482 0.000000 
0.683863 0.000000 
-0.315959 0.000000 
-0.304595 0.000000 
0.082488 0.000000 
-0.415163 0.000000 
-0.081014 0.000000 
0.243514 0.000000 
-0.710279 0.000000 
-0.690005 -0.000000 
-0.314325 0.000000 
0.189819 0.000000 
0.269739 0.000000 
0.175883 -0.000000 
-0.089064 -0.000000 
0.385314 -0.000000 
-1.077393 0.000000 
0.196185 0.000000 
-0.693123 0.000000 
-0.084530 -0.000000 
0.255398 0.000000 
0.061063 0.000000 
0.250398 0.000000 
0.580179 0.000000 
-0.900174 0.000000 
0.621633 -0.000000 
-0.429360 -0.000000 
-0.294179 0.000000 
-0.828182 0.000000 
0.867788 0.000000 
-0.758128 0.000000 
0.265730 0.000000 
-0.735540 -0.000000 
0.007965 0.000000 
-0.053768 -0.000000 
-0.143037 -0.000000 
0.768627 -0.000000 
-0.266502 -0.000000 
0.715487 -0.000000 
-0.019368 -0.000000 
0.175432 0.000000 
0.359387 0.000000 
0.711589 0.000000 
0.487992 -0.000000 
-0.233899 -0.000000 
-0.114793 0.000000 
0.522821 -0.000000 
0.114706 -0.000000 
-0.154438 0.000000 
0.740032 0.000000 
-0.092611 -0.000000 
0.264091 0.000000 
1.331377 0.000000 
-0.044447 0.000000 
-0.017782 0.000000 
0.875161 -0.000000 
-0.355775 0.000000 
-0.317289 0.000000 
0.287456 -0.000000 
0.301303 0.000000 
-0.176356 0.000000 
-0.355022 0.000000 
0.828403 -0.000000 
0.263665 -0.000000 
-0.327167 0.000000 
-0.466878 0.000000 
-0.127462 0.000000 
-0.066601 0.000000 
0.157986 0.000000 
0.478682 0.000000 
0.040212 0.000000 
-0.507858 0.000000 
0.346500 -0.000000 
0.167143 0.000000 
-0.666334 0.000000 
-0.148143 0.000000 
0.864579 -0.000000 
-0.470974 -0.000000 
-0.166082 -0.000000 
-0.709916 0.000000 
-0.204028 -0.000000 
