-2.048356 2.048356 
0.000000 0.500000 0.011096 
0.000000 0.000000 0.000000 

-0.184767 0.000000 
0.492412 -0.000000 
-0.022227 -0.000000 
-0.168038 0.000000 
0.031071 0.000000 
-0.301435 0.000000 
-0.304696 0.000000 
0.335843 0.000000 
0.313764 0.000000 
0.343022 0.000000 
0.876005 0.000000 
-0.155828 -0.000000 
-0.137121 0.000000 
-0.098948 -0.000000 
-0.787585 -0.000000 
0.332637 0.000000 
0.309298 0.000000 
0.963492 -0.000000 
0.432697 -0.000000 
0.352804 -0.000000 
0.237909 0.000000 
-0.025587 -0.000000 
1.001700 0.000000 
-0.530105 0.000000 
-0.354365 0.000000 
0.323420 0.000000 
0.712235 0.000000 
-0.658733 -0.000000 
0.630692 0.000000 
0.416474 -0.000000 
-0.592842 0.000000 
0.172077 0.000000 
-0.052573 0.000000 
-1.079643 0.000000 
0.397035 0.000000 
-0.688214 0.000000 
0.367739 0.000000 
0.047116 -0.000000 
0.011284 -0.000000 
0.322039 0.000000 
-0.386409 0.000000 
0.288203 0.000000 
0.002348 -0.000000 
-0.567631 -0.000000 
1.240212 0.000000 
-0.713588 0.000000 
0.249522 -0.000000 
0.784459 0.000000 
0.049459 0.000000 
0.051939 0.000000 
0.110909 0.000000 
0.274732 0.000000 
0.379139 0.000000 
-0.115359 -0.000000 
-0.291613 -0.000000 
0.246807 -0.000000 
0.367861 0.000000 
0.301555 -0.000000 
0.043146 0.000000 
-0.364169 -0.000000 
0.045067 -0.000000 
-0.404185 -0.000000 
-0.576204 0.000000 
-0.444414 0.000000 
-0.142532 0.000000 
0.213837 -0.000000 
-0.388089 -0.000000 
0.298476 0.000000 
0.544447 0.000000 
0.273919 0.000000 
-0.959783 -0.000000 
1.068666 0.000000 
0.264810 -0.000000 
-0.692022 0.000000 
0.142716 -0.000000 
-1.071812 0.000000 
0.006619 -0.000000 
0.855095 0.000000 
-0.701403 -0.000000 
0.420798 -0.000000 
0.271928 0.000000 
0.578429 -0.000000 
0.285605 0.000000 
-0.092750 0.000000 
0.094798 0.000000 
-1.417832 -0.000000 
0.014640 0.000000 
0.525619 -0.000000 
-0.710203 0.000000 
-0.425826 -0.000000 
0.081634 0.000000 
0.318698 0.000000 
0.291136 0.000000 
-0.170162 0.000000 
0.179254 -0.000000 
0.885884 0.000000 
-0.454254 0.000000 
-0.692069 0.000000 
-0.414360 0.000000 
0.558702 -0.000000 
0.467317 -0.000000 
0.649914 0.000000 
-0.620741 0.000000 
0.330061 0.000000 
0.439681 -0.000000 
-0.097965 0.000000 
0.519218 -0.000000 
0.065268 0.000000 
0.211066 0.000000 
0.717265 0.000000 
-0.529404 -0.000000 
-0.223394 0.000000 
-0.332971 0.000000 
0.051878 0.000000 
-0.049430 0.000000 
0.024641 0.000000 
0.709168 -0.000000 
-0.304288 0.000000 
-0.682338 0.000000 
0.327488 0.000000 
0.152600 0.000000 
-0.825445 -0.000000 
-0.473345 -0.000000 
0.089491 0.000000 
0.284062 0.000000 
-0.398790 -0.000000 
-0.262960 -0.000000 
0.415500 0.000000 
-0.197703 0.000000 
0.429445 0.000000 
-0.067451 0.000000 
0.385222 0.000000 
-0.301988 -0.000000 
0.437954 0.000000 
0.273004 0.000000 
0.446583 0.000000 
0.016154 -0.000000 
-0.222806 0.000000 
0.224562 -0.000000 
-0.501642 0.000000 
0.168596 -0.000000 
-0.318597 -0.000000 
-0.093330 -0.000000 
-0.541792 -0.000000 
0.316904 0.000000 
0.505104 0.000000 
0.170022 -0.000000 
-0.232877 -0.000000 
0.825182 -0.000000 
-0.502872 0.000000 
-0.344689 0.000000 
0.431653 0.000000 
-1.078796 0.000000 
0.962688 -0.000000 
-0.261531 0.000000 
-0.600478 0.000000 
-0.229300 -0.000000 
-0.975862 0.000000 
-0.071093 0.000000 
-1.369592 0.000000 
0.625511 -0.000000 
0.173220 0.000000 
-1.027617 0.000000 
-0.478801 0.000000 
-0.492457 0.000000 
0.016781 -0.000000 
0.369897 -0.000000 
0.602689 0.000000 
-0.255473 0.000000 
-1.254738 0.000000 
-0.625794 0.000000 
0.937910 -0.000000 
-0.761985 0.000000 
0.519412 0.000000 
0.797114 0.000000 
-0.104298 0.000000 
0.194940 0.000000 
-0.107812 0.000000 
-0.064758 -0.000000 
-0.288556 -0.000000 
-0.901091 0.000000 
-0.874329 -0.000000 
-0.543689 -0.000000 
0.238339 0.000000 
0.631128 0.000000 
0.666538 0.000000 
0.428268 -0.000000 
-0.328671 0.000000 
-0.429081 -0.000000 
0.529215 0.000000 
-0.186309 -0.000000 
-0.267622 0.000000 
-0.410864 -0.000000 
-0.971255 0.000000 
-0.511519 0.000000 
-0.687566 -0.000000 
0.581587 -0.000000 
0.081995 -0.000000 
1.160133 0.000000 
-0.284741 0.000000 
-0.202645 -0.000000 
-0.853558 0.000000 
-0.069302 -0.000000 
0.104766 0.000000 
-0.297471 0.000000 
0.067664 0.000000 
-0.241836 -0.000000 
-0.823709 0.000000 
0.509201 0.000000 
0.999406 0.000000 
-0.660069 -0.000000 
-0.582526 0.000000 
-0.900395 0.000000 
-0.393974 0.000000 
0.660185 0.000000 
-0.582137 0.000000 
-0.031470 -0.000000 
-0.264211 -0.000000 
-0.980019 0.000000 
1.436393 -0.000000 
-0.085961 0.000000 
0.189150 -0.000000 
-0.240793 -0.000000 
0.671488 0.000000 
-0.449005 0.000000 
-0.390233 -0.000000 
0.279661 -0.000000 
-0.407854 -0.000000 
0.578615 0.000000 
-0.452312 0.000000 
0.515632 0.000000 
-0.185236 0.000000 
0.384081 0.000000 
0.413689 0.000000 
-1.067655 0.000000 
-0.679128 0.000000 
0.754232 0.000000 
-0.408002 -0.000000 
0.285594 0.000000 
-0.072756 0.000000 
-0.509591 0.000000 
-0.104285 0.000000 
-0.269235 0.000000 
0.534117 0.000000 
0.551288 0.000000 
-1.172738 0.000000 
0.277131 0.000000 
-0.174439 0.000000 
0.167732 0.000000 
0.387964 0.000000 
-0.145541 0.000000 
-0.413519 0.000000 
0.217216 -0.000000 
0.393337 0.000000 
-0.370007 0.000000 
-0.229667 -0.000000 
0.033119 0.000000 
-0.467079 0.000000 
1.267303 0.000000 
0.561645 0.000000 
-0.493982 0.000000 
-0.147058 0.000000 
0.052293 -0.000000 
0.289014 0.000000 
-0.136399 0.000000 
-0.606767 0.000000 
-0.026293 0.000000 
-0.651946 0.000000 
0.245377 -0.000000 
0.492445 0.000000 
-0.293671 0.000000 
0.413614 0.000000 
1.540248 -0.000000 
0.201545 0.000000 
-0.408824 0.000000 
0.584654 0.000000 
-0.566051 0.000000 
0.632646 -0.000000 
0.633927 -0.000000 
-0.159106 0.000000 
0.543332 -0.000000 
1.087579 0.000000 
-0.281030 -0.000000 
0.087290 0.000000 
0.445883 0.000000 
0.405694 0.000000 
-0.349182 0.000000 
-0.018978 0.000000 
-0.207731 -0.000000 
-0.287902 0.000000 
0.106526 0.000000 
-0.433004 0.000000 
-0.086822 0.000000 
0.361728 0.000000 
-0.008741 0.000000 
0.064870 0.000000 
0.333072 0.000000 
0.021575 0.000000 
0.106352 0.000000 
0.455709 -0.000000 
-0.134557 0.000000 
0.204037 -0.000000 
0.248488 0.000000 
0.535968 0.000000 
0.239559 0.000000 
-0.148584 0.000000 
-0.593659 -0.000000 
0.019833 -0.000000 
-0.756432 0.000000 
1.010132 0.000000 
0.480913 0.000000 
0.167832 -0.000000 
-0.174094 -0.000000 
1.189388 -0.000000 
0.403512 0.000000 
0.197341 -0.000000 
0.849834 0.000000 
-0.293452 0.000000 
-0.181690 0.000000 
0.232622 -0.000000 
0.209067 0.000000 
-0.249602 0.000000 
-0.781851 -0.000000 
-0.986226 0.000000 
0.410938 -0.000000 
0.425368 0.000000 
0.706645 -0.000000 
-0.050016 0.000000 
0.855881 0.000000 
-0.123544 0.000000 
0.196003 0.000000 
0.073297 -0.000000 
0.151470 0.000000 
0.019604 0.000000 
0.479989 0.000000 
-0.574305 -0.000000 
0.387922 0.000000 
0.139496 0.000000 
-0.400708 -0.000000 
-0.608641 0.000000 
0.096191 -0.000000 
0.081271 -0.000000 
-0.430238 0.000000 
-0.154119 0.000000 
0.070558 0.000000 
0.278566 0.000000 
0.385521 -0.000000 
-0.200636 0.000000 
0.965396 -0.000000 
0.434540 0.000000 
0.626391 0.000000 
-0.024183 0.000000 
0.364696 -0.000000 
-0.310513 0.000000 
-0.241160 0.000000 
-0.301812 -0.000000 
-0.220347 -0.000000 
0.955112 0.000000 
0.116250 0.000000 
0.046572 -0.000000 
-1.397212 0.000000 
-0.182475 0.000000 
-0.667824 0.000000 
-0.838215 -0.000000 
0.535255 0.000000 
-0.914399 0.000000 
-0.201874 0.000000 
-1.092645 0.000000 
0.040340 0.000000 
0.286685 0.000000 
0.699258 0.000000 
0.364326 0.000000 
0.088925 -0.000000 
-0.621540 0.000000 
0.422026 0.000000 
0.569606 0.000000 
0.269740 -0.000000 
0.460846 -0.000000 
0.108493 -0.000000 
-0.824687 0.000000 
-0.189199 0.000000 
-0.074774 0.000000 
1.018742 0.000000 
0.047567 -0.000000 
-0.437396 0.000000 
-0.507125 0.000000 
-0.816814 0.000000 
-0.198752 0.000000 
-0.577206 0.000000 
0.166796 0.000000 
-0.095045 0.000000 
0.230774 -0.000000 
0.433575 -0.000000 
0.032179 0.000000 
0.386195 -0.000000 
0.208446 0.000000 
-0.354774 0.000000 
-0.090520 0.000000 
0.944059 0.000000 
-0.655816 0.000000 
0.980264 0.000000 
-0.254265 0.000000 
-0.472281 -0.000000 
-0.497894 0.000000 
-0.951003 -0.000000 
0.331372 0.000000 
0.145339 0.000000 
-0.591191 0.000000 
0.957472 0.000000 
-0.595482 -0.000000 
-0.066456 0.000000 
0.966196 -0.000000 
-0.754367 0.000000 
-0.501258 -0.000000 
0.402555 0.000000 
-0.924803 0.000000 
-0.217966 0.000000 
-0.398431 0.000000 
0.308670 0.000000 
0.373333 -0.000000 
-0.200348 -0.000000 
0.226361 -0.000000 
-0.314261 0.000000 
-0.313079 -0.000000 
0.322633 0.000000 
0.254878 0.000000 
-0.035027 0.000000 
0.342321 0.000000 
0.026426 -0.000000 
-0.210969 0.000000 
-0.022270 0.000000 
-0.114304 0.000000 
-0.014697 0.000000 
-0.109490 -0.000000 
-0.137201 0.000000 
0.606674 0.000000 
-0.178679 0.000000 
-0.513431 -0.000000 
0.013551 -0.000000 
-0.229377 0.000000 
-0.713403 -0.000000 
0.035772 0.000000 
-0.279125 0.000000 
-0.532089 0.000000 
-0.842654 -0.000000 
0.689862 0.000000 
-0.120136 0.000000 
0.327126 -0.000000 
0.830608 -0.000000 
-0.329057 0.000000 
-0.873751 0.000000 
0.671361 0.000000 
0.610091 0.000000 
-0.217287 0.000000 
0.795499 -0.000000 
-0.188287 -0.000000 
0.628782 0.000000 
-0.402245 0.000000 
0.052434 0.000000 
0.281701 -0.000000 
0.439544 0.000000 
-0.962187 0.000000 
0.279496 0.000000 
0.449894 0.000000 
-0.017092 0.000000 
-0.829147 0.000000 
0.276861 0.000000 
-0.218328 0.000000 
-0.136431 0.000000 
0.341340 0.000000 
0.185202 0.000000 
0.129659 0.000000 
0.323290 -0.000000 
0.150483 -0.000000 
-0.373514 0.000000 
-0.657952 0.000000 
0.833315 -0.000000 
-0.156407 -0.000000 
-0.387589 -0.000000 
0.025762 0.000000 
0.137436 0.000000 
0.490153 0.000000 
-0.205871 0.000000 
-0.331085 0.000000 
-0.270806 0.000000 
0.294634 -0.000000 
0.122636 0.000000 
0.183057 -0.000000 
-0.009335 0.000000 
0.194940 0.000000 
0.525479 -0.000000 
-0.013711 0.000000 
-0.221766 -0.000000 
-0.395922 0.000000 
0.387649 0.000000 
0.318146 0.000000 
-0.218728 -0.000000 
0.003558 0.000000 
0.224348 0.000000 
0.313935 0.000000 
-0.346201 -0.000000 
-0.031349 -0.000000 
0.600664 -0.000000 
-0.526657 0.000000 
0.713529 0.000000 
0.086798 0.000000 
0.466250 -0.000000 
-0.118017 0.000000 
0.287389 -0.000000 
0.085651 0.000000 
-0.384033 0.000000 
0.243797 0.000000 
0.257912 0.000000 
0.851305 -0.000000 
-0.072864 0.000000 
-0.319533 -0.000000 
-0.167403 0.000000 
0.363334 -0.000000 
0.251905 0.000000 
-0.139462 0.000000 
-0.855118 0.000000 
-0.328441 0.000000 
0.930340 -0.000000 
0.357100 -0.000000 
-0.296502 -0.000000 
-0.466362 -0.000000 
0.257140 0.000000 
-0.001525 0.000000 
-1.266710 0.000000 
0.190361 0.000000 
0.071674 -0.000000 
-0.071336 0.000000 
-0.179532 0.000000 
-0.402504 -0.000000 
0.335131 0.000000 
0.196105 0.000000 
-0.048757 -0.000000 
0.045069 -0.000000 
0.370109 0.000000 
0.333400 -0.000000 
-0.228533 0.000000 
-0.155294 -0.000000 
0.013579 -0.000000 
0.218248 0.000000 
0.214053 0.000000 
-0.063187 0.000000 
-0.094510 0.000000 
-0.317320 0.000000 
-0.319220 0.000000 
-0.687611 0.000000 
-0.837323 0.000000 
-0.364009 -0.000000 
0.234471 0.000000 
0.816552 0.000000 
0.035759 -0.000000 
1.127813 0.000000 
0.474945 0.000000 
-0.030218 0.000000 
-0.002893 0.000000 
0.476663 -0.000000 
0.275377 -0.000000 
0.041061 0.000000 
0.570168 -0.000000 
-0.697161 0.000000 
-0.112904 -0.000000 
0.635338 -0.000000 
-0.774305 0.000000 
0.071537 -0.000000 
0.839663 0.000000 
-0.181734 -0.000000 
-0.260283 -0.000000 
1.010099 0.000000 
0.571939 -0.000000 
0.718151 -0.000000 
-0.384661 0.000000 
-0.689005 0.000000 
0.599507 0.000000 
0.778177 -0.000000 
-0.091527 -0.000000 
0.636518 0.000000 
-0.698565 -0.000000 
-0.120312 0.000000 
-0.540165 -0.000000 
-0.238107 -0.000000 
-0.241076 0.000000 
-0.757838 0.000000 
0.084513 0.000000 
-0.242915 -0.000000 
0.179355 -0.000000 
-0.094725 0.000000 
0.020338 0.000000 
0.006836 0.000000 
-0.078563 0.000000 
-0.390461 0.000000 
0.020832 0.000000 
0.298417 -0.000000 
-0.274720 0.000000 
-0.054017 -0.000000 
0.342686 -0.000000 
0.047711 -0.000000 
-0.616008 0.000000 
0.766259 0.000000 
0.317012 -0.000000 
0.328726 0.000000 
-0.129444 0.000000 
-0.230380 -0.000000 
0.620946 0.000000 
0.173660 0.000000 
0.170608 0.000000 
-0.005124 0.000000 
0.008575 0.000000 
0.996347 -0.000000 
-0.262838 -0.000000 
0.006991 -0.000000 
-0.721654 -0.000000 
-0.013472 0.000000 
0.537848 0.000000 
0.432995 0.000000 
0.033757 -0.000000 
0.273059 0.000000 
0.158959 0.000000 
0.488542 0.000000 
-0.765943 -0.000000 
-0.523210 -0.000000 
-0.431273 0.000000 
-0.157767 -0.000000 
-0.116464 0.000000 
0.920640 0.000000 
-0.349830 -0.000000 
0.634582 0.000000 
-0.007930 0.000000 
-0.088222 -0.000000 
-0.777678 0.000000 
0.408966 -0.000000 
-0.737058 -0.000000 
-1.206433 0.000000 
0.637343 0.000000 
-0.303429 0.000000 
-0.282999 -0.000000 
-0.342391 0.000000 
-0.065866 -0.000000 
0.157187 0.000000 
0.955486 0.000000 
0.289960 0.000000 
-0.110242 0.000000 
-0.474715 0.000000 
0.426791 -0.000000 
-0.080150 0.000000 
-0.524635 0.000000 
0.841555 -0.000000 
-0.314317 0.000000 
0.096374 0.000000 
-0.565109 -0.000000 
-0.373958 0.000000 
0.531139 0.000000 
0.394292 0.000000 
-0.083320 0.000000 
0.113282 -0.000000 
-0.290917 0.000000 
-0.049459 -0.000000 
0.232427 0.000000 
-0.046429 0.000000 
0.489407 0.000000 
-0.909675 0.000000 
-0.463237 0.000000 
-0.585473 -0.000000 
-0.086543 0.000000 
0.281316 0.000000 
-0.017434 -0.000000 
0.279954 0.000000 
0.201306 0.000000 
-0.250222 0.000000 
0.314098 -0.000000 
0.007551 0.000000 
-0.223779 0.000000 
-0.248330 0.000000 
-0.528503 -0.000000 
0.596730 -0.000000 
0.399380 -0.000000 
-1.192648 0.000000 
0.527549 0.000000 
-0.813040 0.000000 
0.705615 -0.000000 
0.271993 -0.000000 
-0.030604 -0.000000 
0.083766 0.000000 
-0.185394 0.000000 
-1.456122 0.000000 
-0.307857 -0.000000 
-0.144809 -0.000000 
0.723880 0.000000 
0.015544 0.000000 
-0.046366 0.000000 
-0.629354 0.000000 
-0.096562 0.000000 
0.020003 0.000000 
-0.059728 0.000000 
-0.257690 -0.000000 
-0.091466 -0.000000 
0.594936 0.000000 
0.415448 0.000000 
0.340043 0.000000 
0.401963 -0.000000 
0.080533 0.000000 
0.715252 0.000000 
-0.111812 0.000000 
0.048938 -0.000000 
0.382101 0.000000 
-0.189130 0.000000 
0.176743 0.000000 
0.032995 0.000000 
0.163508 0.000000 
-0.556932 0.000000 
-0.769911 0.000000 
-0.915055 0.000000 
-0.484491 -0.000000 
0.174427 -0.000000 
0.492052 0.000000 
0.045132 -0.000000 
0.624316 0.000000 
0.168417 0.000000 
0.057388 -0.000000 
0.062329 -0.000000 
0.045310 -0.000000 
0.241082 0.000000 
0.901408 -0.000000 
-0.711165 0.000000 
-0.056394 0.000000 
-0.581262 0.000000 
-0.800939 0.000000 
-0.911621 -0.000000 
0.007714 0.000000 
-0.247551 0.000000 
-0.227493 0.000000 
0.449563 -0.000000 
-0.041606 -0.000000 
0.089195 0.000000 
0.404952 0.000000 
0.231096 0.000000 
0.557522 0.000000 
0.435071 0.000000 
0.353504 0.000000 
0.077256 -0.000000 
-0.571370 0.000000 
0.470026 0.000000 
-0.095673 0.000000 
-0.018805 0.000000 
0.139959 0.000000 
0.541462 0.000000 
-0.652837 0.000000 
-0.809127 0.000000 
-0.140307 0.000000 
-0.019729 0.000000 
0.338807 -0.000000 
0.109731 0.000000 
0.092528 -0.000000 
0.798845 -0.000000 
0.278275 0.000000 
-0.228598 -0.000000 
-0.311021 -0.000000 
0.004042 0.000000 
-1.032931 0.000000 
0.795587 0.000000 
-0.230708 -0.000000 
0.129432 -0.000000 
-0.873390 0.000000 
0.107722 0.000000 
0.390788 -0.000000 
0.425371 -0.000000 
0.191816 -0.000000 
-0.351945 0.000000 
-0.326381 -0.000000 
0.321143 0.000000 
0.308286 -0.000000 
0.024730 0.000000 
-0.210509 0.000000 
0.741276 0.000000 
0.242120 -0.000000 
-0.155417 0.000000 
1.100464 0.000000 
-0.033485 -0.000000 
1.185286 -0.000000 
-0.400589 -0.000000 
0.890608 0.000000 
0.300639 -0.000000 
-0.166491 0.000000 
-0.410239 -0.000000 
0.834909 0.000000 
0.794926 0.000000 
-0.330315 0.000000 
-0.466059 0.000000 
0.005457 0.000000 
-0.120722 0.000000 
0.426317 0.000000 
1.317103 0.000000 
-0.611548 0.000000 
0.046943 0.000000 
0.672164 0.000000 
0.232747 0.000000 
-0.082523 -0.000000 
0.350765 -0.000000 
0.091557 -0.000000 
-0.024580 0.000000 
0.117434 -0.000000 
0.865370 0.000000 
0.372378 0.000000 
0.671887 0.000000 
0.279320 0.000000 
0.121473 0.000000 
0.282876 -0.000000 
-0.703720 0.000000 
-1.113166 -0.000000 
0.347297 0.000000 
-0.050093 0.000000 
-1.334567 0.000000 
0.763883 0.000000 
-0.163455 0.000000 
0.376348 -0.000000 
0.605845 0.000000 
-0.633450 -0.000000 
-0.487032 0.000000 
-0.079413 -0.000000 
-0.266551 0.000000 
-0.314264 -0.000000 
-1.138807 0.000000 
0.905785 -0.000000 
0.108412 -0.000000 
0.566678 -0.000000 
0.219947 0.000000 
0.297602 0.000000 
-0.090314 0.000000 
-0.318481 -0.000000 
0.953623 -0.000000 
-0.348350 0.000000 
0.263909 0.000000 
0.162505 0.000000 
-0.784227 0.000000 
0.051748 0.000000 
-0.133210 0.000000 
-0.112095 0.000000 
-0.649909 -0.000000 
0.236887 -0.000000 
0.125349 0.000000 
0.616334 0.000000 
0.074108 0.000000 
-0.026241 -0.000000 
0.198551 0.000000 
0.085444 0.000000 
0.132072 0.000000 
0.214123 0.000000 
-1.037905 0.000000 
-0.144101 0.000000 
-0.330369 0.000000 
0.626616 -0.000000 
-0.682293 -0.000000 
-0.322427 0.000000 
0.517641 -0.000000 
-0.150637 0.000000 
0.344980 0.000000 
-0.348275 0.000000 
-0.212757 0.000000 
-0.340993 0.000000 
-0.469566 0.000000 
0.305851 -0.000000 
-0.536724 0.000000 
0.349743 0.000000 
0.324036 0.000000 
0.180208 0.000000 
-0.324769 0.000000 
0.953500 0.000000 
-0.003909 0.000000 
0.078338 -0.000000 
0.102983 0.000000 
0.029594 0.000000 
-0.685009 0.000000 
0.241767 -0.000000 
-0.497946 0.000000 
0.598137 -0.000000 
-0.060089 -0.000000 
0.120428 0.000000 
-0.794505 0.000000 
-0.167155 0.000000 
0.398016 -0.000000 
-0.045613 0.000000 
0.606553 0.000000 
0.397773 -0.000000 
0.269122 -0.000000 
-0.856659 0.000000 
0.578667 -0.000000 
-0.346149 -0.000000 
0.405429 0.000000 
0.426134 -0.000000 
-0.782605 0.000000 
-0.460216 0.000000 
0.665546 -0.000000 
-0.219715 -0.000000 
-0.497069 0.000000 
0.397370 0.000000 
0.029614 -0.000000 
0.230271 -0.000000 
0.927885 0.000000 
-0.967232 0.000000 
-0.820572 -0.000000 
-0.125052 -0.000000 
0.482356 0.000000 
0.751441 -0.000000 
-0.187558 0.000000 
0.059876 0.000000 
0.565650 -0.000000 
-0.952855 0.000000 
-0.622793 -0.000000 
0.008285 0.000000 
-0.479898 0.000000 
-1.551132 0.000000 
-0.062051 0.000000 
0.360594 0.000000 
0.291299 0.000000 
-0.288409 0.000000 
1.080313 0.000000 
1.015713 0.000000 
0.831242 -0.000000 
0.044437 0.000000 
-0.246755 0.000000 
0.761354 0.000000 
0.405550 0.000000 
0.294762 0.000000 
-0.005233 0.000000 
-0.991761 0.000000 
-0.389233 0.000000 
0.714387 0.000000 
-0.255003 0.000000 
-0.619056 0.000000 
-0.086413 0.000000 
0.337791 -0.000000 
0.412913 0.000000 
0.287776 0.000000 
0.527381 -0.000000 
0.189626 0.000000 
-0.848947 -0.000000 
-0.344691 -0.000000 
-0.303196 0.000000 
-0.042388 0.000000 
-0.480719 -0.000000 
-0.477523 -0.000000 
0.023764 0.000000 
0.269854 -0.000000 
-0.311731 -0.000000 
0.674267 -0.000000 
-0.162334 0.000000 
0.188335 0.000000 
-0.072867 0.000000 
-0.505418 0.000000 
-0.174116 -0.000000 
0.439223 0.000000 
0.985377 0.000000 
-0.213620 0.000000 
0.099734 -0.000000 
-0.859095 -0.000000 
0.343192 0.000000 
-0.450537 -0.000000 
-0.387412 0.000000 
-0.354644 0.000000 
-0.313325 0.000000 
0.707840 -0.000000 
-0.299676 0.000000 
0.783225 0.000000 
-0.113109 0.000000 
0.385085 0.000000 
-0.433423 -0.000000 
-0.087683 0.000000 
0.368560 0.000000 
0.542176 0.000000 
0.015775 -0.000000 
0.464794 0.000000 
-0.189027 0.000000 
0.113792 -0.000000 
0.320735 -0.000000 
0.039882 -0.000000 
0.873706 -0.000000 
0.438022 0.000000 
0.603070 0.000000 
0.120151 -0.000000 
-0.704931 -0.000000 
-0.637263 0.000000 
-0.560782 0.000000 
0.275780 0.000000 
0.038774 0.000000 
-0.084478 0.000000 
0.088432 0.000000 
0.078053 0.000000 
0.806807 -0.000000 
-0.006805 0.000000 
-0.196198 -0.000000 
-0.293426 -0.000000 
-0.428042 0.000000 
0.202062 0.000000 
0.536960 0.000000 
-0.405022 0.000000 
0.147384 -0.000000 
-0.401339 0.000000 
0.331680 0.000000 
-0.112098 0.000000 
0.248613 0.000000 
-0.081825 0.000000 
-0.321874 0.000000 
-0.049739 0.000000 
0.523503 0.000000 
0.711208 0.000000 
0.059483 0.000000 
0.391803 -0.000000 
-0.287549 0.000000 
0.405902 0.000000 
-0.228264 0.000000 
0.021779 0.000000 
-0.692670 0.000000 
-0.260882 0.000000 
0.009948 0.000000 
-0.166922 0.000000 
-0.693357 0.000000 
-0.448506 -0.000000 
0.759889 -0.000000 
0.426960 0.000000 
-0.160748 0.000000 
-0.594588 -0.000000 
