T	 |m|	 <m[0]>	 <m[1]>	 <E>	 dim_{Lat}=2	 L=128,128	 J=1.000000,1.000000	 {/Symbol s}_J=0.000000,0.000000	 <J_{ij}>=0.000000,0.000000	 dim_{Spin}=2	 h=0.015625,0.000000	 {/Symbol s}_h=0.500000,0.000000	 <h_i>=0.004409,0.000000	 order=1.000000,0.000000	 order_h=0	 order_r=1	 (thermalizing-MCS,averaging-MCS)/{/Symbol D}T=(128000,12800)/0.010000	 
Cooling... 
2.000000	 0.044890	 0.017670	 -0.000127	 -0.606988	 
1.990000	 0.046046	 0.019232	 -0.001803	 -0.610975	 
1.980000	 0.045782	 0.018273	 -0.000930	 -0.615138	 
1.970000	 0.046039	 0.019414	 -0.001721	 -0.618967	 
1.960000	 0.046002	 0.020242	 -0.000849	 -0.622470	 
1.950000	 0.046573	 0.021534	 -0.000393	 -0.625771	 
1.940000	 0.046681	 0.019889	 0.000176	 -0.629094	 
1.930000	 0.046750	 0.019784	 0.000390	 -0.632285	 
1.920000	 0.047277	 0.020858	 -0.001602	 -0.636833	 
1.910000	 0.047280	 0.020743	 -0.001329	 -0.641153	 
1.900000	 0.047686	 0.020997	 -0.002571	 -0.645180	 
1.890000	 0.047960	 0.021923	 -0.002165	 -0.649198	 
1.880000	 0.049006	 0.022569	 -0.001588	 -0.653250	 
1.870000	 0.047889	 0.022458	 0.002265	 -0.656297	 
1.860000	 0.048276	 0.021539	 -0.000376	 -0.660428	 
1.850000	 0.048825	 0.022224	 -0.000071	 -0.664711	 
1.840000	 0.049742	 0.024421	 -0.000862	 -0.669154	 
1.830000	 0.049248	 0.023160	 -0.002501	 -0.673815	 
1.820000	 0.049634	 0.023883	 -0.002504	 -0.678770	 
1.810000	 0.051011	 0.026791	 -0.001814	 -0.682798	 
1.800000	 0.050549	 0.026500	 0.000641	 -0.686668	 
1.790000	 0.050545	 0.025655	 0.000218	 -0.691011	 
1.780000	 0.051111	 0.024934	 0.001225	 -0.695131	 
1.770000	 0.051959	 0.026536	 -0.003480	 -0.700466	 
1.760000	 0.051419	 0.026658	 -0.000371	 -0.705392	 
1.750000	 0.051981	 0.026615	 -0.003267	 -0.710826	 
1.740000	 0.052412	 0.027139	 -0.002262	 -0.715355	 
1.730000	 0.053388	 0.029905	 -0.000630	 -0.719777	 
1.720000	 0.052614	 0.027850	 0.000515	 -0.724106	 
1.710000	 0.052873	 0.028104	 -0.000560	 -0.729120	 
1.700000	 0.055040	 0.029860	 -0.000093	 -0.734395	 
1.690000	 0.054898	 0.030107	 -0.000597	 -0.739875	 
1.680000	 0.054147	 0.030241	 -0.002946	 -0.745805	 
1.670000	 0.055335	 0.031388	 -0.001861	 -0.751190	 
1.660000	 0.056696	 0.033024	 -0.001981	 -0.756774	 
1.650000	 0.055690	 0.033626	 0.000474	 -0.761081	 
1.640000	 0.057634	 0.032962	 0.000979	 -0.767039	 
1.630000	 0.057999	 0.034534	 0.000594	 -0.771732	 
1.620000	 0.059291	 0.035692	 -0.001198	 -0.778404	 
1.610000	 0.057876	 0.035310	 -0.002158	 -0.784825	 
1.600000	 0.059084	 0.034986	 -0.004108	 -0.791107	 
1.590000	 0.060291	 0.037516	 -0.002503	 -0.797014	 
1.580000	 0.061844	 0.040448	 -0.000673	 -0.802860	 
1.570000	 0.061996	 0.039230	 0.000046	 -0.808274	 
1.560000	 0.062170	 0.039020	 0.000142	 -0.814035	 
1.550000	 0.064891	 0.041469	 0.000374	 -0.821049	 
1.540000	 0.064578	 0.041652	 -0.001088	 -0.827483	 
1.530000	 0.064290	 0.041722	 -0.003413	 -0.834691	 
1.520000	 0.065520	 0.043341	 -0.002356	 -0.841743	 
1.510000	 0.068464	 0.048548	 -0.001146	 -0.848556	 
1.500000	 0.067127	 0.047182	 0.002187	 -0.854436	 
1.490000	 0.067844	 0.045696	 0.002949	 -0.861015	 
1.480000	 0.069278	 0.045084	 0.001089	 -0.868262	 
1.470000	 0.071212	 0.049855	 -0.001680	 -0.876349	 
1.460000	 0.070135	 0.049286	 -0.002504	 -0.884356	 
1.450000	 0.074030	 0.052900	 -0.006238	 -0.892109	 
1.440000	 0.075511	 0.054944	 -0.002006	 -0.899287	 
1.430000	 0.076542	 0.056980	 0.000992	 -0.906109	 
1.420000	 0.076999	 0.056276	 0.001401	 -0.913751	 
1.410000	 0.076948	 0.054830	 0.006093	 -0.920888	 
1.400000	 0.079346	 0.058916	 -0.003721	 -0.930387	 
1.390000	 0.081614	 0.060945	 -0.003139	 -0.938963	 
1.380000	 0.082879	 0.063438	 -0.007898	 -0.948105	 
1.370000	 0.083394	 0.063809	 -0.004344	 -0.955990	 
1.360000	 0.087631	 0.067521	 -0.003926	 -0.964558	 
1.350000	 0.092593	 0.071799	 0.007262	 -0.972063	 
1.340000	 0.088725	 0.067455	 0.002783	 -0.980671	 
1.330000	 0.090488	 0.068326	 0.002147	 -0.990218	 
1.320000	 0.094684	 0.075758	 -0.004099	 -1.000621	 
1.310000	 0.095491	 0.075932	 -0.007732	 -1.010140	 
1.300000	 0.099385	 0.080253	 -0.004472	 -1.020084	 
1.290000	 0.103230	 0.084481	 -0.007998	 -1.029378	 
1.280000	 0.102300	 0.083721	 -0.001132	 -1.037880	 
1.270000	 0.103591	 0.084147	 0.000252	 -1.047413	 
1.260000	 0.110298	 0.087245	 0.011385	 -1.057416	 
1.250000	 0.111801	 0.092629	 -0.007425	 -1.068147	 
1.240000	 0.115165	 0.096657	 -0.004517	 -1.079599	 
1.230000	 0.117124	 0.095835	 -0.013652	 -1.091012	 
1.220000	 0.118156	 0.097452	 -0.013574	 -1.099702	 
1.210000	 0.124075	 0.105127	 -0.003887	 -1.110517	 
1.200000	 0.126307	 0.105975	 0.002101	 -1.120460	 
1.190000	 0.129187	 0.108511	 0.005721	 -1.131566	 
1.180000	 0.133903	 0.112019	 0.000632	 -1.142392	 
1.170000	 0.138558	 0.118812	 -0.002621	 -1.154972	 
1.160000	 0.143127	 0.122715	 -0.020585	 -1.166617	 
1.150000	 0.147890	 0.124501	 -0.015696	 -1.177952	 
1.140000	 0.159664	 0.133103	 -0.025134	 -1.190105	 
1.130000	 0.158922	 0.134568	 0.003600	 -1.200767	 
1.120000	 0.160201	 0.138171	 0.007083	 -1.212637	 
1.110000	 0.162253	 0.140090	 0.020487	 -1.223019	 
1.100000	 0.170374	 0.147096	 -0.006703	 -1.236774	 
1.090000	 0.170698	 0.145757	 -0.011303	 -1.249403	 
1.080000	 0.177808	 0.148226	 -0.044144	 -1.261297	 
1.070000	 0.199423	 0.156771	 -0.061476	 -1.275258	 
1.060000	 0.204023	 0.166170	 -0.009063	 -1.287214	 
1.050000	 0.195927	 0.168487	 0.009443	 -1.297479	 
1.040000	 0.188731	 0.160683	 0.029060	 -1.309668	 
1.030000	 0.200696	 0.172463	 0.009498	 -1.321492	 
1.020000	 0.215712	 0.182045	 -0.040033	 -1.334501	 
1.010000	 0.247092	 0.175959	 -0.146743	 -1.349199	 
1.000000	 0.254454	 0.183524	 -0.137539	 -1.361913	 
0.990000	 0.236839	 0.198163	 -0.060401	 -1.373259	 
0.980000	 0.255671	 0.195456	 0.021901	 -1.385853	 
0.970000	 0.248931	 0.197075	 -0.115768	 -1.398259	 
0.960000	 0.274345	 0.196791	 -0.142459	 -1.409313	 
0.950000	 0.370999	 0.195754	 -0.309481	 -1.425666	 
0.940000	 0.434535	 0.191815	 -0.385121	 -1.440389	 
0.930000	 0.507419	 0.181640	 -0.471475	 -1.455929	 
0.920000	 0.524480	 0.188681	 -0.487067	 -1.467187	 
0.910000	 0.533926	 0.197917	 -0.493271	 -1.476876	 
0.900000	 0.554663	 0.198916	 -0.514890	 -1.488268	 
0.890000	 0.565932	 0.191032	 -0.530479	 -1.497680	 
0.880000	 0.584059	 0.198295	 -0.547271	 -1.509176	 
0.870000	 0.595346	 0.181452	 -0.564603	 -1.519447	 
0.860000	 0.603776	 0.180954	 -0.574119	 -1.529862	 
0.850000	 0.616012	 0.194563	 -0.582772	 -1.539132	 
0.840000	 0.622327	 0.188947	 -0.591171	 -1.548078	 
0.830000	 0.625620	 0.199259	 -0.591265	 -1.555759	 
0.820000	 0.622498	 0.198351	 -0.588564	 -1.563936	 
0.810000	 0.641069	 0.199572	 -0.607859	 -1.573399	 
0.800000	 0.643419	 0.193368	 -0.612136	 -1.581581	 
0.790000	 0.654196	 0.182903	 -0.626664	 -1.591435	 
0.780000	 0.662581	 0.183059	 -0.635610	 -1.599158	 
0.770000	 0.664120	 0.196343	 -0.632891	 -1.606878	 
0.760000	 0.667590	 0.198531	 -0.635983	 -1.613852	 
0.750000	 0.671684	 0.192642	 -0.642009	 -1.621478	 
0.740000	 0.674056	 0.193711	 -0.644322	 -1.628593	 
0.730000	 0.683279	 0.193304	 -0.654181	 -1.636638	 
0.720000	 0.689608	 0.185430	 -0.662893	 -1.644271	 
0.710000	 0.692953	 0.194976	 -0.663842	 -1.651585	 
0.700000	 0.700455	 0.180313	 -0.675926	 -1.659348	 
0.690000	 0.701426	 0.192055	 -0.673273	 -1.666089	 
0.680000	 0.705359	 0.197268	 -0.676063	 -1.672288	 
0.670000	 0.705760	 0.191555	 -0.678059	 -1.678953	 
0.660000	 0.710180	 0.200117	 -0.680279	 -1.686141	 
0.650000	 0.715483	 0.192372	 -0.688182	 -1.693142	 
0.640000	 0.721501	 0.183242	 -0.697104	 -1.700665	 
0.630000	 0.726788	 0.183230	 -0.702533	 -1.706964	 
0.620000	 0.726896	 0.192722	 -0.699889	 -1.713315	 
0.610000	 0.729922	 0.191903	 -0.703028	 -1.719414	 
0.600000	 0.733363	 0.196075	 -0.705719	 -1.725570	 
0.590000	 0.735487	 0.200496	 -0.706617	 -1.731916	 
0.580000	 0.742436	 0.191348	 -0.716436	 -1.738843	 
0.570000	 0.744639	 0.189070	 -0.719444	 -1.745626	 
0.560000	 0.748732	 0.182844	 -0.725465	 -1.751785	 
0.550000	 0.754222	 0.189206	 -0.729401	 -1.757893	 
0.540000	 0.752001	 0.201136	 -0.723848	 -1.763587	 
0.530000	 0.754489	 0.192205	 -0.728930	 -1.769507	 
0.520000	 0.760680	 0.195088	 -0.734478	 -1.775663	 
0.510000	 0.764123	 0.192597	 -0.738726	 -1.781826	 
0.500000	 0.768889	 0.193065	 -0.743496	 -1.788239	 
0.490000	 0.773604	 0.184692	 -0.750767	 -1.794349	 
0.480000	 0.776395	 0.189443	 -0.752296	 -1.800242	 
0.470000	 0.776406	 0.190857	 -0.751983	 -1.806008	 
0.460000	 0.775933	 0.203422	 -0.748100	 -1.811441	 
0.450000	 0.779462	 0.196607	 -0.753701	 -1.817439	 
0.440000	 0.786130	 0.200126	 -0.759656	 -1.823204	 
0.430000	 0.789261	 0.196814	 -0.763732	 -1.829249	 
0.420000	 0.794894	 0.190940	 -0.771189	 -1.835239	 
0.410000	 0.796111	 0.187239	 -0.773292	 -1.841237	 
0.400000	 0.797732	 0.189456	 -0.774577	 -1.846744	 
0.390000	 0.799388	 0.205959	 -0.771838	 -1.851995	 
0.380000	 0.802003	 0.195241	 -0.777473	 -1.857722	 
0.370000	 0.802932	 0.200432	 -0.777120	 -1.863384	 
0.360000	 0.808104	 0.197093	 -0.783324	 -1.869088	 
0.350000	 0.812786	 0.191985	 -0.789460	 -1.874840	 
0.340000	 0.817357	 0.191707	 -0.794290	 -1.880598	 
0.330000	 0.818195	 0.194611	 -0.794505	 -1.886060	 
0.320000	 0.819665	 0.196346	 -0.795530	 -1.891546	 
0.310000	 0.820372	 0.206028	 -0.793619	 -1.896837	 
0.300000	 0.823108	 0.193437	 -0.799857	 -1.902297	 
0.290000	 0.828212	 0.195517	 -0.804484	 -1.907905	 
0.280000	 0.830664	 0.196030	 -0.806977	 -1.913311	 
0.270000	 0.834729	 0.195259	 -0.811364	 -1.918922	 
0.260000	 0.840263	 0.194794	 -0.817216	 -1.924390	 
0.250000	 0.839326	 0.194558	 -0.816294	 -1.929616	 
0.240000	 0.841380	 0.197320	 -0.817773	 -1.934919	 
0.230000	 0.844793	 0.199409	 -0.820705	 -1.940271	 
0.220000	 0.848240	 0.205468	 -0.822831	 -1.945534	 
0.210000	 0.849596	 0.200848	 -0.825352	 -1.950870	 
0.200000	 0.852255	 0.198029	 -0.828738	 -1.956244	 
0.190000	 0.855356	 0.198513	 -0.831870	 -1.961594	 
0.180000	 0.858479	 0.197686	 -0.835316	 -1.966856	 
0.170000	 0.860556	 0.197626	 -0.837450	 -1.972092	 
0.160000	 0.861203	 0.195364	 -0.838660	 -1.977173	 
0.150000	 0.865525	 0.199246	 -0.842180	 -1.982418	 
0.140000	 0.866910	 0.197402	 -0.844058	 -1.987626	 
0.130000	 0.869932	 0.198436	 -0.846924	 -1.992934	 
0.120000	 0.873387	 0.199737	 -0.850185	 -1.998121	 
0.110000	 0.875643	 0.196855	 -0.853187	 -2.003263	 
0.100000	 0.876694	 0.197335	 -0.854168	 -2.008363	 
0.090000	 0.880088	 0.197661	 -0.857565	 -2.013414	 
0.080000	 0.882283	 0.200264	 -0.859206	 -2.018576	 
0.070000	 0.884898	 0.196371	 -0.862789	 -2.023626	 
0.060000	 0.887693	 0.199910	 -0.864857	 -2.028764	 
0.050000	 0.889708	 0.202270	 -0.866394	 -2.033799	 
0.040000	 0.892218	 0.199111	 -0.869702	 -2.038859	 
0.030000	 0.894365	 0.199105	 -0.871906	 -2.043929	 
0.020000	 0.897153	 0.199398	 -0.874708	 -2.048944	 
0.010000	 0.898794	 0.201071	 -0.876012	 -2.053958	 
