-2.023785 2.023785 
0.000000 0.500000 0.057779 
0.000000 0.000000 0.000000 

0.092114 -0.000000 
-0.613180 0.000000 
1.613241 0.000000 
-0.094127 0.000000 
0.376068 0.000000 
0.101295 0.000000 
-0.247647 0.000000 
0.097599 -0.000000 
-0.601072 0.000000 
-0.337673 0.000000 
-0.093218 0.000000 
0.827122 0.000000 
0.108125 -0.000000 
-0.015866 -0.000000 
0.165091 0.000000 
0.938574 0.000000 
0.836598 0.000000 
0.378866 -0.000000 
0.536179 0.000000 
0.638052 0.000000 
-0.335945 -0.000000 
-0.924168 -0.000000 
0.639499 0.000000 
0.157243 0.000000 
0.481672 0.000000 
0.747983 -0.000000 
-0.077932 -0.000000 
-0.033742 0.000000 
0.637889 0.000000 
0.353549 -0.000000 
0.094207 0.000000 
0.635264 0.000000 
0.948785 0.000000 
-0.347637 -0.000000 
0.130551 0.000000 
-0.423621 0.000000 
-0.626558 0.000000 
0.805418 0.000000 
0.376588 -0.000000 
0.911844 -0.000000 
0.088702 0.000000 
-0.957508 0.000000 
0.295740 -0.000000 
0.688685 0.000000 
-0.683515 -0.000000 
0.049329 0.000000 
-0.021217 0.000000 
0.342847 0.000000 
0.039034 -0.000000 
0.499889 0.000000 
-0.110250 -0.000000 
-0.805636 0.000000 
-0.429319 0.000000 
-0.154773 0.000000 
-0.974473 -0.000000 
0.679346 0.000000 
0.371132 0.000000 
0.828534 0.000000 
0.003132 -0.000000 
0.879915 0.000000 
0.930025 0.000000 
0.356519 0.000000 
-0.301770 -0.000000 
0.003512 0.000000 
-0.039809 0.000000 
0.536551 0.000000 
-0.547338 0.000000 
0.738013 0.000000 
-0.174955 -0.000000 
0.000186 0.000000 
0.191647 0.000000 
-0.633730 0.000000 
-0.271416 0.000000 
-0.268253 0.000000 
-0.350388 0.000000 
-0.378783 -0.000000 
1.293058 0.000000 
0.007894 0.000000 
-0.564330 0.000000 
-0.225368 0.000000 
0.174042 -0.000000 
0.311631 0.000000 
0.465129 -0.000000 
0.657454 0.000000 
0.664940 0.000000 
0.222318 0.000000 
0.695394 -0.000000 
-0.298844 0.000000 
0.074349 0.000000 
-0.325696 0.000000 
0.056206 0.000000 
0.312433 0.000000 
-0.211740 0.000000 
-0.374495 -0.000000 
-0.579139 0.000000 
-0.311390 -0.000000 
-0.566086 0.000000 
0.167416 0.000000 
0.581535 0.000000 
-0.069602 0.000000 
0.593329 -0.000000 
-0.960694 -0.000000 
0.102917 0.000000 
1.607143 -0.000000 
-0.003297 0.000000 
-0.538267 0.000000 
-0.401257 0.000000 
-1.461495 -0.000000 
0.969875 -0.000000 
-0.547052 0.000000 
-0.530316 0.000000 
0.209217 0.000000 
0.255607 -0.000000 
0.400665 0.000000 
0.878958 0.000000 
0.113284 -0.000000 
0.456792 0.000000 
0.922459 0.000000 
-0.224194 0.000000 
-0.281256 0.000000 
-0.929132 0.000000 
-0.653776 0.000000 
0.101728 0.000000 
-0.289243 0.000000 
0.388703 -0.000000 
-0.276254 -0.000000 
-0.884195 0.000000 
-0.070619 0.000000 
0.170572 -0.000000 
0.251931 0.000000 
0.083751 0.000000 
0.836394 0.000000 
-0.461087 -0.000000 
0.611936 -0.000000 
-0.344789 0.000000 
0.222516 0.000000 
0.178861 -0.000000 
-0.549188 0.000000 
-0.873976 -0.000000 
0.357071 0.000000 
0.354099 -0.000000 
-0.756568 -0.000000 
0.576178 0.000000 
0.068193 0.000000 
-0.144206 -0.000000 
-0.382312 0.000000 
0.303718 -0.000000 
-0.263621 0.000000 
-0.459664 -0.000000 
-0.901584 -0.000000 
0.378871 0.000000 
-0.261906 -0.000000 
-0.655225 0.000000 
-0.364981 0.000000 
0.490493 -0.000000 
-0.206052 0.000000 
-0.892414 0.000000 
-0.368095 0.000000 
0.540897 0.000000 
0.548871 -0.000000 
0.839291 0.000000 
-0.134063 0.000000 
-0.548789 0.000000 
0.206712 0.000000 
-0.054490 0.000000 
-0.009058 -0.000000 
-0.178451 0.000000 
-0.258338 -0.000000 
0.542104 0.000000 
0.859500 0.000000 
-0.703552 0.000000 
-0.832802 -0.000000 
-0.488689 0.000000 
0.251968 -0.000000 
-0.214205 0.000000 
-0.225623 -0.000000 
0.436416 0.000000 
-0.438061 0.000000 
0.385111 0.000000 
0.217174 -0.000000 
-0.068939 0.000000 
-0.570175 0.000000 
0.506484 -0.000000 
0.590115 -0.000000 
0.940986 0.000000 
-0.673371 0.000000 
0.032859 0.000000 
0.296720 0.000000 
-0.625071 -0.000000 
1.052635 0.000000 
-0.884452 0.000000 
-0.386245 0.000000 
0.258875 0.000000 
-0.343578 0.000000 
0.328919 0.000000 
0.088389 -0.000000 
-0.168714 -0.000000 
-0.056645 -0.000000 
0.507573 0.000000 
0.350487 0.000000 
-0.199343 0.000000 
0.117272 0.000000 
0.128575 0.000000 
-0.051574 -0.000000 
0.131513 0.000000 
0.404273 -0.000000 
0.744790 0.000000 
0.296536 0.000000 
-0.479041 0.000000 
-0.192944 0.000000 
-0.663803 0.000000 
-0.537860 0.000000 
-0.148562 0.000000 
-0.204811 0.000000 
0.374050 -0.000000 
-0.219860 0.000000 
-0.033164 -0.000000 
1.425154 -0.000000 
-0.075529 0.000000 
-0.244929 -0.000000 
0.348100 -0.000000 
-0.007359 0.000000 
-0.002716 0.000000 
-0.607738 0.000000 
0.292717 -0.000000 
-0.440181 -0.000000 
-0.020106 0.000000 
0.927192 0.000000 
0.822561 -0.000000 
0.304006 -0.000000 
0.904995 -0.000000 
0.016803 -0.000000 
-0.311943 0.000000 
-0.045454 -0.000000 
0.130653 0.000000 
0.745234 0.000000 
0.151816 -0.000000 
0.556305 0.000000 
0.047352 -0.000000 
0.084261 0.000000 
-0.657154 0.000000 
-0.359038 -0.000000 
0.206176 0.000000 
0.665936 -0.000000 
-0.041270 0.000000 
0.157237 0.000000 
-0.148369 0.000000 
-0.390201 0.000000 
0.517581 0.000000 
0.167916 0.000000 
0.107133 0.000000 
-0.276812 0.000000 
-0.195800 0.000000 
0.371316 0.000000 
0.464184 0.000000 
0.434392 0.000000 
