-6.790027026477e+000	7.848806970229e+000	
0.000000000000e+000	2.000000000000e+000	-3.102112359020e-003	

-3.390598315099e+000	
2.081610213059e+000	
1.417796802691e-001	
-1.607819694751e+000	
1.469875350623e+000	
2.773896481157e+000	
-3.057963705672e+000	
7.704022038729e-001	
1.899652138400e+000	
3.979937486807e+000	
-2.804307034871e+000	
-2.026262960468e-001	
1.624305608755e+000	
-3.382339597136e+000	
-7.867694978960e-001	
2.192307275403e+000	
-6.738369856351e-001	
-1.531159745379e+000	
6.856640249556e-002	
-1.328825166350e+000	
-2.003951574550e+000	
-2.142901090230e-001	
-3.484836935022e+000	
1.103022438707e+000	
-8.589826105511e-001	
4.068751407166e-001	
9.710691177021e-002	
2.473196490839e+000	
-5.680735278685e-001	
-3.114198283981e+000	
-1.302015640450e+000	
1.799296053160e+000	
-2.249088268680e+000	
-6.525719944521e-001	
-3.073408907691e+000	
-1.253388439727e+000	
7.128138852065e-001	
-4.278356258783e-001	
-1.223972020967e+000	
3.854630692130e-001	
6.384795430556e-002	
1.665848998795e+000	
-2.648715277868e+000	
-1.136988766731e-001	
1.009770871483e+000	
-9.154256666140e-001	
6.731277996031e-002	
-6.740507741737e-001	
-2.152783952468e+000	
2.686850494427e+000	
-1.494758957336e+000	
2.417317693241e+000	
-1.798125620207e+000	
-4.268249591765e-001	
1.415001574730e+000	
-1.071306756851e+000	
5.174459641184e-001	
8.026593533343e-001	
-6.333902533224e-001	
-8.147193106560e-001	
4.874375368360e+000	
-2.925107980962e+000	
2.926373816905e-001	
-1.548343460951e+000	
7.592879779653e-001	
-8.340457747454e-001	
4.105519367196e+000	
-4.915344173833e+000	
1.061572954497e+000	
1.214574024904e+000	
-2.847662205265e+000	
1.859801841587e-001	
-2.456875305461e-001	
3.907100682201e+000	
2.069719756985e+000	
-1.196573308823e+000	
2.632039584079e+000	
-1.260665845867e-001	
-5.240708167573e-002	
-1.037283491542e-001	
2.148707602474e+000	
1.406270225294e+000	
-1.109730999547e+000	
3.287973679290e-001	
2.965238600119e+000	
8.295967091867e-001	
2.476619140273e-001	
-2.001660586453e+000	
1.580362969779e+000	
2.930115419621e+000	
-2.940467144256e+000	
7.127281552258e-001	
-1.934129977460e+000	
9.959875660445e-001	
1.019025326087e+000	
-2.336474980260e+000	
-1.368129924948e+000	
4.176113427258e-001	
-2.749011891613e+000	
1.596123525603e+000	
1.986515323888e+000	
7.356702204883e-001	
2.036349936018e-002	
-6.196017041276e-002	
-3.675108201676e+000	
2.628980132308e+000	
1.024425593640e-001	
5.894696044555e-001	
-1.409920164406e+000	
2.091040148333e-001	
2.292168194263e-001	
2.388024226162e+000	
3.862001323072e-001	
-4.761292533598e-001	
-1.618236475002e+000	
1.107503539938e+000	
-6.237088828831e-001	
-1.413280437002e+000	
9.982824392220e-001	
3.701928663008e-001	
4.478055662227e+000	
-2.427772238040e+000	
3.145665162167e-001	
-1.202751665035e+000	
-1.743770559892e+000	
-3.669278751640e+000	
-7.226385389852e-001	
-1.073086165504e+000	
2.553095027387e+000	
2.397335317477e+000	
9.472077950997e-001	
-1.751757673948e+000	
2.690513718999e+000	
3.780476808957e-001	
-1.043189319313e-001	
-8.781496548671e-001	
-2.778687572696e+000	
5.522863008506e-001	
-6.296298428544e-001	
-3.301587834164e+000	
-1.549031195113e+000	
-2.730725234635e+000	
5.757337175556e-001	
-8.596854483734e-001	
3.361666926930e+000	
-5.389891885411e+000	
1.730426811917e+000	
-5.683964670563e+000	
1.345801221529e+000	
-3.555293414987e-001	
-5.110711926674e-002	
6.784821872008e-002	
-5.449659220168e+000	
-2.250361865363e+000	
2.144984212216e-001	
-2.699298906793e+000	
-2.241502306316e-001	
2.274485247110e+000	
-3.993984134275e+000	
2.467867550186e+000	
1.289657378404e+000	
-2.426027802610e+000	
-5.721158313470e+000	
1.779002595739e-001	
1.683246061052e+000	
2.835036926297e+000	
2.424876249044e+000	
2.808321917098e-001	
9.465583938617e-001	
-2.517275576230e+000	
3.488011258472e-001	
5.206582782683e-001	
-1.934026866339e+000	
2.249719375614e+000	
-8.280691538541e-001	
1.234872359648e+000	
-1.615527024184e+000	
1.433147709813e+000	
-2.429142249970e+000	
1.054951478460e+000	
-1.239539469033e+000	
6.787584502725e-001	
2.578162000353e+000	
1.269377917378e-001	
-4.248753045481e-001	
1.525665467804e+000	
-2.717460666474e-002	
7.914214569244e-001	
-1.227482662837e+000	
-2.142221401692e+000	
-1.124536554086e+000	
2.228160503879e+000	
-1.622573920537e+000	
3.031921407520e+000	
-1.099584872836e+000	
-1.173852161393e+000	
1.692200635120e+000	
7.984138864706e-001	
1.193691885496e+000	
3.666131944471e-001	
1.632731945238e+000	
-1.620278640583e+000	
-2.976407214397e+000	
-1.468225800427e+000	
-4.185449418149e-001	
1.914193516192e+000	
-2.065323315395e+000	
-4.142672828780e-001	
6.363120174922e-001	
1.248915131574e+000	
-2.913601229231e-001	
2.214505716037e-001	
4.228581651506e-001	
-2.688318830327e-002	
1.895896864417e-001	
9.382469622958e-002	
1.301144178482e+000	
4.969170222697e+000	
-4.393811349002e-001	
-7.293226746173e-001	
1.783984979235e+000	
2.406367432547e+000	
-1.597352449631e+000	
4.613597496472e-001	
4.754547988227e-001	
-1.323370741325e-001	
1.798922925584e+000	
-7.047284256780e-001	
3.295863330023e+000	
-1.731069717808e+000	
4.078615839736e+000	
-2.565536622107e+000	
-1.482601765224e+000	
-2.792877223803e+000	
6.950316321821e-001	
-2.666722596183e+000	
4.719217628426e-001	
1.287146264257e+000	
-1.393163984754e+000	
7.164371398404e-002	
1.354117956965e+000	
-3.397638159777e-001	
3.450037591736e-001	
-1.601352520364e+000	
5.203180687754e-001	
9.270990678457e-001	
1.497180180557e+000	
3.517873802072e+000	
-2.147381394472e-001	
-1.207889617957e-001	
1.909231834686e+000	
-1.564113478822e+000	
-1.280238728104e+000	
1.489650666857e+000	
2.190722169547e+000	
-9.984725655668e-002	
-1.669797182727e+000	
-1.012454525956e+000	
-1.763779288765e+000	
1.219708809361e+000	
-2.927865821797e+000	
5.768617331209e-001	
3.009401204913e+000	
1.553788876855e+000	
1.271376265710e+000	
4.679486008434e-001	
-1.554442858772e+000	
1.571224255550e+000	
-6.192606140285e-001	
-1.392543881872e+000	
1.552761630955e+000	
-6.717755959511e-001	
-3.786221709979e-001	
5.894547358552e-001	
1.148426538406e+000	
2.853685550303e+000	
1.929268440657e+000	
1.234924012975e+000	
1.112111425955e+000	
7.947018656800e-001	
-2.207696445074e+000	
1.636297657816e+000	
-6.100549726091e-001	
6.225947522761e-001	
2.018019515825e+000	
9.998468809706e-001	
1.806124662440e-001	
-2.094648889141e-002	
-2.267966974131e+000	
1.245730592353e+000	
-1.548915276368e+000	
-7.205257627366e-001	
1.496697289233e+000	
2.738833131795e+000	
1.104622292075e+000	
9.937058926324e-001	
8.597604820454e-002	
5.003381925671e+000	
1.797994924735e+000	
1.578212379467e+000	
-2.182196595340e-001	
-3.436807557566e-001	
-5.453315177174e-002	
1.175025381100e+000	
-1.265466263124e+000	
-2.920996306161e+000	
-5.609453002216e+000	
2.718268107647e+000	
-5.171853409783e-001	
2.501032723178e+000	
-1.656362930037e+000	
-4.438492764892e+000	
1.067946144422e-001	
2.417872904327e+000	
-6.204260609084e-001	
-1.261135410974e+000	
-1.710525342979e+000	
1.839468597927e+000	
3.468843559520e+000	
1.311699318012e+000	
-1.172249351311e+000	
-3.686160280901e-001	
-1.367108988779e+000	
-6.092964533162e-001	
1.775546247815e+000	
1.033957099435e+000	
-6.419188663857e-001	
2.091361406763e+000	
2.885359599913e+000	
2.502862651814e+000	
6.558908708999e-001	
-1.290678652914e+000	
1.333443130221e+000	
-2.518771910700e+000	
1.349622532648e+000	
3.066036219300e+000	
-7.400024757098e-001	
-1.518591042941e+000	
2.188279893864e+000	
4.342258006875e+000	
3.050249205542e-001	
8.976605658755e-001	
4.547691654936e-001	
1.320962929708e+000	
9.181137084701e-002	
3.960351706879e-001	
4.122734503289e+000	
-2.929706335424e+000	
6.204499605679e-001	
3.075880884979e+000	
-6.085735532462e-001	
-7.327758035074e-001	
1.109731597308e+000	
-2.938121910681e+000	
-1.891466005585e+000	
1.578380920662e+000	
-2.540291971435e+000	
1.763612629602e-001	
-2.682265727324e+000	
1.498126714359e+000	
6.253698767746e-001	
-1.527015003650e-001	
1.488051590731e+000	
-2.647991523158e-001	
-1.630488785780e+000	
-8.943456871752e-001	
1.918256901066e-001	
-1.057120691103e-001	
2.159223176581e+000	
-7.528026147579e-001	
1.536966813632e+000	
-1.510766848879e+000	
-2.055131414506e+000	
1.442287383314e-001	
1.218969336820e+000	
7.215310941378e-001	
-6.608911601290e+000	
-1.390309573211e+000	
-2.442333676500e+000	
8.463949594915e-001	
-1.572696886818e-001	
2.674742730338e+000	
-1.042865775985e+000	
1.958630471886e+000	
2.025371565466e+000	
-9.966649715095e-001	
-3.059183815231e-001	
3.352310886381e+000	
1.132354122469e+000	
-1.505560006885e-001	
7.091430350065e-001	
1.335995396599e+000	
-1.955654513914e+000	
-9.660216350117e-001	
-3.476588572843e+000	
-1.347987373166e+000	
-9.857823272077e-001	
3.332226122426e-001	
1.663016220698e+000	
-4.226159881003e+000	
6.834057459184e-001	
3.635488135278e-001	
2.437519435787e+000	
-3.212979292463e+000	
-2.636108396944e-001	
1.821230516209e+000	
-2.111441042179e-001	
5.448525642030e-001	
-5.418602254750e-001	
1.483084076420e+000	
1.637296937223e+000	
3.712571736571e+000	
-1.466740166941e+000	
-1.777165212476e-001	
3.305996685479e-001	
1.497424548031e-002	
-2.831669753120e+000	
2.859030169243e-001	
9.285437124872e-001	
-3.590970034855e+000	
-7.866870854711e-001	
-3.203127547193e+000	
5.916980895029e+000	
-9.176826382225e-001	
1.371899000965e+000	
-3.329309367825e+000	
2.754623831075e+000	
2.166322836063e+000	
-4.042578691368e+000	
-5.028023756398e+000	
3.666753982365e+000	
1.940431995158e+000	
-4.964560952943e-001	
-2.522199232142e+000	
-1.275680805537e+000	
5.084233991326e-001	
-2.213760096718e+000	
4.297899653462e-002	
3.717848221330e-001	
-2.199936909095e-001	
9.141721846756e-001	
6.732550150500e-001	
-9.778125865681e-001	
3.880695908027e-001	
3.490460575056e-001	
-2.133579008977e+000	
-4.823692273938e+000	
-1.623887611533e+000	
-1.857589572988e+000	
-1.662549794727e-001	
3.535247355835e+000	
-1.657934226727e+000	
1.690337058992e+000	
2.949007564937e+000	
1.440243472173e+000	
3.454324969302e+000	
-2.798985405974e-002	
-2.527203724002e+000	
-1.379304881776e+000	
5.448711533475e-001	
-8.303549779429e-001	
-3.635057792353e-001	
2.621524494651e+000	
-1.561632356020e+000	
-6.187406162633e-002	
3.023310804711e+000	
-3.212943148444e-001	
-2.217889323968e+000	
3.384668123285e-001	
1.492612866157e+000	
2.106101552438e+000	
-3.848375379528e+000	
-3.102302784952e+000	
1.618342072705e+000	
-2.554376068516e+000	
-3.974510191379e+000	
-2.337071387540e+000	
-5.348748143960e-001	
1.278179278291e+000	
-3.857884850638e+000	
4.582313138108e-001	
2.767127015257e+000	
-7.014821782288e-001	
-2.437729434762e+000	
-2.936494370150e+000	
1.118522947344e-002	
3.311196916339e-001	
2.221195021085e+000	
2.394519280941e+000	
4.787422696886e-001	
-3.943530370850e+000	
-8.577650309124e-001	
2.888626340729e+000	
-3.023593766188e+000	
-4.008690976581e+000	
1.894460651450e-001	
1.060396351084e+000	
6.146479528399e-001	
-3.102755365322e-001	
2.341030018053e+000	
6.293828373220e-001	
1.967086130425e+000	
-1.708064517742e+000	
1.114914708662e+000	
-2.016960935901e+000	
1.189416224438e-001	
1.471909810608e+000	
5.116506479568e+000	
-2.517276600844e+000	
8.479309425123e-001	
2.587272638300e+000	
-3.004388305587e+000	
5.035722507019e-001	
-3.182608681821e+000	
2.128233024439e+000	
-5.180458384345e-001	
7.233025819000e-001	
-2.241959703388e+000	
1.438148433523e+000	
-8.318089961893e-001	
1.518417020151e+000	
-1.122086598753e+000	
-2.603529102516e+000	
1.232217638766e+000	
1.367016703373e+000	
-9.994234497361e-002	
-9.046014557128e-001	
2.995566444322e+000	
-9.711350230931e-001	
3.121562845431e-001	
-1.154354795001e+000	
2.611487937157e+000	
-3.613236374775e+000	
-1.032367082224e+000	
-1.586083376955e+000	
3.659847247936e-002	
4.410010118951e+000	
7.416389118655e-001	
-3.574160469501e+000	
-1.266918057632e+000	
3.958355407481e+000	
-1.360793668261e+000	
2.271642483865e+000	
1.042849324741e+000	
-6.590732642476e-001	
1.189074101967e-001	
-1.243029749544e+000	
-1.312932643503e+000	
3.383601862675e-001	
-7.691631890008e-001	
1.003754368428e+000	
2.535858219103e+000	
-4.216414397026e+000	
4.823646758830e-001	
3.999477249676e-002	
1.071357258258e+000	
-6.132860012545e-001	
-5.956238571602e+000	
1.477216205845e+000	
-1.566017776943e+000	
-1.245796127744e-001	
7.495988406385e-001	
-6.177931685477e-001	
-3.852197628025e+000	
3.365591119799e+000	
-1.787286946070e+000	
1.111452082269e+000	
-1.782150527742e-002	
5.084200853179e-001	
5.136398469618e-001	
-1.164886055914e-002	
-5.443050572570e-001	
2.003953321305e+000	
4.674303084413e-001	
1.007685629440e+000	
6.986354818784e-001	
-2.277215772625e+000	
6.585418985621e-001	
5.702279851137e-001	
2.830198709994e+000	
9.334466345654e-001	
5.777597731737e-001	
-1.031842645621e+000	
-1.171188472225e+000	
1.203928122001e+000	
-6.960287505718e-002	
1.471204715275e+000	
2.880853090047e+000	
-1.516403958359e+000	
-1.309901799472e+000	
1.761627967765e+000	
-2.482389026666e-001	
3.391017072645e-001	
1.519145276539e+000	
1.696236398571e+000	
1.348226571654e+000	
2.405163379447e+000	
-9.007771882215e-002	
-2.544707584123e+000	
2.100009069519e+000	
-2.531319423069e-001	
-5.452038304250e-001	
9.792345457761e-001	
9.260392674952e-001	
-2.318684867989e+000	
-2.138110976898e+000	
8.071599824209e-001	
-2.381734958432e+000	
2.870245538212e-001	
-3.624525989727e+000	
-3.901755562904e+000	
2.626050648763e+000	
1.183169028864e+000	
-7.119647873763e-001	
-5.588518737555e-001	
-1.910066082750e+000	
1.831099674950e+000	
-2.279581250288e+000	
-1.407110866011e+000	
2.152899076586e+000	
-3.160386139752e-001	
-1.399408000996e-001	
-7.965091851832e-001	
1.227424930472e+000	
1.374059286280e-001	
-2.566143970579e+000	
4.976383057125e-001	
-5.377333527866e+000	
-3.664141410987e-001	
3.265465743884e-001	
-2.718476944791e+000	
1.404918685118e+000	
-1.729852633201e+000	
-8.706715726159e-001	
-1.128943110620e+000	
6.052830725233e+000	
-1.183665704795e+000	
-8.655703886294e-001	
9.486900276437e-002	
3.500080764843e-001	
1.873431023413e+000	
3.780565440025e+000	
4.489089608367e-001	
2.157460406973e+000	
1.694499150910e+000	
1.035398922104e+000	
-2.460007327933e-001	
3.567376323136e+000	
4.333548665396e-001	
1.274240051421e+000	
1.017885711639e+000	
-8.317528621757e-001	
-3.034802819668e-001	
5.341157347090e-001	
5.340459538132e-001	
-3.681526867488e+000	
2.290642979377e+000	
-1.348627312926e+000	
3.483253826647e-001	
3.486447431981e+000	
2.682181394783e+000	
4.878825792849e-002	
3.618300066891e+000	
-1.827965015664e+000	
-3.348200402418e+000	
-5.604896612633e+000	
-1.603063367538e+000	
1.266177313177e+000	
1.936714919955e+000	
1.234464446979e+000	
1.713290064943e+000	
2.222641489008e+000	
-9.340065787915e-001	
1.871373685169e+000	
7.549720080545e-003	
-2.211637976628e+000	
-4.063920414945e+000	
-1.661469495805e+000	
-1.299081396411e+000	
7.365915811833e-002	
-5.567230100838e-001	
1.366544721453e+000	
-2.453362853951e-001	
3.379112297882e-002	
-1.854812156011e+000	
-2.604193388506e+000	
-5.507330033263e-001	
2.397931327711e-001	
-1.894562452054e+000	
2.213003016130e+000	
1.844168853487e-001	
2.831097375865e+000	
-1.369020137472e+000	
2.260360490595e+000	
2.270718640498e-001	
2.748592618457e+000	
-6.737183699176e-001	
-2.865654546612e+000	
6.469570057880e-001	
1.208586223504e+000	
-1.025925485431e+000	
3.324246382261e-001	
-1.915013042761e+000	
-5.839361831283e-001	
-3.909473168282e-001	
-5.104049601936e-001	
-1.752503468599e+000	
-5.760562285568e-001	
-4.785854853715e-001	
-1.219071437253e+000	
3.147573957474e-001	
1.873241862386e+000	
-2.184170854315e-002	
-2.183817553937e+000	
4.361169905126e-001	
-3.907143968359e+000	
-6.181975540542e-001	
-3.418019964631e+000	
-9.615027142753e-001	
1.474430239655e+000	
3.666136450209e-001	
2.103087328211e+000	
3.252777146825e-001	
-4.866893314211e-001	
-3.023728151506e+000	
1.399783830933e+000	
1.126754797456e+000	
2.442815677012e-001	
-4.637527835178e-001	
-1.267802009926e+000	
-1.785524824521e+000	
4.462223493934e+000	
1.724870677416e+000	
1.486342705169e+000	
-3.813026862037e-001	
-9.657291249610e-001	
1.506302385673e+000	
-2.073859077361e+000	
2.152204102619e+000	
-1.109245696937e+000	
-3.584852464081e+000	
8.067073104905e-001	
5.496214017120e+000	
-7.068754166849e-001	
-3.069166238944e+000	
-1.117134433433e+000	
-3.190794368680e+000	
-7.310293690218e-001	
1.102350126680e+000	
1.332902243989e+000	
-7.588810396545e-001	
2.816422977195e+000	
1.731703981631e+000	
5.246607625051e-001	
-3.370442952289e+000	
4.063281111708e-001	
-2.575614022568e+000	
1.161628315867e-001	
1.901334713913e+000	
1.394351519034e+000	
7.688945323912e-001	
2.503392926690e+000	
-1.811030019511e+000	
8.004189581958e-001	
-6.009274878838e-001	
-5.261449948503e+000	
1.431525488881e-001	
8.171876582723e-002	
-2.087177549316e+000	
2.347486078284e-001	
-2.082584861181e+000	
-4.397201472299e+000	
-9.433774450742e-001	
-1.308931892322e+000	
2.673788255203e-001	
2.068709526722e+000	
-4.471887406654e+000	
-3.504780047601e-001	
-3.410263666239e+000	
2.156427377971e+000	
2.494698092416e+000	
1.594759116222e+000	
1.603808738399e-001	
-1.869214095956e+000	
-2.788472135260e-001	
-4.340556321641e-002	
9.595024576527e-001	
7.561989591955e-001	
2.012749771947e+000	
2.127949297099e+000	
-4.452661629309e-001	
-1.193977939310e+000	
-1.058151981052e-001	
-1.401056687078e+000	
-2.079471307234e+000	
-8.314310430960e-001	
-6.663976377827e-001	
3.003440583698e+000	
4.849749760817e-001	
2.355471840812e-001	
3.409945683279e-001	
-1.672748964613e-001	
-1.615570781157e+000	
-6.977779027596e-001	
-2.684348855783e+000	
-3.368465161554e+000	
9.577108769029e-002	
3.284923780373e-001	
7.839620234865e-001	
3.389237328327e-001	
-3.329172892178e-001	
3.794026976762e+000	
-3.023415123601e+000	
2.977827599066e+000	
5.037626243154e-001	
1.785393454022e+000	
-5.906693695298e-001	
2.828567648966e-001	
6.270038878216e-002	
5.031532424397e-001	
4.157538393640e-001	
1.179319376839e+000	
-2.635889386926e+000	
-1.639256049370e+000	
-6.762033229007e-001	
1.728948921045e+000	
-5.793291646580e+000	
2.488037867216e+000	
-2.447809926232e+000	
5.336490967811e+000	
-1.569535127358e+000	
1.221202001743e+000	
5.638279537400e-001	
-5.387140761479e-002	
-1.856295289089e+000	
-7.273106644897e-001	
-3.364311421178e+000	
-2.957491061317e-001	
2.019808518632e-001	
2.395417288154e+000	
-7.836305072119e-001	
-1.502745181309e+000	
-3.226061652793e+000	
8.813575390027e-001	
5.081006852192e-001	
-6.237432023903e-001	
-3.808494616222e-003	
-1.261560385012e+000	
-4.852140895737e+000	
-4.250447827116e+000	
8.502413437130e-001	
2.975737321076e+000	
-9.872029113760e-001	
1.696122377190e+000	
3.080341957612e-001	
-1.613096935901e-002	
7.642292894112e-001	
-3.716928113837e+000	
4.218945904173e-001	
-1.473665015119e+000	
2.881074238867e+000	
-5.671718484058e-001	
-2.082886313764e+000	
-2.148911346922e-001	
2.512604137470e+000	
-1.123585804494e+000	
1.897966424200e+000	
-2.030529970725e+000	
-3.030667131021e+000	
5.411282618585e+000	
9.403002997169e-001	
4.030419987105e-001	
9.575342066868e-001	
6.314995162398e-001	
2.157695699191e+000	
-2.025997958776e+000	
-7.052342253440e-001	
-1.092233323649e+000	
5.202015670274e-001	
-1.090530210975e-002	
-1.511313561633e-001	
7.163672646422e-001	
-3.797675316122e+000	
1.958200290915e+000	
1.250155079842e+000	
3.616971094244e+000	
-1.151305197130e+000	
-4.871579615091e-001	
-1.593034204864e+000	
-4.796209130156e-001	
3.925364368324e+000	
-5.863180677330e-001	
-7.786995722271e-001	
3.829197819438e-001	
-1.013546904795e+000	
-1.376304608529e+000	
-1.408534314123e+000	
1.710572459904e+000	
1.362441165252e+000	
1.994465128875e+000	
1.925496213006e+000	
-2.964657939620e+000	
4.513992627681e+000	
2.364281534585e+000	
-2.318120227885e+000	
-2.935872678702e+000	
9.700590879356e-001	
-2.287642985791e+000	
4.050083285821e-001	
1.225293299192e-001	
-6.067142979885e+000	
2.630425882738e+000	
-1.277028413932e+000	
-2.132972008987e+000	
-3.931234259430e-001	
4.070179330085e+000	
2.320945204095e-003	
3.257865954868e-001	
1.391754730714e+000	
4.006530367578e+000	
-1.109247769797e-002	
3.690212551388e+000	
3.454351024710e+000	
3.460542316476e+000	
-1.098236689016e+000	
1.341956603065e+000	
9.860627889897e-001	
-1.589720636204e+000	
1.927425635076e+000	
-3.749096276035e+000	
-5.683774156903e-001	
2.926827601766e-001	
-9.213115420332e-001	
-4.317213808708e-001	
-1.411363518076e-001	
-7.894031031806e-001	
3.047351960442e-001	
8.520333874267e-001	
-1.875999696873e+000	
5.378481179656e+000	
2.118387884055e-001	
-1.927575201414e+000	
3.438223723506e-001	
2.608694140177e+000	
-1.804976671286e+000	
1.891509294090e+000	
-2.294510372133e+000	
-1.200027872900e-001	
2.098782976035e+000	
-2.269012197933e+000	
-2.439856066478e-001	
1.611550223856e+000	
7.949923208131e-002	
9.071473286536e-001	
2.253423114424e-001	
-1.812284831293e+000	
2.386244164557e+000	
3.865006905616e+000	
-1.152797869653e+000	
3.533275004537e-001	
-2.009839752571e+000	
2.548286049367e+000	
-4.866484074047e-001	
5.734951946197e-001	
2.091245043630e+000	
5.879976173432e+000	
5.932922987316e-001	
-1.128724805178e-001	
3.368558942419e+000	
2.268111925753e+000	
4.178989534617e+000	
-3.035120543880e-001	
2.161210274174e+000	
-3.147223377016e-001	
9.518694805370e-001	
1.363148230637e+000	
4.636887584002e-001	
6.186808353017e-001	
1.052278875244e+000	
3.239561909335e+000	
2.894537256527e+000	
-1.100999516740e+000	
-9.127356029537e-001	
-2.419038700194e-001	
3.766520867355e+000	
-2.296100201415e+000	
1.620130274726e+000	
-3.397415307684e+000	
1.270434187022e-001	
-3.193677701616e+000	
-3.549171868400e-001	
4.671369406938e+000	
4.459986898835e-001	
-9.600772412683e-001	
1.439481404047e+000	
3.477159301358e-001	
-5.826344107240e-001	
3.618728447485e-001	
-4.339733171741e-001	
-8.852412216011e-001	
-9.591135450387e-001	
1.322786891795e+000	
3.256436778526e+000	
-1.822957880683e+000	
-1.100815525848e-001	
-9.016320408313e-001	
-9.619858418107e-001	
2.718275195098e+000	
-1.806510233603e+000	
3.526742753299e+000	
-8.940048533435e-001	
5.299021778200e-002	
-2.845287987263e+000	
-1.241108171911e+000	
-1.106044817145e+000	
3.725764571389e+000	
2.089720224890e+000	
1.689899223285e+000	
2.530030443569e+000	
-1.384670498060e+000	
-1.715139980869e+000	
2.347865544534e+000	
-2.508515531571e+000	
4.122449871128e-002	
-2.371668320586e+000	
-8.812134685570e-001	
3.609279460009e+000	
1.341672210586e+000	
4.023828328940e+000	
-2.847375131983e+000	
-9.836787736375e-001	
-2.491274179483e+000	
9.777639459581e-001	
6.725201281110e-001	
1.970629727307e+000	
1.017862824033e+000	
-1.729623060798e+000	
1.694648188062e+000	
-4.211256522461e-001	
-2.400717766945e+000	
3.858068933814e-001	
-1.459961156409e-001	
9.813600478146e-001	
7.742835289316e-001	
-7.677156169409e-001	
-2.739062963807e+000	
-2.492991177586e+000	
-2.021396904732e+000	
1.352272010252e-001	
-3.729415831491e-001	
-3.121513603180e-001	
4.784935407567e-002	
9.390950950690e-001	
-1.242253662878e+000	
-5.951174803578e-001	
1.202843594662e+000	
2.626693517845e-001	
-2.575493289040e+000	
2.274174684005e+000	
2.513047079788e+000	
4.049940779301e-001	
-8.516857533738e-001	
2.090659016375e+000	
1.651909020813e+000	
-7.407920784278e-001	
1.254163880843e+000	
-1.966642653096e+000	
-4.849786591871e+000	
-8.881871050412e-001	
5.495181217393e-003	
2.204312753058e-001	
9.025407924757e-002	
-9.512475877440e-001	
-1.374243708046e+000	
-1.523820853954e+000	
-3.235780149650e+000	
2.642692025450e+000	
-8.202975824101e-001	
2.060661027948e-001	
1.340545956812e+000	
-8.095641201983e-001	
-1.116178776649e+000	
7.603195194731e-001	
2.652404825229e+000	
7.952108014541e-001	
-4.202148874398e-001	
-1.623520115245e+000	
1.109087914383e+000	
-5.013248753198e-001	
-2.244969689757e+000	
1.528484866751e-001	
4.381933070979e-002	
-2.761910334408e+000	
1.906662015720e+000	
-2.884445350428e-001	
5.170682788031e-001	
1.636877773685e+000	
2.365691288253e+000	
1.447931841656e+000	
-9.181307362601e-001	
3.655329980496e+000	
2.147188679552e+000	
-1.420810854140e+000	
-2.933346496547e-001	
-2.341543868623e+000	
-1.462656307733e+000	
-2.496585569814e-001	
1.382067529422e+000	
1.810724273344e+000	
-2.970785425641e+000	
2.536042512382e+000	
-3.849091575845e+000	
1.872145764320e+000	
6.403070955249e-001	
4.606716738333e+000	
-1.836964827378e-001	
-7.827398631464e-002	
-1.489587974477e+000	
1.265786620680e+000	
3.045134115476e-001	
-4.559804889852e-001	
-2.879245050889e+000	
1.490393962983e+000	
1.861051569031e+000	
-2.349121580673e+000	
5.376596354246e-001	
2.873797014140e+000	
-1.262835796152e+000	
-3.126677977354e-001	
-1.118130972653e+000	
3.429485250998e-001	
-6.831336735177e-001	
1.223541043040e+000	
1.236061331028e+000	
-2.457417040681e+000	
8.318412505875e-002	
-1.733550581709e+000	
-2.822378181112e+000	
2.618534778356e+000	
8.620493109006e-001	
-1.502669027106e+000	
1.560733347244e+000	
7.765859906328e-001	
1.917152133164e+000	
2.958965801757e-001	
3.850642231958e-001	
1.572911286046e+000	
-1.793145690492e+000	
8.494212822014e-001	
-9.314924769852e-001	
1.745094539653e+000	
-7.841981702069e-001	
2.035680957785e-002	
2.165717469105e+000	
1.806810679944e+000	
-4.414374786900e-001	
2.594045887461e+000	
4.238065391119e-001	
-1.673008879059e-001	
-1.496033163709e+000	
-8.443462833491e-001	
-4.408303776691e-001	
-4.453565832367e+000	
4.530884402843e+000	
9.093122882353e-001	
-2.381812563195e+000	
8.132460749246e-001	
9.630681511720e-001	
4.305757647244e-002	
1.691018361134e+000	
-2.015204485142e+000	
-2.582511124922e+000	
2.517396854523e-001	
-6.734056133532e-001	
1.234190560034e+000	
5.235933592165e+000	
1.868421889706e+000	
1.199336190386e+000	
4.486360019539e-001	
-4.432403741787e-001	
-2.175997159266e-001	
2.367340404582e+000	
8.569545788090e-001	
-1.065206652564e+000	
-4.535976112019e-001	
-1.680619456833e+000	
-1.436174974987e+000	
3.581604414063e+000	
-8.718344377465e-001	
1.921302250268e+000	
1.847398789122e+000	
-2.490438167888e+000	
2.206507631547e-001	
-3.841991326011e+000	
1.561326591938e-001	
2.977386784457e+000	
-9.742186136699e-001	
1.262358656311e+000	
-5.039685024566e-001	
-3.810558388445e+000	
-6.006534254152e-001	
2.380623808939e+000	
2.170808845711e+000	
-5.971242422769e-001	
2.883425799767e+000	
1.016152499204e-001	
-3.010238366530e+000	
3.104575651821e+000	
-5.599897781226e+000	
2.260095477762e+000	
6.785687892678e-001	
-2.176726752181e-001	
1.571393078564e+000	
-4.294212616549e-001	
-8.813754907481e-001	
-6.754031873385e-001	
1.796771564052e+000	
-1.764753322021e+000	
2.006114377669e+000	
-2.425054500460e-001	
-7.818090875541e-001	
-1.748182284006e+000	
-2.102949844843e+000	
-2.219335557291e+000	
-4.854870833628e-002	
3.253994737970e-001	
-9.704529074018e-001	
3.476689922170e-001	
-1.943906104092e-001	
1.486150540141e+000	
2.578723580692e+000	
-4.184366277523e-001	
1.086724962774e+000	
-3.922863868812e-001	
-5.076313003919e-002	
-7.053592198237e-001	
-1.655323118061e-002	
-1.606234142057e+000	
1.952266011159e-002	
9.669914320978e-001	
1.059467573289e+000	
9.508978487913e-001	
-1.380114727643e-001	
-8.815475318275e-001	
2.963378590877e+000	
2.607637586451e+000	
-1.291969074237e+000	
-1.022558669435e+000	
-2.376822937441e+000	
3.445840483295e-001	
-2.998300907991e+000	
3.984475169201e+000	
-1.374569295350e+000	
1.736692724899e+000	
-3.269143576569e+000	
4.268135416527e-001	
7.783138732051e-001	
-1.534879226367e+000	
-1.295245758138e+000	
2.976669236822e+000	
-1.790925860036e+000	
2.636187656278e+000	
-3.707523088799e+000	
-8.310611257565e-001	
-5.610731231046e-001	
1.708050034294e+000	
-6.425581829125e-001	
-8.130614044438e-001	
-1.611217096818e+000	
1.235395300478e-001	
-6.023013402889e-001	
-2.581518490357e-001	
-6.582170090488e-001	
-9.634023203068e-001	
6.354809421791e-001	
-6.634765931696e-001	
-1.026615940548e-001	
1.750298820145e+000	
2.776726448893e-001	
2.463764440307e+000	
7.026494877758e-001	
1.138782414832e+000	
-1.591368737430e+000	
7.581681077833e-001	
3.478195129902e-002	
1.770207944706e+000	
1.605543855998e+000	
-1.176865246047e+000	
-5.776160075809e-001	
2.542275227117e+000	
-2.949000481157e-001	
1.131056453250e+000	
-6.059276044155e-001	
-2.696817283247e+000	
2.409433451070e+000	
-2.049130012468e-001	
8.288738590498e-001	
-3.323246086116e+000	
2.746029112876e+000	
2.193757572672e-001	
9.574191152307e-001	
-1.462207973969e+000	
-7.065964216503e-001	
1.176554795358e+000	
1.000223454522e+000	
6.257797551973e-001	
-1.945262335812e+000	
-1.009630994420e+000	
-3.923390001345e+000	
3.401879182573e+000	
1.535797979405e+000	
2.687104617889e-002	
-2.550324280656e-001	
-1.807021572250e+000	
-1.210127066743e+000	
-2.991471628141e+000	
-1.192802392574e+000	
1.587507181497e+000	
2.096455561191e+000	
-8.688837847386e-001	
8.767146932064e-001	
-1.396202241163e+000	
1.325571329601e+000	
-2.409912078613e+000	
-2.246007677247e-001	
-2.705393667629e+000	
-3.715784866638e+000	
3.223141488405e+000	
7.384937607679e-002	
1.147173179888e+000	
-9.141533619691e-001	
3.465824326479e+000	
1.476876032370e+000	
8.379829777629e-001	
7.474905673466e-001	
-9.517032209050e-002	
-1.430551578499e+000	
-1.097257200723e+000	
-3.775322101692e+000	
5.361921639152e-001	
3.575819729456e+000	
-6.567266127495e-001	
-3.438883342041e+000	
-8.414958219887e-001	
5.615825490545e-001	
1.421069522535e+000	
1.463034996676e+000	
1.862445031482e+000	
2.868239780977e+000	
1.314529057429e+000	
2.960868355669e+000	
3.666083744113e+000	
3.171488234511e-001	
-1.110569078610e+000	
-2.177903122451e+000	
2.178316678802e+000	
-4.132766114977e-001	
9.055910388940e-001	
1.203911123436e+000	
1.613795212857e+000	
1.315965841262e+000	
1.088246847535e+000	
-6.950975096426e-002	
1.802199160342e-001	
-1.295406261683e+000	
-8.706796565137e-001	
-6.959930370581e-001	
-2.644300509000e-001	
-8.319792046782e-001	
-6.452818463238e-001	
1.050827493525e+000	
2.898730679560e+000	
-2.541837516092e-001	
-3.565507741129e+000	
1.936374290426e+000	
-3.305027742509e+000	
-1.016459047168e+000	
-1.254370721692e+000	
7.231292591353e-001	
2.078910474138e+000	
-2.786698689168e+000	
1.380328680732e+000	
2.901907049402e-001	
-7.626915205356e-002	
-2.495167644954e+000	
-8.908041809194e-001	
1.234411164494e+000	
3.133487929747e+000	
1.468065332618e+000	
-2.042979890565e+000	
1.413228398184e+000	
-5.182739989716e-001	
-1.185211734084e+000	
2.404943266657e+000	
-7.609925230525e-001	
3.238962855172e+000	
4.165918600192e+000	
1.027998398346e+000	
-2.543233524371e+000	
-6.685084920767e-001	
-8.178732429872e-001	
-3.053249111478e-002	
2.237422390946e+000	
-1.639375253091e+000	
1.963201954520e+000	
-1.345030951884e+000	
3.302104830863e+000	
-1.946759654076e+000	
1.498111804671e+000	
-1.376596821742e-001	
1.494464647744e+000	
-1.351603638244e+000	
1.523903262326e+000	
-1.141048548573e+000	
2.257192115706e-001	
2.305717634142e+000	
-3.660543969162e+000	
-4.366252950750e+000	
2.349106892185e+000	
-1.541314105307e+000	
3.785819705870e+000	
-1.690539330250e+000	
1.485643747022e-001	
-1.858845513870e+000	
-4.150053705918e-001	
-2.574084945623e+000	
-4.110396035195e-001	
2.252812329741e+000	
-3.113407787672e+000	
2.001157842545e+000	
-1.387634298676e+000	
1.306938330490e+000	
2.736271030786e+000	
-9.596492523153e-001	
-1.977375876406e-001	
-2.334914294940e+000	
7.150668012990e-001	
-2.335661191859e+000	
-2.531141402613e+000	
-3.147824519838e+000	
5.658669846462e-001	
5.686204586358e-001	
-4.234937555230e-001	
8.559517777138e-001	
-1.524205671568e+000	
-4.290034296879e-002	
9.161267631425e-001	
1.454471974768e+000	
2.923704240271e+000	
9.096856363698e-001	
1.471310147649e+000	
-2.401817839838e-001	
-6.265525456730e-001	
2.186767218106e+000	
1.640202545168e+000	
2.505365967204e+000	
-5.170762085338e-001	
-2.287997298866e+000	
-1.961294010062e+000	
-1.247062094344e+000	
8.227400367794e-001	
-6.790027026477e+000	
1.137065811516e-001	
1.821645722237e+000	
8.600305975490e-001	
5.676304080447e-001	
1.883568155649e+000	
3.377473103635e+000	
-1.926167606542e+000	
-1.221938370282e+000	
-6.221200297263e-001	
-1.324772614087e+000	
-1.273888742029e+000	
9.566826188808e-001	
2.645368695831e+000	
-1.357943251669e+000	
-2.149217235364e+000	
4.331013763602e+000	
2.043009126685e+000	
9.893506927801e-001	
-5.947474500989e-001	
3.997354186892e+000	
2.252625281392e+000	
4.916352644598e-001	
1.276948328216e+000	
1.006076647554e+000	
1.862069809798e-002	
1.382905451487e+000	
-2.288656487383e+000	
-3.132951045475e-001	
2.079812112246e+000	
1.936627581048e+000	
-4.271143045029e+000	
-2.361559617395e+000	
1.001519044441e+000	
3.322748988842e-001	
-4.926944325160e-001	
-1.115229546096e-002	
3.497327033033e+000	
-4.268041516819e-001	
-1.142774835971e+000	
7.543670012237e-001	
-5.487435493556e-001	
-2.011947132564e+000	
5.137658333324e-001	
1.868244593889e-001	
2.709192689797e+000	
-4.735230475838e+000	
-1.371686234405e+000	
2.190410550101e+000	
1.298406161817e+000	
1.601186887327e-001	
3.321529631502e+000	
-1.223107190420e+000	
3.455710414641e+000	
-5.522221722282e-001	
9.844173701523e-001	
2.688372734278e+000	
2.101728763163e+000	
1.162356292832e+000	
-2.632850493666e+000	
-2.882352261037e+000	
-2.405593595899e+000	
-1.353694136165e+000	
-9.535466675137e-001	
-8.747520222862e-001	
2.987277172556e+000	
1.695064312725e+000	
-2.098437946997e+000	
-8.613480470979e-001	
7.088331219109e-001	
1.082161416242e+000	
-1.289400411289e-001	
-1.859053730872e+000	
1.230994061060e-001	
1.613111148095e+000	
7.098333663058e-001	
-3.182783766474e+000	
1.013166031743e+000	
2.765536970614e+000	
5.295735626879e+000	
2.631353836972e+000	
1.773293682530e+000	
-1.420764664265e-001	
1.255895669976e+000	
-2.198254876434e+000	
-2.621985668153e+000	
2.357664320194e+000	
-1.047987522787e+000	
2.709427612010e+000	
1.780858931286e+000	
1.201938453379e+000	
-1.302495442202e+000	
-1.411407376867e+000	
2.466901489378e+000	
-1.702223641247e+000	
3.016568313569e-001	
-2.471212526854e+000	
6.925527747419e-001	
4.280671996259e-001	
4.184516790407e+000	
-3.661968229822e-001	
1.684209159209e+000	
-1.300341096088e+000	
-2.241173412612e-001	
-4.454738583863e-001	
1.494123673291e+000	
3.572891041645e-001	
-1.728829933627e+000	
-1.632255708376e-001	
-4.327821435041e-001	
3.334394266795e-001	
4.054013818447e-001	
-4.395823160494e+000	
1.547066155819e+000	
2.083767955978e+000	
3.774203230014e+000	
1.789449827303e+000	
2.331150987197e+000	
2.015556413352e+000	
-2.056033137459e+000	
8.835993808407e-001	
-7.086560790508e-001	
1.148995973781e-001	
-1.666989594511e-002	
1.897226266753e-001	
-1.808401074758e+000	
-1.584126089820e+000	
-6.626512956300e-001	
6.066541429762e-001	
1.860652879670e+000	
9.583829432063e-001	
-1.951086401364e+000	
9.674316023864e-002	
1.001801313479e+000	
-1.295835827966e+000	
2.718709851083e-001	
2.885075632284e+000	
-8.103944524949e-001	
6.840340123469e-001	
-5.206378642171e-001	
-1.442625390070e-001	
-1.667022994830e+000	
-2.357535290665e+000	
-3.398249408962e+000	
-2.450318873876e-001	
-3.373193725400e+000	
-4.055804130062e-001	
-3.882307934492e-001	
-2.633209342925e+000	
2.002620633137e+000	
1.104276789733e+000	
6.464383225997e-001	
2.803775812389e+000	
-4.105535697635e-001	
-1.263470673232e-002	
-1.159396585997e+000	
-3.630905659988e+000	
2.917630123409e+000	
-5.256399872758e-001	
1.672114729936e+000	
-1.734747792564e-001	
-2.361328733248e+000	
1.562391371785e+000	
3.623558042265e-001	
-2.044947198212e+000	
1.361817119407e+000	
7.642424493022e-001	
1.318845305977e+000	
9.570511469384e-001	
-1.931427326672e+000	
3.906232258826e-001	
-1.470823845906e-001	
1.469319740472e-002	
-1.893259633142e+000	
2.204647408344e+000	
-5.297644174422e-002	
-1.886147507875e+000	
3.987289020047e+000	
-1.794267758184e+000	
-2.568580527540e+000	
-1.588867165999e+000	
2.492147015248e+000	
-9.334449924595e-001	
-4.314830483923e+000	
6.863194956151e-001	
-2.896089352810e+000	
-3.437707052464e+000	
-3.049363695563e-002	
1.428880992781e+000	
-3.621364179077e-001	
-7.549480672245e-001	
6.941186752982e-001	
1.041116824524e+000	
1.051905426290e+000	
-4.128221367234e+000	
-1.653450567834e-001	
4.598759887973e+000	
2.533831861078e+000	
-1.963127809511e+000	
6.280396401018e-001	
-4.479489986323e-001	
-1.794432711482e+000	
-2.120180347613e+000	
-2.402237461976e-001	
9.336066408986e-001	
-6.728500089969e-001	
1.543517279645e-001	
-2.026467129068e+000	
1.346347290359e+000	
-6.264163220562e-001	
-3.235549038572e+000	
2.138257510667e+000	
3.557331393147e+000	
2.750485864661e+000	
-1.353952841309e+000	
1.322969489955e+000	
-1.677250459459e+000	
1.444412878309e+000	
2.121129815842e+000	
3.508098287134e+000	
-9.123488358510e-001	
-7.850561180447e-001	
9.710965211044e-001	
4.433660914729e-002	
-4.262816777522e+000	
3.740222584645e+000	
-1.422948646378e+000	
-1.247477237277e+000	
3.822269708254e+000	
-2.059634640967e+000	
-6.509060474792e-001	
9.245560392006e-001	
-1.369180179728e+000	
-9.104010127001e-001	
-2.501732923958e+000	
-9.025469528799e-001	
-2.358196362110e+000	
2.765650068120e+000	
1.777149207650e+000	
-1.781249831294e+000	
-3.935543020275e+000	
2.450219472753e+000	
6.505862405427e-001	
-5.342552018728e+000	
-7.514407497624e-001	
1.933536851044e+000	
-2.149344220054e+000	
-9.982081059315e-001	
4.083552302077e+000	
2.266429179105e+000	
-2.872382791946e+000	
8.281480881252e-001	
3.909546771933e-001	
-3.746525828374e+000	
9.774202642907e-001	
1.058063135223e+000	
2.148638804147e+000	
-3.554062817598e+000	
4.018895340006e+000	
2.373090235591e+000	
-4.415449131813e+000	
-2.381918963066e+000	
-1.049473731287e+000	
3.339548588434e-001	
-7.266502924422e-001	
-1.479346392766e+000	
-2.073932813045e+000	
8.168830459449e-001	
-1.452576359435e+000	
3.069267319487e+000	
-3.356233395962e+000	
1.362461008003e+000	
2.841011828641e+000	
2.358165058052e+000	
-1.073309349812e+000	
-3.840067944958e+000	
8.123210576555e-001	
-5.080065980880e-001	
-2.643781272046e+000	
-4.960162975611e-002	
4.035606104222e+000	
4.571734418298e-001	
1.476389160282e+000	
1.782322058126e+000	
2.001014762237e+000	
-3.086040857626e-001	
3.447642945136e-001	
2.714594236959e+000	
8.018869143006e-001	
-1.288097486490e+000	
-2.212213963852e-001	
-4.714718161071e-001	
-9.500388784184e-002	
-3.324564409479e-001	
-1.846431552606e+000	
-2.283576609620e+000	
-1.102711495460e+000	
1.906892762765e+000	
7.848806970229e+000	
4.163838227826e+000	
-1.158547845432e-001	
2.486607660264e+000	
7.849208678527e-001	
3.754322021845e+000	
2.697474624224e+000	
5.319821117962e-001	
2.340026827205e+000	
1.231265212386e+000	
-1.045349783046e+000	
-5.854343486400e+000	
-4.872280725749e-001	
-2.877324484080e+000	
3.759756484866e+000	
-2.479817966154e-001	
-1.640594433332e+000	
7.286411781766e-001	
2.266259157886e+000	
1.726230148753e+000	
1.477031747431e+000	
9.596076135626e-001	
-2.906403934213e+000	
2.230873049943e+000	
9.233450306616e-001	
-4.035240935951e-001	
-2.125700849817e+000	
-1.280491235957e+000	
-1.850057334968e+000	
-3.327196637433e+000	
1.371341649017e+000	
2.002080460733e+000	
3.055883111306e-002	
2.792146454924e+000	
-4.633312138849e+000	
3.561704493923e+000	
5.535760366560e-001	
2.967909090123e-005	
-4.240726606284e-001	
-1.430872704881e+000	
-2.564633848335e-001	
-8.373375736963e-001	
1.218091444974e+000	
-5.872036873491e-001	
-2.671872067087e+000	
-9.535382330639e-001	
2.435880449885e+000	
-2.081894645706e-001	
-3.871775019537e-001	
2.056235471132e+000	
4.329017226345e-001	
-1.274230470717e+000	
2.038993336518e-001	
9.306081192738e-001	
7.139521236276e-001	
2.968958185316e+000	
-3.713525398164e+000	
9.866158623807e-001	
-8.735815940569e-001	
-1.749758371333e+000	
1.439819414317e+000	
4.289123731314e-001	
4.713708519344e-001	
2.002800457307e+000	
-1.999861934928e+000	
-8.768366473502e-001	
-1.010902826767e+000	
-2.359957102625e+000	
2.046743438408e+000	
6.074830568343e-002	
-8.215122827196e-001	
1.450495949978e+000	
2.546219543617e-001	
3.796638088204e+000	
-3.162185571423e+000	
-1.731427336604e+000	
1.432375386652e+000	
9.536513067892e-001	
-6.297889697155e-001	
-6.779737303112e-001	
2.669341190392e+000	
-3.045875746742e+000	
4.675199501392e-001	
4.186903247068e+000	
-5.563293068755e-001	
1.426129563132e+000	
1.186883036387e+000	
-3.302808222796e-001	
8.564337163424e-001	
-2.834112578599e+000	
1.898137163487e+000	
2.717304083697e+000	
1.162151498787e-001	
-4.596527480401e+000	
-1.358232032149e+000	
1.192457395072e+000	
2.313609411766e+000	
1.402875310719e+000	
-1.256720605551e+000	
-1.712199990633e+000	
1.171191639363e-001	
-9.305963265571e-001	
-3.865750804915e-001	
-2.563408661525e+000	
-1.339433671266e+000	
-1.259073445234e+000	
3.538895075117e+000	
-2.402116072280e+000	
-6.434250777912e-001	
4.085177266593e+000	
-3.258688098324e+000	
2.177747085548e+000	
-1.167542313799e+000	
3.296583367325e+000	
3.400038954925e-001	
2.204530078170e-001	
2.733702197316e+000	
1.524772432808e+000	
1.203178601069e+000	
7.671989591119e-001	
-1.133905318408e+000	
-4.334531001961e+000	
-1.736135992965e+000	
-5.646492346163e-001	
-1.436000462847e+000	
2.032832927873e+000	
8.115912174841e-001	
1.726870401245e+000	
-4.448744395735e+000	
8.526397484151e-002	
2.965748519104e-001	
-3.260140841869e-001	
1.014893137792e+000	
1.698134293074e+000	
-4.724179038893e-001	
3.451736142817e+000	
2.878212417107e-001	
1.378917077506e+000	
7.371319708693e-001	
-8.535448803137e-001	
-2.278970888166e+000	
-6.399194661426e-001	
4.008353182702e+000	
6.030639188427e-002	
7.036837515451e-002	
-3.708965792515e-001	
1.581730063875e+000	
-5.068331155085e-001	
-1.670606530683e+000	
1.449688045093e+000	
-9.255600804417e-002	
-8.623983630857e-001	
5.857142299559e-001	
5.378016273769e+000	
6.445813140407e-001	
1.079509410782e+000	
-1.417372070605e+000	
1.231225566248e+000	
1.106929869230e+000	
2.002500040682e+000	
3.252026939611e+000	
1.292989903032e+000	
1.092290122733e+000	
-3.633001240275e+000	
-5.106854366499e-001	
-6.396482885478e-001	
3.230487013972e-001	
1.014248275486e+000	
4.941239137156e-001	
5.600857959708e-001	
4.051637735486e-001	
1.978183562863e+000	
-1.374251698056e+000	
-3.780484348141e+000	
1.652135275731e+000	
1.087807068880e+000	
1.372601803186e+000	
2.566558730781e+000	
-2.357153631592e+000	
1.876870693753e+000	
7.374128279032e-001	
-2.656672053766e+000	
-2.226036776990e-001	
3.553988476210e+000	
2.451149130661e+000	
-2.157308941619e+000	
-6.240401008294e-001	
-1.507644985489e+000	
1.087720606552e-001	
2.440176888470e+000	
2.420044099379e+000	
1.411592355395e+000	
-7.355834088157e-001	
-1.016508589378e+000	
8.492783019842e-001	
1.056383484697e+000	
-2.822743852995e+000	
-2.147112816310e+000	
-1.745492454360e+000	
-9.052112427253e-001	
-1.047126007353e-001	
1.377835016197e+000	
1.700076334442e+000	
-1.163061691919e+000	
3.219723325350e+000	
-2.391698626499e+000	
2.327815082398e+000	
-6.056121371111e-001	
9.377857260097e-001	
4.554359679730e+000	
-2.537486174141e-001	
-4.026991582002e+000	
9.133232610393e-001	
1.247534134196e+000	
-1.681927854580e-001	
-2.234748491986e+000	
1.795093002558e+000	
2.141467011401e-002	
-2.053244212984e+000	
-3.908047837899e+000	
-2.094712482241e+000	
-2.022020178079e+000	
-1.586747918088e+000	
1.168522732481e+000	
-2.793184861901e+000	
2.257441684641e-002	
-2.290027773728e-001	
-8.369037929437e-001	
3.601361492166e+000	
1.961224719161e+000	
-2.958206882408e+000	
5.346895812330e-001	
1.102463120651e+000	
2.124641549454e-001	
-3.065473249874e+000	
1.447958265904e+000	
-2.834964107942e-001	
-2.462993887572e-001	
-1.287722037861e+000	
-2.625468971317e+000	
-3.113256177980e+000	
1.126125925324e+000	
-1.112012397725e+000	
1.010425413718e+000	
8.715513455120e-003	
2.139342394879e+000	
-3.860832033695e-001	
-3.653778548001e+000	
1.939414839861e+000	
-2.482605190952e-001	
-1.065296817474e+000	
-7.244513990889e-001	
9.424759510794e-001	
-1.167493299196e+000	
8.464695859344e-001	
2.804647138256e+000	
2.908585944705e+000	
1.153223444167e+000	
1.629775826183e+000	
1.050237137269e-001	
-1.633827470508e+000	
-1.904457521704e+000	
8.134913208999e-001	
-7.579460897508e-001	
4.168347363637e-001	
2.437189938887e+000	
-1.968267141154e+000	
-1.402387718470e+000	
1.703314438337e+000	
-8.630444314120e-001	
-2.835518454232e+000	
1.379224143847e+000	
5.850318467227e-001	
3.448825939373e+000	
-2.607592979974e-001	
1.912730957970e+000	
1.680671863998e+000	
-1.957693349531e+000	
1.759333883630e-001	
-3.394087803226e-001	
-1.572953570147e+000	
2.608262536365e+000	
2.774910490589e-001	
1.802645888877e+000	
-2.054402225771e-001	
1.779983491324e+000	
-2.319807380793e+000	
-1.161942983869e+000	
4.840978047801e+000	
-2.358098659587e+000	
9.700146937189e-001	
1.827862958551e-001	
-1.215011463442e+000	
6.166140126167e-001	
1.173935138952e+000	
-3.411469483184e-001	
-3.731313074593e-001	
2.818092030567e+000	
5.514555198420e-002	
2.679158497769e+000	
-3.041643762978e+000	
-2.614189128968e+000	
-1.122245726670e+000	
-5.356238277715e-001	
3.424810252921e-001	
-2.979042179137e+000	
2.596485555283e+000	
1.990074423461e+000	
-1.715253170109e+000	
-4.204259185392e+000	
5.322395940304e-001	
-2.989256245395e+000	
1.444485323058e+000	
-1.956768751002e+000	
-1.575977508415e+000	
2.783007494653e+000	
-5.757718057904e-001	
-8.861536293412e-001	
7.099997653874e-002	
8.381219587900e-002	
-1.316016444520e+000	
-8.585457670188e-001	
1.018031148432e+000	
1.359398101910e+000	
5.665062973542e-001	
-2.263295648975e+000	
-2.979644550045e+000	
-7.814583709214e-001	
-4.037442111468e+000	
2.631875938728e+000	
1.817614975080e+000	
3.115956303979e-001	
-1.173659948752e+000	
-2.202381885382e+000	
3.918792821771e+000	
1.522397298470e-001	
-1.627729345578e+000	
-5.511890413805e+000	
2.338416616428e+000	
-2.636289507941e+000	
1.131382396323e+000	
-2.408801155319e+000	
-2.907456647714e+000	
2.019464359674e+000	
-5.050366272276e+000	
8.442233865773e-001	
1.368848521721e+000	
-7.587994513852e-001	
-1.889200381795e+000	
2.816984389256e+000	
-2.571968696650e+000	
2.862408281337e+000	
-5.388271700001e-001	
-1.516540651731e+000	
4.550042456283e-001	
3.606767191949e-001	
2.301594768190e+000	
-2.231892468303e+000	
-2.242492193521e+000	
-2.327641763899e+000	
2.701233875751e-001	
-2.464312283085e+000	
3.591512583813e+000	
-5.349084930937e-001	
-6.425268744664e-001	
-3.431309470504e+000	
8.386244862326e-001	
-1.324367718911e+000	
-2.906919950586e-001	
1.298268478323e+000	
1.314591309718e+000	
-4.286644225297e+000	
1.050413251092e+000	
-4.388174688988e+000	
1.815978789500e+000	
-4.211331409273e-001	
-2.956605422860e+000	
-3.203742986223e+000	
1.556598825753e+000	
8.226294041246e-001	
1.374540426554e+000	
2.316692298685e+000	
-1.901286564952e+000	
-1.602804111505e-001	
-2.973642428237e+000	
7.936877798542e-001	
3.038343942841e-003	
-3.111333880918e+000	
-1.396095089545e+000	
8.484348994738e-001	
-1.440395567449e+000	
-1.857911281519e+000	
-4.169140636301e-001	
4.831689063284e+000	
4.957062631397e-001	
-9.413834049601e-001	
2.901824451734e-001	
1.180378908297e+000	
1.016232857918e+000	
9.433213986377e-001	
-1.195657406510e+000	
-9.732578072463e-001	
-3.307713902470e+000	
-2.065826393097e+000	
1.567770959259e+000	
-4.773590025068e-001	
-2.556074317069e-001	
-2.017894358168e+000	
-1.600806037217e+000	
2.554821763255e+000	
1.751040705972e+000	
9.158989943236e-001	
-3.655135565046e-001	
1.353515087162e+000	
2.516321477343e+000	
1.442260677043e-001	
-6.137189421693e-001	
-8.687284558982e-002	
-2.794064327942e+000	
-3.463339993753e+000	
7.061746706496e-001	
3.223110798565e-001	
-9.555785316728e-002	
1.195637436466e+000	
-2.532284309019e+000	
-6.865585306681e-001	
1.876074429391e+000	
1.447255990111e+000	
-4.397056125670e-001	
1.681826767658e+000	
2.741916181761e-001	
8.939444439182e-001	
-1.835005033082e+000	
-3.798064176879e+000	
2.702340477097e+000	
-1.350811302204e-001	
5.366171824051e-001	
-3.387254351436e-001	
-8.262000476373e-001	
-1.423590946817e+000	
-1.047761797360e-001	
-1.093593432312e+000	
-2.099895002208e+000	
-1.380648539088e+000	
-2.744867366513e+000	
4.534104824971e+000	
-1.795631519677e+000	
1.563191245993e+000	
-8.236521324855e-001	
1.109830285207e+000	
2.615720413311e+000	
-1.682869657947e+000	
-1.341952118579e+000	
-4.679193869343e+000	
1.650937422333e+000	
2.175085448363e-001	
1.220267598123e+000	
-1.432285104394e+000	
1.636142434444e+000	
-1.860547065410e+000	
-5.322464904093e-001	
4.815573984680e-001	
4.749277019369e+000	
6.943434371055e-001	
-3.675330488177e+000	
5.015784070903e-001	
-1.331951578650e+000	
-3.323520487225e+000	
-7.033941216675e-001	
1.133015383483e-001	
2.416708097989e-001	
-2.076479291649e+000	
1.145131005696e+000	
1.423234884678e+000	
2.378413935866e+000	
1.590338399020e+000	
1.040229578944e+000	
-8.100406138104e-001	
7.526181595840e-001	
-9.890166193623e-002	
1.117019562883e+000	
-1.396931280355e+000	
1.831434636244e+000	
-2.381050092596e+000	
-3.108448700970e+000	
1.317741244989e+000	
2.783489904120e-002	
-1.179537436207e+000	
1.687401368441e+000	
-3.538871191798e+000	
2.057733728583e-001	
1.804162787624e-001	
-8.387853633760e-001	
3.288356559894e+000	
4.711251722020e+000	
-3.243701110678e+000	
2.749641520555e+000	
-3.975217678590e+000	
2.302490285979e+000	
1.730142316003e+000	
-1.925994746816e+000	
1.218287240691e+000	
-2.873958399305e+000	
1.559208642456e+000	
-7.765922999872e-001	
-1.611166935314e+000	
-2.220706488445e+000	
1.888411689798e-001	
-2.910657833751e+000	
1.538097732301e+000	
-2.960628024577e+000	
-1.256651250554e+000	
1.128296648119e-001	
2.558824060780e+000	
1.758587591943e+000	
2.561327571252e-001	
1.578759744285e+000	
1.103862595318e+000	
-1.418231941067e+000	
1.235537256666e+000	
1.555548386623e+000	
2.352379069489e+000	
1.446615857864e+000	
-1.411871889030e+000	
5.977188193023e-001	
-3.406489612491e+000	
7.292951089118e-001	
-7.571644527973e-001	
6.090402547428e+000	
1.237436598241e+000	
-2.251252723703e+000	
-1.651571065081e+000	
3.424816594125e-001	
9.580331249407e-001	
3.025297147255e+000	
5.860515251419e-001	
4.816033981425e+000	
1.513244441619e-002	
1.709385962020e+000	
1.016611503061e+000	
-3.534463787708e-001	
1.546330911328e+000	
2.361031543241e+000	
4.506646903018e+000	
-2.002841001782e+000	
-4.165801579990e+000	
-1.129783307798e+000	
1.566227440020e+000	
-1.346883867262e+000	
-1.505156218854e+000	
-2.747083544660e+000	
-1.408406644057e-001	
-2.731322310464e+000	
1.678498564312e+000	
-1.238258788776e-001	
1.926131177765e+000	
-2.738715521586e+000	
-2.745294237097e+000	
-3.981957496718e+000	
4.428409572444e+000	
1.044984297587e+000	
-1.071910760066e+000	
-1.869063311667e+000	
-2.462184876322e+000	
-1.030893086585e+000	
1.283259325156e+000	
6.112312927233e-001	
3.227138477771e-001	
9.318730396331e-001	
-3.939550360123e+000	
-2.390623078128e+000	
-2.667453226611e+000	
-2.316076577010e+000	
-3.129595041540e+000	
-5.754828385989e-001	
-1.553496838648e+000	
-5.890234931965e+000	
-1.151163541640e+000	
8.799396876552e-001	
7.937361615217e-001	
-1.716894214060e+000	
-1.595614389841e+000	
-2.219875846350e+000	
-1.152911220386e+000	
-1.915074158427e+000	
-1.999450444452e+000	
-4.244430190335e+000	
-3.745625703635e+000	
-1.529837862863e+000	
-7.472669238951e-002	
-5.297824817852e-001	
-4.004927390580e-001	
-1.075304864486e+000	
-1.634882778099e+000	
2.652978198837e+000	
-9.808789816671e-001	
1.533210054219e-001	
2.427155763450e+000	
1.417320821420e+000	
-3.081242698590e+000	
2.303055896565e+000	
-1.137388331664e+000	
1.169618285164e+000	
-2.128673253233e+000	
8.342338434550e-001	
1.186333077348e+000	
-4.772220786710e-001	
-1.109523078894e+000	
-2.397765360754e+000	
1.605157786684e+000	
-3.451911929241e+000	
-2.808187436101e+000	
1.448986836805e+000	
-1.452884755430e+000	
2.042448680150e+000	
1.594841592489e+000	
-1.138772299380e+000	
3.217855673289e+000	
2.775694559174e+000	
3.725625287589e+000	
3.008052350511e+000	
-1.306026028239e-001	
-2.052965683870e+000	
-3.043538142855e+000	
-1.744211775864e+000	
2.643265876291e+000	
1.732174537542e+000	
-2.457494388100e+000	
-7.615810671394e-001	
8.737275719080e-001	
-2.885790396077e+000	
2.034565613065e+000	
-1.020919200451e+000	
1.732265178231e+000	
-3.875180927124e+000	
1.510836303717e+000	
-4.002286916218e+000	
-1.646188660081e+000	
1.728186628338e+000	
4.629352937828e-001	
4.076355519654e+000	
1.598371397810e+000	
-4.211190945206e-001	
1.604315605850e-001	
-2.737256219723e+000	
-2.762582485005e+000	
4.603740726227e-001	
-1.615362037104e+000	
3.030620264968e+000	
4.431580995369e+000	
-3.661001389234e-001	
-2.937733664514e+000	
-5.236816028336e-001	
2.358041689811e-001	
-7.544362278381e-001	
-1.919277601087e+000	
2.006022853650e+000	
5.062064520127e-002	
1.840844449296e+000	
8.254241576145e-001	
-2.909566928845e-002	
5.842587019093e-002	
-4.206173730187e+000	
1.511751657487e+000	
-6.847697734645e-001	
7.331305321673e-003	
3.004051941229e+000	
1.906934008733e+000	
1.024188339298e+000	
-1.432968665300e-001	
1.306791690408e+000	
-4.051937430549e-001	
-1.905811791782e+000	
-7.327610092521e-001	
3.738089445513e+000	
-8.481956359254e-001	
-6.499986673886e-001	
3.159330174256e+000	
-5.925343307826e-001	
5.647917215909e-001	
-1.056860599873e+000	
-2.717101169748e+000	
1.874318713549e+000	
3.389769921683e-001	
-1.271726216610e-001	
-1.505194099565e-001	
-4.669307760111e-001	
-1.590008993158e+000	
6.116973937149e-001	
-3.037329383261e+000	
-1.514901038205e+000	
3.237722259317e+000	
-1.638689257413e+000	
2.088194591218e+000	
7.031061966054e+000	
-1.757024260870e+000	
3.000061210108e+000	
-1.411558226710e-001	
4.475658558645e-001	
-2.735968067667e+000	
9.386208874279e-001	
-1.126726803154e+000	
-2.149801196091e+000	
5.554145156183e-003	
-1.296461520855e+000	
2.954256162087e-001	
-4.379021104259e-001	
2.189025989013e+000	
-7.289186442961e-001	
1.180472614777e+000	
-2.923962975821e+000	
-1.386999554687e+000	
3.291244519170e+000	
2.591148294885e+000	
1.321220372891e+000	
-4.508772657776e+000	
1.528129499515e+000	
-2.257002026204e-001	
4.341960500658e-001	
1.709835863646e+000	
-7.696862148467e-001	
-6.801795038009e-002	
-1.252515764784e+000	
2.210101549226e+000	
-2.460160842940e+000	
6.260622855978e-001	
5.015057210306e-001	
1.168101761904e+000	
2.696580762869e+000	
-2.150436455646e+000	
4.193572444175e-001	
2.731040324845e+000	
5.093171430679e-001	
6.552296432927e-002	
-1.512089812540e-002	
-5.778006630751e-001	
-3.067969287122e+000	
-6.261412133695e-001	
3.253008400522e-001	
-6.453398434381e-001	
1.052153469532e-001	
-1.943965650735e+000	
-2.393939028675e+000	
1.425303517500e+000	
1.077286512418e+000	
2.020457682297e+000	
2.701012571446e+000	
-4.117528832315e-001	
-1.689545141753e+000	
-1.999550726059e+000	
2.632845875140e+000	
1.784139945466e+000	
-9.808303921927e-001	
-7.651261033498e-001	
5.074310927069e-001	
-3.505858881773e+000	
1.821860424992e+000	
-4.158201591402e+000	
-1.189310251942e+000	
3.173683682911e+000	
-1.382440432392e+000	
-4.619195234419e-001	
1.219557552814e+000	
2.400276883101e+000	
-3.937750382890e-001	
-1.707677163688e-002	
1.376276022138e+000	
2.251676374345e+000	
-3.497548137055e-001	
1.842752879082e+000	
2.661250198130e+000	
-1.223138852541e+000	
-6.757948706201e-001	
1.922715070316e+000	
-8.754613495290e-001	
-7.383757460278e-002	
2.576876613386e+000	
7.698116747606e-001	
-1.053145626917e-001	
-2.240505529097e+000	
1.953366812952e+000	
-6.659825720252e-001	
-1.432007818807e+000	
-1.419752205275e-001	
-3.932694755282e+000	
6.143754189066e-001	
2.774726432691e-001	
4.383355169715e-001	
3.655490635492e+000	
-2.497095822653e-002	
-7.669571169933e-002	
-1.443186760992e+000	
2.567002873332e+000	
-5.901937955170e-001	
2.519049547195e+000	
-4.278336008487e+000	
-1.993785914722e-002	
-3.231376646172e+000	
-1.569610787272e+000	
7.149727342464e-001	
8.021186176209e-001	
-1.560392212973e+000	
-1.205131934800e+000	
2.755313993899e+000	
1.066659848062e+000	
6.447283962001e-001	
-5.810820697007e-001	
-9.729026367971e-002	
1.146657873082e+000	
4.962188216444e+000	
-1.850596682626e+000	
-1.584125330768e+000	
4.463689899318e-001	
1.939516087152e+000	
2.456830725707e+000	
1.709065262005e+000	
2.342902747466e+000	
-4.324123689348e+000	
7.347813445028e-001	
1.847885376911e+000	
1.554517208658e+000	
1.083382208761e+000	
2.680642699673e+000	
-9.163006517080e-001	
-6.322687324130e-001	
2.765392166008e-001	
-1.670077596151e+000	
-2.758614465393e+000	
-1.784894047509e+000	
1.018130732890e+000	
-1.040374650988e+000	
3.149483431613e-001	
2.445844334202e+000	
1.104800098203e+000	
1.887063660310e+000	
1.080975964951e+000	
-3.005592676096e-001	
-1.596493916346e-001	
-1.489947964878e+000	
-1.668042576994e-001	
1.663219002872e-002	
-3.381085188436e-001	
1.425898447791e+000	
1.996860192270e+000	
5.026940691878e+000	
-8.730465114096e-001	
-3.230751797526e+000	
2.292474699465e+000	
1.835762413163e+000	
1.488926136548e+000	
1.877001922501e+000	
1.588052891384e-001	
4.929749167139e-002	
-2.224017882038e+000	
-2.024149655841e+000	
-4.185738293798e+000	
7.592624676243e-001	
-4.205488446034e-001	
2.320192621507e+000	
-1.228469723169e+000	
1.625597616757e+000	
-5.072838501817e-001	
8.033549793782e-001	
-1.627708357779e+000	
6.092926090226e-001	
1.994072228566e+000	
-2.900556594738e+000	
-9.762942320382e-001	
-2.227197028226e+000	
-2.004517866123e-001	
3.164956677535e+000	
-8.049407060978e-001	
2.312039843843e+000	
1.487158690446e+000	
2.662982049112e+000	
-2.619305799349e+000	
-2.537860911662e+000	
-2.717476872445e-001	
-4.747909100518e-001	
-7.734407542648e-001	
1.949827220441e+000	
-1.608150169556e+000	
-1.226088685352e+000	
-3.386367794608e+000	
8.030084513387e-001	
1.144662313069e+000	
-2.629025409596e+000	
1.802128989397e-001	
1.426863045114e+000	
-1.729806426046e-001	
-1.930275559436e+000	
-3.044939058200e+000	
2.737428321231e+000	
-3.794942460316e+000	
1.583237159229e+000	
-3.971250967908e-001	
-2.871908337331e+000	
-2.709944744812e+000	
-3.504068499762e-002	
2.781813169623e-001	
2.732173824015e+000	
-1.119294488497e+000	
5.171531448671e-001	
1.872667003431e+000	
-1.706170788554e+000	
-7.029373392737e-001	
-1.830996406166e+000	
-2.915219276528e+000	
3.152386953147e+000	
-1.060251008009e+000	
-1.005701785254e+000	
2.474393888074e+000	
-7.943248054942e-001	
-2.909092594017e+000	
-1.617635988482e+000	
1.065759616123e+000	
4.275659743269e-001	
1.323030780788e+000	
1.770363886768e+000	
6.669187471473e-001	
-3.299617393712e+000	
1.887617746175e-001	
1.750972361190e+000	
-4.951490838987e-001	
-2.462847515067e+000	
7.240166461378e-001	
-1.383812629601e+000	
-2.373582260569e+000	
-3.206977456839e+000	
-3.743062807220e+000	
9.123002198207e-001	
1.036903172234e+000	
-1.551009556383e-001	
8.994456503869e-001	
-6.217091165757e-001	
-1.335961993603e+000	
-3.704682724284e-001	
8.167382015838e-001	
-1.478133405495e+000	
1.543205921400e+000	
1.862714984829e+000	
2.520592181167e+000	
-1.865126103803e+000	
5.328369929337e-001	
-2.143210593350e+000	
-2.923402573119e+000	
-2.106707166688e+000	
1.185647255995e-001	
-4.415443517889e+000	
-8.200677944297e-001	
1.541549998424e+000	
2.319487085135e+000	
-1.637666450068e+000	
6.860586545058e-001	
1.524466918322e+000	
1.018966565986e+000	
-1.274896618699e+000	
3.371536129981e-001	
1.987202325164e+000	
-1.674494038918e+000	
-8.944216904803e-001	
1.881670602791e+000	
1.119189280731e+000	
5.927021263218e-001	
2.682251551799e+000	
1.832327926317e+000	
2.080281068936e+000	
3.031022326496e+000	
4.087700437592e-001	
5.884576540642e-001	
1.368564901055e+000	
8.897441648111e-001	
-1.314369362813e+000	
-3.089770324585e-001	
4.108605794897e+000	
2.362687950453e-001	
-1.991081917712e+000	
1.265004111103e+000	
-2.114814487418e+000	
-1.617461294652e+000	
-1.079898415145e+000	
-9.192672511558e-001	
-3.160902663930e+000	
-1.116253624994e+000	
-2.224547884494e+000	
-3.558341129594e+000	
1.786682722839e+000	
1.376068172978e+000	
3.901210909032e+000	
1.046935840465e+000	
-5.103665746758e-001	
-8.417749792795e-001	
4.290904914919e+000	
-2.166639557965e+000	
-1.316938898640e+000	
4.245218931494e-001	
5.384638285649e-001	
7.929788827276e-001	
6.035523928908e+000	
3.126053374805e+000	
3.283809152567e-001	
-5.564729949374e-001	
2.742142361804e+000	
-2.240298931391e+000	
-5.962609901798e+000	
2.456325660341e+000	
1.313268754190e+000	
-1.966568941020e+000	
-1.320539530562e+000	
2.910822704926e+000	
-1.755198029359e+000	
-4.566995626884e+000	
-1.313961909422e-001	
-4.253293660386e+000	
4.729138720178e-001	
-3.646988362981e+000	
-7.698378302497e-001	
1.558163893426e+000	
1.610624962014e+000	
-8.424346006028e-001	
-8.969859921749e-001	
3.038267311764e+000	
2.016344611805e+000	
2.207274574627e+000	
-8.380701714805e-001	
-3.821159317303e-001	
9.804933015419e-002	
-2.797082791635e+000	
2.434714163589e+000	
-7.286891827364e-001	
3.006739958457e+000	
2.221728332493e+000	
-4.367776178294e+000	
7.438566771530e-001	
1.918691286054e+000	
1.418959613470e+000	
4.066314925913e+000	
8.110049199443e-001	
1.433440547052e+000	
-1.458367314095e+000	
2.013423931485e-001	
8.368219975763e-001	
-2.907487279412e+000	
9.695274644407e-001	
6.526157022950e-001	
8.178503674254e-001	
2.055502292857e+000	
-1.613434259057e+000	
2.448919398715e+000	
-2.037678393426e+000	
-9.353797174471e-002	
-1.961515445563e+000	
1.655367174695e-001	
1.235309762937e+000	
-2.428326193227e-001	
2.491043972959e+000	
-1.088580923171e-001	
-1.266733421325e+000	
4.469521013668e-001	
-3.576732987375e+000	
6.233132200506e-001	
-8.054888353595e-001	
4.961574521147e-001	
3.230560185424e+000	
-7.053618612310e-001	
-4.216467919252e+000	
2.702752501327e+000	
-3.793073243757e+000	
1.213574033623e+000	
-9.697675401140e-001	
-2.672611542316e+000	
-1.221526656144e+000	
6.578094121374e-001	
2.261326935358e+000	
-1.826284235386e+000	
2.658680296015e+000	
2.872200132575e+000	
2.089845844999e-001	
4.933621910977e-001	
-1.911119661098e+000	
1.029907331796e+000	
-7.348106462083e-001	
-1.502369435851e+000	
2.176827173583e+000	
-7.010403862402e-001	
4.903178510762e-001	
5.436373454399e-001	
1.723032208119e+000	
-5.603079307687e-001	
4.644033827645e-001	
4.139105419292e+000	
1.005846095792e+000	
1.152651969502e+000	
2.182235692694e-002	
-3.350581792146e+000	
1.338524198130e-001	
8.082375593374e-001	
1.283323252279e+000	
-3.321712364262e+000	
-3.414110796228e+000	
-1.385175965817e-001	
4.550320028882e-002	
-1.203077148337e+000	
6.103414778418e-001	
1.010188411831e+000	
-2.488114836982e+000	
1.049436684692e+000	
-2.756759195398e+000	
1.265333219198e+000	
1.594424036962e+000	
-1.308545427288e+000	
-1.683685007441e+000	
2.799420481289e+000	
1.610147024504e+000	
1.227647153532e+000	
-3.864657062685e+000	
1.342483783854e+000	
-7.084735070481e-001	
-2.228738745424e+000	
5.050173534618e-001	
-2.441394692261e+000	
-1.525100163933e+000	
3.068755501901e+000	
6.665848164581e-001	
-3.423226167634e+000	
9.766494038734e-001	
-3.177520349472e+000	
-2.188931120364e+000	
1.943382545279e+000	
-1.569541121692e+000	
1.289441560509e+000	
2.592051260563e+000	
7.953369106579e-001	
3.566399404444e-001	
-1.024480672516e+000	
-1.899360337646e+000	
9.217477609529e-001	
2.687579047641e+000	
-1.344409383147e+000	
-4.492391756074e-001	
-3.913270389795e+000	
8.144913834099e-001	
-1.488119596368e+000	
-7.793867699893e-001	
-1.511163658192e-001	
-2.761632039104e+000	
1.344779171862e+000	
-7.879331928794e-001	
2.667680115762e-001	
1.848499636655e+000	
-1.301302812944e+000	
-5.233935348785e-001	
2.885083997728e+000	
-1.620239084049e-001	
1.574127813391e-001	
9.487296101458e-001	
-4.510937828365e+000	
2.091047098067e+000	
9.328691341583e-001	
-2.510300745823e+000	
-2.167137894486e-001	
-1.408769800498e+000	
1.004013630474e+000	
2.567553603804e+000	
-2.087741801033e+000	
-1.256896786586e+000	
1.039079846641e+000	
-3.593476216308e+000	
-2.083478160932e+000	
-3.439976218175e+000	
2.574936037118e-001	
-1.818328595997e+000	
5.396915374513e-001	
3.207891835539e+000	
8.751497283877e-001	
2.450446372361e-001	
2.088955152038e+000	
-4.968284450284e-003	
1.071584591337e+000	
1.865595416361e+000	
2.332099328862e+000	
-3.699541871842e+000	
4.263915485752e+000	
1.787643304300e+000	
-5.990916150600e-001	
-2.730297038067e+000	
7.657097058060e-001	
-4.678593917354e-002	
-9.512613846342e-001	
-2.101971086716e+000	
1.036806692730e+000	
9.060187652192e-001	
-2.822728177454e+000	
3.700376509705e+000	
1.664986320589e-001	
-3.536741390359e-001	
-1.863988367348e-001	
1.161839346682e+000	
3.484970743084e+000	
5.858661322383e-001	
-3.479144101739e-001	
-5.491843074341e-001	
2.242922569617e+000	
1.016913694408e-002	
1.167533304353e+000	
-2.306209912009e+000	
2.299083395773e+000	
-3.689228496935e+000	
-1.174565746990e+000	
-1.821281079948e+000	
2.115070273430e+000	
3.721568697983e+000	
-7.294611957433e-001	
5.026195769927e+000	
-1.294797588421e+000	
-5.226894795325e-001	
-3.176763415517e-002	
-1.206385258317e-001	
9.097933725077e-001	
-1.144576177182e+000	
4.048137844983e+000	
1.196912242802e-001	
-1.217973814192e+000	
-3.704265107515e+000	
-5.647772984306e-001	
-1.137944648669e+000	
8.001418218098e-001	
-8.081262078880e-001	
1.868555257970e+000	
-5.928670832110e-001	
-3.840505718911e+000	
5.118552339470e-002	
-1.598392544881e+000	
1.300319580200e+000	
1.141962516584e+000	
1.630066385715e-001	
8.587669544179e-001	
1.768466669160e+000	
-2.829552048427e+000	
-3.585453513187e+000	
-5.248606136277e-001	
-2.536093223053e-001	
-3.616232354559e-001	
1.572505338680e+000	
2.372072228828e+000	
2.568630155220e+000	
-5.986467054282e-001	
1.155490480449e+000	
-1.685023652387e+000	
-1.735942815729e+000	
1.690877797510e+000	
7.478661463783e-001	
5.433000850499e+000	
-2.194180475609e+000	
-2.245668479499e+000	
-3.705961366435e+000	
-1.337194222161e+000	
8.840573166136e-001	
-3.464220211972e-001	
-1.179445280799e+000	
1.264665862352e-001	
-1.134776170676e+000	
3.373088097018e+000	
-3.019993916593e+000	
2.579759325644e-001	
-2.886388975934e+000	
1.909944129946e+000	
2.347231258165e+000	
-2.302571653852e+000	
5.881280723666e-001	
-1.920388044002e+000	
-6.782958652222e-001	
-1.494789200758e-001	
-4.161925770451e+000	
3.658285125788e+000	
1.893806732794e+000	
3.717864950433e-001	
5.696389799349e-001	
-3.521826098308e-001	
8.612284045538e-002	
-2.250501914732e+000	
3.232191929306e+000	
9.331975896881e-001	
-8.183564010916e-001	
1.404565036038e+000	
9.021700070240e-001	
2.387468006663e+000	
5.061555710265e-001	
4.592404122666e-002	
-6.785266854334e-001	
-3.090918970044e+000	
5.729745736534e-001	
5.262906425795e+000	
2.055383639710e+000	
-2.912397305049e+000	
1.164850158815e+000	
-1.959526324011e+000	
-2.787254405179e+000	
1.084152247703e+000	
2.564252183778e+000	
1.220248840737e+000	
-2.359664599243e+000	
-3.830213889138e+000	
-1.497079801208e+000	
9.835217293557e-001	
-1.872068270542e+000	
1.148268414862e+000	
-1.727292012690e+000	
3.091086873149e+000	
-1.473363481343e+000	
-4.062232288210e-001	
-2.061761005463e+000	
-3.922784526989e-001	
-2.584647830321e+000	
-1.795574491505e+000	
-1.177160200976e+000	
-2.319854736980e+000	
-3.177686868361e+000	
1.718678696316e+000	
2.184015289856e-001	
3.149626673564e-001	
-3.274570132538e+000	
-1.041126932666e-001	
2.857269339121e-001	
6.277603079847e-001	
-1.655764501240e+000	
3.383328997772e+000	
-8.099253149899e-001	
-3.249972682059e+000	
-4.434065026801e-001	
5.114741196429e-001	
-5.040084988623e-001	
1.531980921722e+000	
-5.442461341812e+000	
-9.992468399488e-001	
-3.424281152868e+000	
-9.659264058523e-001	
7.433149494335e-001	
1.722925581743e-001	
-1.950322642042e+000	
1.692519663610e+000	
4.107812016739e+000	
-2.582279224636e+000	
-1.191197809354e+000	
-3.665798115659e+000	
5.981454135886e-001	
2.455404334845e-001	
-5.309161612968e-001	
-2.591947697700e-001	
-1.036756250614e+000	
-9.064644831838e-001	
-7.718735409118e-001	
1.038043904532e+000	
9.725238823360e-001	
-1.343673805967e+000	
1.592944055852e-001	
-5.080964032563e+000	
2.186141185549e-001	
8.383311538182e-001	
2.180120731393e+000	
-1.320486486122e+000	
-3.024212516042e-001	
2.289084593635e+000	
-1.170690860459e+000	
1.017824852105e+000	
-2.691424307212e+000	
3.944381386326e+000	
-2.430294241907e+000	
1.718792404254e+000	
1.245027480152e+000	
-1.288091812837e+000	
-3.372537894915e+000	
4.069435252870e+000	
2.871245659203e+000	
3.253798283343e+000	
9.864658733965e-002	
1.441372687748e+000	
-1.830933631435e+000	
1.248406471224e-001	
-2.601345507768e+000	
1.928782649475e+000	
-3.023471391857e+000	
1.265764376548e+000	
4.414628922023e-003	
-2.190336847016e+000	
-2.050750736823e+000	
1.623973688033e+000	
-9.738289755966e-003	
7.174269469353e-001	
-1.133199752641e+000	
-1.599811176377e+000	
7.298161358645e-001	
-1.556688673198e+000	
-3.116316734304e+000	
1.505343194037e+000	
-5.343492590873e-001	
8.695451580519e-001	
-1.470519352308e+000	
1.048347391384e+000	
-2.895384258511e-001	
-5.767187720638e-003	
-2.103555498735e+000	
-1.034176361818e+000	
-2.791125637208e+000	
3.001614010059e+000	
-9.763398340786e-001	
1.590150319149e+000	
-6.470131557727e+000	
-3.572348879452e-001	
2.830328082599e+000	
-1.321069626534e-001	
-1.205818387929e+000	
-5.318905677480e-001	
1.147610840013e+000	
2.907857379626e+000	
-7.796486998777e-001	
-1.406704993170e+000	
1.011830913358e+000	
4.440936426384e+000	
3.866480697083e+000	
-1.507870374363e+000	
2.752225515840e-001	
2.336942805669e+000	
2.695054122805e+000	
-3.495114640523e+000	
-2.224601739442e+000	
1.804766096559e+000	
-1.953022553913e-001	
1.214199588982e+000	
2.399906379678e+000	
1.997103759504e+000	
2.487842660426e+000	
4.728679407452e-002	
3.155683795229e+000	
1.639905110111e+000	
-8.268395761407e-001	
2.189744897003e+000	
-2.875980342541e+000	
-1.106843313441e+000	
3.508133288838e-001	
1.396251595601e+000	
3.021930603203e+000	
-4.294412740510e-001	
-9.696390671669e-001	
-8.140223425069e-001	
-3.744425989826e+000	
-7.689665419552e-001	
-2.047073184244e-001	
1.394795269499e+000	
-6.409871791705e-001	
1.377498977975e+000	
-2.236706985074e+000	
1.296291074567e+000	
-2.339502712055e+000	
1.105287461162e+000	
-3.192060936597e+000	
-1.895602892660e+000	
-5.718720252253e-001	
8.800235757837e-001	
-3.700554826604e+000	
1.856592745123e+000	
4.462709099658e+000	
4.103281869705e-001	
7.168159981696e-002	
1.294287425435e-001	
3.302497948344e+000	
-1.536046419605e+000	
-1.652491363028e+000	
-9.508980259065e-001	
9.644140664028e-002	
-3.507916739512e+000	
3.172219490920e+000	
-1.407536269312e+000	
-4.447753553870e+000	
1.426346006603e+000	
1.526082578623e+000	
4.750859153692e-001	
-1.782503006655e+000	
-1.524992537696e+000	
-2.019628044924e+000	
-1.236797601170e+000	
2.482750601051e+000	
2.635728173755e+000	
4.041608592315e+000	
-1.080690303163e+000	
1.365621962367e+000	
-2.015874448867e+000	
-9.379586713992e-001	
2.458820262129e+000	
1.807106253446e+000	
-1.675169022995e+000	
-1.004581832055e+000	
-9.819457632138e-001	
-9.565524578355e-001	
7.991717854604e-001	
-1.608087470320e+000	
1.736433861116e-002	
7.660027604274e-001	
1.172203398693e+000	
1.349173215212e+000	
1.390864786426e+000	
-6.920481202627e-001	
-2.319310973162e+000	
4.165036517692e+000	
-2.803392240000e+000	
1.279501090400e+000	
2.891987749304e+000	
-2.324577563925e+000	
1.418707418432e+000	
1.488309572703e+000	
1.722648094340e+000	
-3.767352672120e-001	
4.974729221323e-001	
2.933159397824e+000	
-3.267051028760e+000	
-8.843471251788e-001	
2.736583057091e+000	
3.099129186477e+000	
1.009334465425e+000	
1.902839626016e+000	
-1.583586036198e+000	
-2.854228501784e+000	
-3.672556950148e+000	
2.505528406009e+000	
1.705244703871e+000	
1.795973085685e+000	
-3.872783101413e+000	
-3.684187113195e-001	
-2.268796965420e+000	
-1.332453717739e+000	
1.364991066265e+000	
2.191407409697e-001	
-6.641151449666e-002	
1.094990748759e+000	
-9.947733445516e-001	
-4.738832407324e-002	
-8.991188725359e-001	
-1.609452219602e+000	
6.610650945292e-001	
2.524625483549e+000	
-1.898070317467e-002	
-1.043461674318e+000	
-1.907097831452e-001	
1.851366223545e+000	
8.309055803019e-002	
1.155126057354e+000	
1.927559397250e-001	
-2.037902923234e+000	
7.940317828055e-001	
-3.970553778870e+000	
-8.271351600044e-001	
1.654143883186e+000	
-2.984232534491e+000	
1.129235519219e+000	
4.758627078838e+000	
-1.195416630238e+000	
-7.967262256394e-001	
2.541110402137e+000	
5.008706793631e-001	
2.996742421992e+000	
3.371021884288e+000	
1.128789045319e+000	
5.263885757307e-001	
-1.152356840341e+000	
1.676559614312e+000	
3.741176546740e-002	
-1.041459156123e+000	
1.631502074510e+000	
9.151695430670e-001	
-1.673441440910e-002	
1.544405479454e+000	
-9.065078382482e-001	
1.501443125590e-001	
-1.911097087526e+000	
-4.927981515132e-001	
1.449504002530e+000	
3.074744920427e+000	
1.015935965342e-001	
3.594691405511e+000	
4.501770416039e-001	
6.764287893289e-001	
-1.906080940264e-001	
-1.120167664526e+000	
9.341760027591e-001	
2.532300693252e+000	
-1.477446390311e+000	
4.815599446398e-001	
-1.451297984482e+000	
3.429109053516e+000	
-1.160091605599e+000	
-6.331156905155e-001	
2.494120519399e+000	
-1.991937367933e+000	
2.375432410681e-001	
-1.266871480421e+000	
-1.867586520174e+000	
1.099717137968e+000	
3.260155842860e+000	
1.380639277817e+000	
3.286220632552e+000	
3.072259637751e-001	
4.180204574183e-001	
-1.773753402831e+000	
-2.904916924669e+000	
-1.156955408676e+000	
-7.825768422435e-001	
-7.656915856750e-001	
-5.580180530363e-001	
2.125610981065e-001	
-1.890293186194e+000	
-1.953867105300e+000	
-6.002448103103e-001	
1.460271892842e+000	
8.846217967497e-001	
2.461039992564e+000	
-1.586353273680e+000	
2.458952770039e+000	
1.045122442084e+000	
5.067868069962e-001	
-1.943957282826e+000	
3.037064105989e+000	
1.628958570950e+000	
4.651510184099e+000	
9.545751850502e-001	
2.466955870093e+000	
-1.095814966608e+000	
-4.280028120777e+000	
1.298842282622e+000	
-2.629371686338e-001	
-1.317274124126e+000	
2.053244634187e+000	
1.623372938238e+000	
-1.872741247575e+000	
-3.471291794595e-001	
-1.786041156131e+000	
1.543584933321e+000	
1.996123887232e+000	
3.205489675330e+000	
2.865876276376e-001	
-1.469161026789e+000	
5.874081997401e+000	
-6.044122956062e-001	
8.118092353069e-001	
2.974434460470e+000	
1.530927609791e-001	
2.482721180177e+000	
-1.664693334313e+000	
-1.896265928522e+000	
-1.039722615483e+000	
3.287560306695e+000	
2.952178497711e+000	
-1.043609451581e+000	
-7.760474954124e-002	
-8.991141440851e-001	
-9.470920816353e-002	
-2.033679869882e+000	
2.599827524162e+000	
-1.587597441203e+000	
-5.617722548700e-001	
2.314535041250e-001	
-1.133306846718e+000	
8.537045603129e-001	
4.540029389964e-001	
-5.862612630007e-001	
3.238681539784e-001	
1.246056584083e+000	
1.074576660212e+000	
4.874406184179e-001	
-3.201743028385e+000	
1.771260650800e-001	
-3.843749211498e+000	
-1.794880190269e-001	
1.888801440306e-001	
2.362588995499e+000	
-3.365622605776e+000	
2.137010932381e+000	
1.677900231845e+000	
-4.013345120788e+000	
-2.561495348674e+000	
-1.210556764741e+000	
-8.861694620538e-001	
-4.602037431247e+000	
-1.037446124357e+000	
-7.874514320437e-002	
6.973856887008e-001	
2.376125731146e+000	
2.931920293313e-001	
-8.792614809730e-001	
-2.323134296386e+000	
-4.126334104459e+000	
2.722516133529e-001	
3.299848056465e-001	
-1.518067646016e+000	
-2.229570585885e+000	
-1.886435333105e+000	
-7.714715048393e-002	
1.936723568566e+000	
1.490015669548e+000	
-1.407498637179e+000	
-1.937408671279e+000	
1.204374720707e+000	
1.136071541155e+000	
5.212785352527e+000	
2.181467657945e+000	
3.213482375709e+000	
-1.491330264249e-001	
-1.425986387344e-001	
9.928667385169e-002	
-1.495730987855e-002	
1.787822306058e+000	
-3.068165643222e+000	
-1.019046445931e+000	
-2.522238186806e+000	
3.305111734605e+000	
4.566315968617e+000	
-8.434914219321e-003	
3.729416212862e-001	
-1.773738709814e+000	
3.376928944453e+000	
-2.247907271457e+000	
3.616250919805e-001	
2.338122403790e+000	
1.243391934785e+000	
-1.577064791452e+000	
1.234502915340e+000	
8.349960531017e-001	
9.941674433027e-001	
-6.020887849469e-001	
-1.939187170459e+000	
2.980997697907e-001	
-1.368660705283e-001	
-6.663140381932e-001	
2.191507975340e+000	
1.912509810064e+000	
-2.063460447073e+000	
-1.514906513705e+000	
-2.963659733736e-001	
-1.287487511910e+000	
6.702357257770e-001	
-1.834342283837e+000	
-1.056543208202e+000	
-2.692494448672e+000	
-9.060896669565e-001	
3.475615060292e-001	
-1.689195076098e+000	
-2.904043671478e+000	
8.323463921797e-001	
1.749264280794e+000	
3.350753806544e+000	
-4.922365695465e+000	
2.774229339072e+000	
1.781772057359e+000	
7.985812643455e-001	
2.551958496638e+000	
-3.025056643910e+000	
2.779361040273e-001	
4.233099277449e+000	
2.448081677934e+000	
-3.543559238854e+000	
2.767874529282e+000	
-4.067057130630e-001	
-5.390953786147e-001	
-4.575765702392e-001	
3.206766734556e-001	
4.413945644393e+000	
-9.810242203818e-001	
-1.767420015342e+000	
2.868220065450e+000	
-3.785661727162e+000	
-2.069370555945e+000	
-4.222881042672e-001	
-3.220046104594e-001	
1.998891653565e+000	
8.848152864880e-001	
-1.674777717024e+000	
-1.463902207853e-001	
2.919339870875e+000	
5.424023082371e-001	
9.853564056219e-001	
-2.884742127702e+000	
5.991484481470e-001	
1.853718845538e+000	
-2.045991749060e+000	
-1.245753788095e+000	
-6.390010557828e-001	
1.212752229499e-001	
-3.282742237935e+000	
1.112220631774e+000	
-2.187787471743e-001	
1.358905986169e+000	
-1.349582613816e+000	
-3.267270755778e+000	
-2.236244780447e+000	
-1.521201210492e+000	
-2.425173588304e+000	
7.505913804709e-001	
-1.487102775802e+000	
1.923092227537e+000	
-6.341234473800e-001	
-2.336281759534e+000	
5.935614868945e-001	
-1.229911022260e+000	
2.602296100048e+000	
1.556532328423e+000	
-1.841765035331e+000	
1.170410094269e+000	
1.036759852059e+000	
1.229104637432e+000	
-2.656824582113e+000	
-1.111434190410e+000	
-1.935740907024e+000	
-1.427828265343e+000	
-1.569685957577e+000	
1.741444753590e+000	
-3.797754288122e-002	
3.057390128956e-001	
-4.225678425543e+000	
2.616513602642e+000	
3.806980088261e-001	
6.865686920155e-001	
-3.559041008678e-001	
5.408802783323e-004	
1.243579067308e-001	
-1.416201794183e+000	
3.027609360854e+000	
-5.654844235105e-001	
1.515009681057e-001	
-2.199941519874e+000	
4.368353649710e+000	
-2.323204329059e+000	
1.053194815558e+000	
-3.697813845455e-001	
-2.826427444273e+000	
2.650401884059e+000	
8.659642528203e-001	
1.223273616856e+000	
8.161420073558e-001	
5.054555914909e-001	
-3.138293132334e+000	
-1.524697378765e+000	
9.594747289629e-001	
6.389793246491e-001	
2.454522074944e+000	
7.134033086185e-001	
2.943653091110e+000	
9.890794791217e-001	
-2.318580809992e+000	
2.751266529473e+000	
9.456106099129e-001	
-5.036566077018e+000	
-2.645830040455e+000	
-5.403287002967e+000	
1.918794418656e+000	
5.818962981208e+000	
-1.770853890044e+000	
-1.448064001795e+000	
-1.284427442920e+000	
2.099036966643e+000	
2.092752887591e+000	
-2.660531247670e-001	
-1.365394625328e+000	
-1.434715007493e+000	
1.204356949527e+000	
-5.888161206161e+000	
4.851870007813e+000	
-1.606418618852e+000	
-1.786007588183e+000	
7.642838319905e-001	
6.119021218456e-001	
-5.507903262425e+000	
-1.906815610724e-001	
-7.012940250271e-001	
-8.309880199584e-002	
-1.172320406632e+000	
1.824391469396e+000	
-8.388593856817e-001	
-6.417291038508e-001	
1.440506062581e+000	
2.528577226739e+000	
-7.525276825677e-002	
-1.435527462338e+000	
-1.061027891202e-001	
9.611536772506e-002	
7.281339431271e+000	
1.147544169839e+000	
4.672873795925e-001	
-3.965233941165e+000	
-4.992544083156e-001	
-2.332672635124e+000	
-2.158336141635e+000	
1.353675009056e+000	
-2.547073567261e+000	
-5.740877104928e-001	
-6.887002182453e-001	
-2.154595577073e+000	
1.194154873252e+000	
3.140688674677e+000	
-8.914172784619e-001	
-1.040511387465e+000	
-2.940008298072e+000	
1.120910877134e-001	
1.130951793176e+000	
-1.056056471160e+000	
-1.368797040099e+000	
2.989090497403e+000	
-2.061471927714e+000	
-1.569729435187e+000	
2.232343143248e+000	
-6.643598791787e-002	
3.513219646133e+000	
-1.476457642703e+000	
1.681575870897e+000	
-2.546035193420e+000	
4.218507631994e-001	
-1.787262399305e-001	
1.545717438234e+000	
-2.239672255026e+000	
2.041121236806e+000	
-2.530146986089e+000	
-1.387242367718e-001	
7.187277110942e-001	
-2.331028794304e-003	
8.919340455254e-001	
-9.427611777670e-001	
3.140940084931e+000	
1.699810701640e+000	
-2.232145057079e+000	
5.773411517556e-001	
7.932459041688e-001	
4.674493313646e+000	
4.968469494070e+000	
-6.584134733992e-001	
-4.479616014871e-001	
-2.276121485381e+000	
1.912137536777e+000	
3.496958112210e+000	
-2.583651157924e+000	
-2.893635226377e+000	
2.774262911012e+000	
4.317037471514e+000	
-7.654463574658e-001	
5.444881571350e-001	
1.490053727324e+000	
8.964761589935e-001	
-4.002906907487e+000	
7.197320895025e-001	
2.794056211395e+000	
2.593527266676e-001	
-2.874962872542e+000	
1.956801054142e+000	
3.637477761801e-001	
-1.124668677543e+000	
-1.709211139624e+000	
1.000342756897e+000	
2.375996631780e+000	
-2.461946844821e+000	
-2.700120407498e+000	
-6.822638286201e-001	
4.041074723767e+000	
1.765462523038e+000	
2.240219441268e-001	
-1.636875708180e+000	
6.350880258471e-001	
-2.496806693371e+000	
-1.570960768316e+000	
2.314946169672e+000	
-1.962623102522e+000	
-2.126893694584e-001	
7.304500388319e-001	
2.575523045625e+000	
-4.005386410308e-001	
3.010861924837e+000	
-5.443940359961e-001	
-1.544408272890e+000	
1.335443316882e+000	
-6.400715011894e-001	
3.898750109962e-001	
2.422661113115e+000	
2.169325390373e+000	
1.315516237833e+000	
2.169604824792e-001	
2.756345758524e+000	
2.114581497628e+000	
2.297435396480e+000	
-3.687169325818e+000	
2.496193597536e+000	
-1.897580791277e+000	
1.014046414590e+000	
-1.495378826613e+000	
-1.425238350948e+000	
-1.045876678763e+000	
-3.179829605308e+000	
3.628264715489e-001	
-2.902041098266e+000	
2.014872945943e+000	
5.187788843370e-001	
-2.138679804058e+000	
1.039003156511e+000	
-1.845217755755e+000	
-1.003353379684e+000	
-9.513716884769e-001	
1.008728066247e+000	
-1.501917608500e+000	
4.219081893704e+000	
5.929157187988e-001	
-6.769704168218e-001	
1.501901720239e+000	
2.696332294611e-001	
5.083033958539e-001	
-2.453116628336e+000	
-2.766176495729e-001	
6.324300079584e-002	
-8.009163223083e-001	
-3.780610444463e-001	
-8.104776527325e-001	
4.263533738433e+000	
3.167906109374e+000	
1.711538842024e+000	
-9.571239372214e-001	
1.306597889246e+000	
-1.120038190140e+000	
1.449048868239e+000	
2.614861174759e-001	
-3.099478450729e+000	
-9.359957239784e-001	
-1.962959623898e+000	
-1.166969338852e-001	
8.253312296316e-001	
1.559000072290e+000	
1.261648998419e+000	
3.083077404100e+000	
-2.062305374064e+000	
-2.614148248797e-001	
9.876241637966e-001	
-1.087130787229e+000	
-1.592080688463e+000	
1.532461810820e+000	
2.310046214687e+000	
-5.083184258801e-001	
1.853595678605e+000	
5.598153120365e-001	
3.233517538731e+000	
1.322102572720e+000	
-2.817144534029e+000	
6.884889243597e-001	
-1.333163194573e+000	
2.571017473752e-001	
-8.558844886499e-001	
-2.578795152395e+000	
1.248800309737e+000	
-1.351839605402e+000	
2.351105009282e+000	
-1.769956135036e-002	
-1.605952618139e+000	
-5.924996643834e+000	
1.961487809457e+000	
8.070485361606e-001	
6.042750498382e-001	
5.883627398244e-002	
3.734841206696e-001	
-1.201958374845e+000	
-1.398873965839e+000	
1.014688045212e+000	
-1.404776412905e+000	
3.796336065382e+000	
4.263061728853e-001	
-1.467985181241e+000	
1.337925572248e+000	
-3.163195496422e-002	
1.579691898234e+000	
-3.518460592031e+000	
-4.316835479447e-002	
7.368851360067e-001	
-1.737550015483e+000	
1.202281974119e+000	
-1.100210632912e-001	
-9.448790598336e-001	
1.929191876745e+000	
1.896156848206e+000	
3.834711235826e-001	
3.544113596646e+000	
2.944778929331e+000	
3.074629209774e+000	
4.005635225088e+000	
2.000368554957e+000	
2.585870067337e+000	
-1.416714772953e+000	
-2.426051982359e-001	
1.149511410469e+000	
1.243721768745e+000	
-2.419905409967e+000	
1.148521705403e+000	
1.403977784313e+000	
1.401452939885e+000	
1.387179941365e-001	
-3.447204171026e+000	
-2.435927555915e+000	
2.476560080049e-001	
-2.104156457028e+000	
-1.558209602094e+000	
5.789753252160e-002	
2.550880771242e+000	
-6.064113086554e-001	
5.340622151346e-001	
-1.063562532704e+000	
-1.508088883056e+000	
1.288632270902e+000	
-8.581945588936e-002	
-3.300092464648e+000	
-1.234724016833e+000	
2.080435054524e+000	
2.564995858380e+000	
-1.424776243591e+000	
-4.157970677060e+000	
-1.498409357366e+000	
-1.413594083654e+000	
-1.815217555561e-002	
3.263240537504e+000	
-2.724878863844e+000	
-5.091974742629e-001	
1.142854312293e+000	
1.182566054019e+000	
4.252050448009e-001	
2.144624373710e+000	
4.186980281523e-001	
1.133335409222e+000	
4.235303802159e+000	
-5.897541779767e-001	
4.626474326031e-001	
-2.501680901580e+000	
4.022523097265e-001	
2.735949243250e+000	
1.819055184558e+000	
5.650854444672e-001	
7.152536076575e-001	
-1.451035964519e+000	
-1.253442792452e+000	
-3.342331774643e+000	
6.381868001837e-001	
-1.151045629204e+000	
2.623628634967e+000	
3.099071484607e-001	
4.788168760208e-001	
-3.261539395121e-001	
-1.033780895445e+000	
-1.474161913380e+000	
-2.642221832061e+000	
-1.362025348918e-001	
-3.115137018285e+000	
-1.114954985000e+000	
1.333121124623e+000	
-2.076209151704e+000	
9.817793693568e-001	
2.632737814490e+000	
3.371053556998e+000	
1.201975929914e+000	
-3.218382571388e+000	
1.069260860644e+000	
-2.967331800357e+000	
2.306109832765e+000	
4.280042801549e-002	
-4.420628266792e+000	
-1.927368901647e+000	
2.054195305663e+000	
-1.961927890560e-002	
-1.148637979004e+000	
-2.367087685721e-002	
-1.602693219848e+000	
-9.187154386363e-001	
3.955228291001e-001	
-1.273740779981e+000	
1.898101794780e-001	
-6.700293272102e-001	
1.666349667448e+000	
5.690224744291e-001	
2.670205567165e+000	
1.352088392763e+000	
1.199123198182e+000	
3.594501666631e+000	
3.078307348504e+000	
-1.316284037406e+000	
3.341527748193e+000	
-3.041981242402e+000	
1.451513688872e+000	
2.873110043672e+000	
1.250491232855e+000	
-1.972794183454e+000	
-2.166778610028e+000	
6.384709200364e-001	
1.726368424122e+000	
-2.386010405410e+000	
5.873897169858e-001	
-2.516162435447e+000	
1.665094628577e+000	
8.581886096798e-001	
-1.933279668551e+000	
-2.783201567712e+000	
4.750654990794e-001	
-3.451330129273e+000	
-2.158781855040e-001	
-2.396572003912e+000	
4.606721632473e+000	
2.898224966706e+000	
6.724375969469e-001	
1.789373915143e+000	
3.267633594592e-001	
1.680158954974e-001	
4.574408473286e+000	
6.307634700292e-001	
-5.631523135565e-001	
-1.677270999357e+000	
1.790425582330e-001	
-3.229149050740e-001	
-7.244416216194e-001	
2.595529211991e+000	
-2.458262385755e+000	
1.270063583236e+000	
-3.533397540544e+000	
-1.807010016535e+000	
-2.958531479137e+000	
-2.258141296152e+000	
-1.825470397850e+000	
4.602118142795e-001	
3.763295776630e+000	
-1.722636580775e+000	
-2.186453343904e+000	
2.617234393953e-001	
-1.127244630207e+000	
-1.218778734388e-001	
-3.262213466561e-001	
1.073787113118e+000	
-1.822143175313e+000	
5.480033584011e-001	
-1.854657363656e+000	
2.841169123086e+000	
1.085073261407e-001	
-3.541997366810e+000	
8.255111628397e-001	
-5.980600854501e-001	
-1.324015404419e+000	
-5.668071418250e-002	
5.180832902156e+000	
2.652962283522e+000	
4.769777401640e-001	
4.183223616234e+000	
-2.598962855782e+000	
-3.465618782448e-001	
2.837081167312e+000	
-1.453509823232e+000	
-2.923554497523e+000	
-1.583379753381e+000	
2.657234627836e+000	
-8.447916605913e-001	
-2.390161385943e+000	
-1.269251880370e+000	
1.863292871857e+000	
1.497749980001e+000	
-1.051444195974e+000	
-2.561580361341e+000	
-5.291495869783e-001	
-6.404941679109e-001	
-1.126540909923e+000	
-7.060108968523e-001	
-5.573043004856e-001	
3.040333275746e-001	
3.940662882173e-001	
-1.548453851740e+000	
1.440060296165e+000	
4.291064340668e-001	
1.061255455455e+000	
-7.777266675502e-001	
-3.732725802544e-001	
-3.090165413586e+000	
-3.612390468576e+000	
-1.729917323408e+000	
-1.193636465295e+000	
-4.530318807227e+000	
1.512158181026e+000	
6.295380678492e-001	
-4.599943330918e+000	
1.899438555863e+000	
-1.353702877361e+000	
-1.303287767321e+000	
-1.808623651116e+000	
-1.828073050512e+000	
1.558823657203e+000	
2.529817609088e+000	
-9.511714140496e-001	
4.940268087591e-001	
-2.119594150618e+000	
6.144864989925e-001	
-7.326083504834e-001	
1.858850837122e+000	
-5.471156703196e-001	
-9.153799611976e-001	
4.286425412921e+000	
-1.818039275681e+000	
6.468882276596e-001	
-2.745731218620e+000	
-5.162229335771e-001	
-1.656396262817e+000	
-3.189453632616e+000	
6.290872313774e-001	
-1.135915468439e+000	
-4.885972648588e+000	
1.675174338803e+000	
8.984337861220e-001	
1.671894908942e+000	
-5.487003759165e-001	
-9.142633075564e-001	
3.009237694567e+000	
8.674513966853e-001	
8.160216365000e-001	
-4.449548332059e+000	
9.951981298897e-001	
-2.287971452937e+000	
-8.406804377034e-001	
-3.814263602131e+000	
4.061170281499e-002	
2.320343605982e+000	
-5.789443448457e-001	
-5.389922800583e-001	
-3.582983615789e+000	
-1.100390965225e+000	
-7.948825870808e-001	
9.360934164766e-001	
1.686956396843e+000	
-2.084673373026e+000	
-3.658815147865e+000	
3.275477902386e+000	
-1.825249362613e-001	
-1.742270991973e+000	
-6.269955721537e-001	
2.147419277032e+000	
-1.401018355681e+000	
-5.307204955458e-001	
-3.214505161002e-002	
