----------------------------------------------------------------------------------
dim_{Spin} = 2 ,
dim_{Lat} = 2 ,
N = ( 64 x 64 ) ,
T = 0.000000000000e+00 ,
delta_T = 5.000000000000e-02 ,
J = ( 1.000000000000e+00 , 1.000000000000e+00 ) ,
sigma_J = ( 0.000000000000e+00 , 0.000000000000e+00 ) ,
<J_{ij}> = ( 0.000000000000e+00 , 0.000000000000e+00 ) ,
h = ( 0.000000000000e+00 , 4.000000000000e-02 ) ,
sigma_h = ( 5.000000000000e-01 , 0.000000000000e+00 ) ,
<h_i> = ( -3.261196732474e-03 , 0.000000000000e+00 ) ,
order = ( 0.000000000000e+00 , 1.000000000000e+00 ) ,
order_field = 0 ,
order_random = 0 ,
Thermalizing-MCS = 128000 ,
Averaging-MCS = 12800 ,
hysteresis-MCS/step = 1, 
del_h = range_h x 1.000000000000e-03 ,
delta_{phi} = 1.000000000000e-04 ,
==================================================================================
phi(h[:])	h[0]	h[1]	<m[0]>	<m[1]>	<E>	
----------------------------------------------------------------------------------

Updating all (first)black/(then)white checkerboard sites simultaneously..
----------------------------------------------------------------------------------
0.000000000000e+00	-0.000000000000e+00	4.000000000000e-02	-1.691786286352e-02	9.321880015367e-01	-2.092099265360e+00	
1.000000000000e-04	-2.513273957505e-05	3.999999210432e-02	-1.710332681210e-02	9.321859120776e-01	-2.092099685522e+00	
2.000000000000e-04	-5.026546922809e-05	3.999996841727e-02	-1.728879200193e-02	9.321837824147e-01	-2.092100095626e+00	
3.000000000000e-04	-7.539817903712e-05	3.999992893887e-02	-1.747425841365e-02	9.321816125478e-01	-2.092100495669e+00	
4.000000000000e-04	-1.005308590801e-04	3.999987366913e-02	-1.765972602799e-02	9.321794024768e-01	-2.092100885654e+00	
5.000000000000e-04	-1.256634994352e-04	3.999980260807e-02	-1.784519482565e-02	9.321771522016e-01	-2.092101265578e+00	
6.000000000000e-04	-1.507960901803e-04	3.999971575573e-02	-1.803066478737e-02	9.321748617221e-01	-2.092101635443e+00	
7.000000000000e-04	-1.759286213934e-04	3.999961311213e-02	-1.821613589386e-02	9.321725310383e-01	-2.092101995248e+00	
8.000000000000e-04	-2.010610831528e-04	3.999949467732e-02	-1.840160812585e-02	9.321701601500e-01	-2.092102344994e+00	
9.000000000000e-04	-2.261934655364e-04	3.999936045134e-02	-1.858708146404e-02	9.321677490572e-01	-2.092102684680e+00	
1.000000000000e-03	-2.513257586224e-04	3.999921043425e-02	-1.877255588918e-02	9.321652977599e-01	-2.092103014305e+00	
1.100000000000e-03	-2.764579524889e-04	3.999904462610e-02	-1.895803138197e-02	9.321628062580e-01	-2.092103333871e+00	
1.200000000000e-03	-3.015900372143e-04	3.999886302696e-02	-1.914350792314e-02	9.321602745514e-01	-2.092103643377e+00	
1.300000000000e-03	-3.267220028767e-04	3.999866563690e-02	-1.932898549342e-02	9.321577026401e-01	-2.092103942823e+00	
1.400000000000e-03	-3.518538395544e-04	3.999845245601e-02	-1.951446407352e-02	9.321550905241e-01	-2.092104232208e+00	
1.500000000000e-03	-3.769855373258e-04	3.999822348436e-02	-1.969994364418e-02	9.321524382034e-01	-2.092104511534e+00	
1.600000000000e-03	-4.021170862692e-04	3.999797872204e-02	-1.988542418611e-02	9.321497456779e-01	-2.092104780799e+00	
1.700000000000e-03	-4.272484764632e-04	3.999771816916e-02	-2.007090568005e-02	9.321470129476e-01	-2.092105040004e+00	
1.800000000000e-03	-4.523796979863e-04	3.999744182581e-02	-2.025638810671e-02	9.321442400126e-01	-2.092105289149e+00	
1.900000000000e-03	-4.775107409170e-04	3.999714969210e-02	-2.044187144683e-02	9.321414268728e-01	-2.092105528234e+00	
2.000000000000e-03	-5.026415953341e-04	3.999684176815e-02	-2.062735568112e-02	9.321385735282e-01	-2.092105757258e+00	
2.100000000000e-03	-5.277722513162e-04	3.999651805408e-02	-2.081284079033e-02	9.321356799790e-01	-2.092105976222e+00	
2.200000000000e-03	-5.529026989422e-04	3.999617855003e-02	-2.099832675516e-02	9.321327462251e-01	-2.092106185125e+00	
2.300000000000e-03	-5.780329282910e-04	3.999582325611e-02	-2.118381355636e-02	9.321297722665e-01	-2.092106383968e+00	
2.400000000000e-03	-6.031629294415e-04	3.999545217247e-02	-2.136930117464e-02	9.321267581033e-01	-2.092106572750e+00	
2.500000000000e-03	-6.282926924728e-04	3.999506529927e-02	-2.155478959075e-02	9.321237037356e-01	-2.092106751472e+00	
2.600000000000e-03	-6.534222074642e-04	3.999466263664e-02	-2.174027878540e-02	9.321206091634e-01	-2.092106920133e+00	
2.700000000000e-03	-6.785514644948e-04	3.999424418476e-02	-2.192576873933e-02	9.321174743867e-01	-2.092107078734e+00	
2.800000000000e-03	-7.036804536440e-04	3.999380994378e-02	-2.211125943326e-02	9.321142994058e-01	-2.092107227274e+00	
2.900000000000e-03	-7.288091649913e-04	3.999335991388e-02	-2.229675084793e-02	9.321110842206e-01	-2.092107365754e+00	
3.000000000000e-03	-7.539375886163e-04	3.999289409523e-02	-2.248224296407e-02	9.321078288312e-01	-2.092107494172e+00	
3.100000000000e-03	-7.790657145987e-04	3.999241248802e-02	-2.266773576240e-02	9.321045332378e-01	-2.092107612530e+00	
3.200000000000e-03	-8.041935330183e-04	3.999191509245e-02	-2.285322922366e-02	9.321011974404e-01	-2.092107720828e+00	
3.300000000000e-03	-8.293210339550e-04	3.999140190869e-02	-2.303872332858e-02	9.320978214392e-01	-2.092107819065e+00	
3.400000000000e-03	-8.544482074889e-04	3.999087293697e-02	-2.322421805789e-02	9.320944052342e-01	-2.092107907241e+00	
3.500000000000e-03	-8.795750437002e-04	3.999032817748e-02	-2.340971339233e-02	9.320909488257e-01	-2.092107985356e+00	
3.600000000000e-03	-9.047015326692e-04	3.998976763044e-02	-2.359520931262e-02	9.320874522138e-01	-2.092108053410e+00	
3.700000000000e-03	-9.298276644763e-04	3.998919129608e-02	-2.378070579950e-02	9.320839153985e-01	-2.092108111404e+00	
3.800000000000e-03	-9.549534292023e-04	3.998859917462e-02	-2.396620283370e-02	9.320803383801e-01	-2.092108159337e+00	
3.900000000000e-03	-9.800788169277e-04	3.998799126629e-02	-2.415170039596e-02	9.320767211587e-01	-2.092108197209e+00	
4.000000000000e-03	-1.005203817733e-03	3.998736757133e-02	-2.433719846701e-02	9.320730637345e-01	-2.092108225021e+00	
4.100000000000e-03	-1.030328421701e-03	3.998672809000e-02	-2.452269702758e-02	9.320693661076e-01	-2.092108242771e+00	
4.200000000000e-03	-1.055452618911e-03	3.998607282254e-02	-2.470819605840e-02	9.320656282783e-01	-2.092108250461e+00	
4.300000000000e-03	-1.080576399445e-03	3.998540176921e-02	-2.489369554022e-02	9.320618502467e-01	-2.092108248090e+00	
4.400000000000e-03	-1.105699753384e-03	3.998471493028e-02	-2.507919545377e-02	9.320580320131e-01	-2.092108235658e+00	
4.500000000000e-03	-1.130822670811e-03	3.998401230601e-02	-2.526469577978e-02	9.320541735775e-01	-2.092108213166e+00	
4.600000000000e-03	-1.155945141807e-03	3.998329389669e-02	-2.545019649899e-02	9.320502749404e-01	-2.092108180613e+00	
4.700000000000e-03	-1.181067156454e-03	3.998255970260e-02	-2.563569759214e-02	9.320463361018e-01	-2.092108137998e+00	
4.800000000000e-03	-1.206188704834e-03	3.998180972403e-02	-2.582119903995e-02	9.320423570620e-01	-2.092108085324e+00	
4.900000000000e-03	-1.231309777031e-03	3.998104396127e-02	-2.600670082317e-02	9.320383378213e-01	-2.092108022588e+00	
5.000000000000e-03	-1.256430363125e-03	3.998026241463e-02	-2.619220292253e-02	9.320342783798e-01	-2.092107949792e+00	
5.100000000000e-03	-1.281550453201e-03	3.997946508441e-02	-2.637770531877e-02	9.320301787379e-01	-2.092107866935e+00	
5.200000000000e-03	-1.306670037341e-03	3.997865197094e-02	-2.656320799263e-02	9.320260388958e-01	-2.092107774017e+00	
5.300000000000e-03	-1.331789105628e-03	3.997782307453e-02	-2.674871092484e-02	9.320218588537e-01	-2.092107671038e+00	
5.400000000000e-03	-1.356907648146e-03	3.997697839550e-02	-2.693421409614e-02	9.320176386120e-01	-2.092107557999e+00	
5.500000000000e-03	-1.382025654979e-03	3.997611793420e-02	-2.711971748728e-02	9.320133781709e-01	-2.092107434900e+00	
5.600000000000e-03	-1.407143116210e-03	3.997524169096e-02	-2.730522107897e-02	9.320090775307e-01	-2.092107301739e+00	
5.700000000000e-03	-1.432260021922e-03	3.997434966612e-02	-2.749072485198e-02	9.320047366918e-01	-2.092107158518e+00	
5.800000000000e-03	-1.457376362202e-03	3.997344186005e-02	-2.767622878702e-02	9.320003556543e-01	-2.092107005237e+00	
5.900000000000e-03	-1.482492127132e-03	3.997251827310e-02	-2.786173286486e-02	9.319959344187e-01	-2.092106841894e+00	
6.000000000000e-03	-1.507607306797e-03	3.997157890562e-02	-2.804723706621e-02	9.319914729852e-01	-2.092106668492e+00	
6.100000000000e-03	-1.532721891284e-03	3.997062375800e-02	-2.823274137182e-02	9.319869713542e-01	-2.092106485029e+00	
6.200000000000e-03	-1.557835870675e-03	3.996965283062e-02	-2.841824576242e-02	9.319824295261e-01	-2.092106291505e+00	
6.300000000000e-03	-1.582949235058e-03	3.996866612384e-02	-2.860375021877e-02	9.319778475010e-01	-2.092106087921e+00	
6.400000000000e-03	-1.608061974518e-03	3.996766363807e-02	-2.878925472159e-02	9.319732252795e-01	-2.092105874276e+00	
6.500000000000e-03	-1.633174079140e-03	3.996664537370e-02	-2.897475925163e-02	9.319685628619e-01	-2.092105650572e+00	
6.600000000000e-03	-1.658285539011e-03	3.996561133113e-02	-2.916026378962e-02	9.319638602485e-01	-2.092105416807e+00	
6.700000000000e-03	-1.683396344218e-03	3.996456151077e-02	-2.934576831631e-02	9.319591174397e-01	-2.092105172981e+00	
6.800000000000e-03	-1.708506484845e-03	3.996349591304e-02	-2.953127281244e-02	9.319543344359e-01	-2.092104919096e+00	
6.900000000000e-03	-1.733615950982e-03	3.996241453834e-02	-2.971677725874e-02	9.319495112375e-01	-2.092104655150e+00	
7.000000000000e-03	-1.758724732715e-03	3.996131738712e-02	-2.990228163595e-02	9.319446478449e-01	-2.092104381144e+00	
7.100000000000e-03	-1.783832820130e-03	3.996020445981e-02	-3.008778592483e-02	9.319397442585e-01	-2.092104097078e+00	
7.200000000000e-03	-1.808940203317e-03	3.995907575684e-02	-3.027329010610e-02	9.319348004786e-01	-2.092103802952e+00	
7.300000000000e-03	-1.834046872363e-03	3.995793127866e-02	-3.045879416051e-02	9.319298165058e-01	-2.092103498766e+00	
7.400000000000e-03	-1.859152817357e-03	3.995677102572e-02	-3.064429806879e-02	9.319247923404e-01	-2.092103184520e+00	
7.500000000000e-03	-1.884258028386e-03	3.995559499848e-02	-3.082980181170e-02	9.319197279829e-01	-2.092102860214e+00	
7.600000000000e-03	-1.909362495540e-03	3.995440319740e-02	-3.101530536996e-02	9.319146234337e-01	-2.092102525848e+00	
7.700000000000e-03	-1.934466208908e-03	3.995319562296e-02	-3.120080872433e-02	9.319094786933e-01	-2.092102181423e+00	
7.800000000000e-03	-1.959569158579e-03	3.995197227563e-02	-3.138631185553e-02	9.319042937621e-01	-2.092101826938e+00	
7.900000000000e-03	-1.984671334643e-03	3.995073315589e-02	-3.157181474432e-02	9.318990686407e-01	-2.092101462393e+00	
8.000000000000e-03	-2.009772727191e-03	3.994947826424e-02	-3.175731737143e-02	9.318938033294e-01	-2.092101087789e+00	
8.100000000000e-03	-2.034873326312e-03	3.994820760117e-02	-3.194281971761e-02	9.318884978287e-01	-2.092100703125e+00	
8.200000000000e-03	-2.059973122097e-03	3.994692116717e-02	-3.212832176359e-02	9.318831521392e-01	-2.092100308401e+00	
8.300000000000e-03	-2.085072104638e-03	3.994561896277e-02	-3.231382349012e-02	9.318777662614e-01	-2.092099903619e+00	
8.400000000000e-03	-2.110170264025e-03	3.994430098846e-02	-3.249932487793e-02	9.318723401957e-01	-2.092099488777e+00	
8.500000000000e-03	-2.135267590350e-03	3.994296724478e-02	-3.268482590778e-02	9.318668739426e-01	-2.092099063875e+00	
8.600000000000e-03	-2.160364073706e-03	3.994161773225e-02	-3.287032656040e-02	9.318613675027e-01	-2.092098628915e+00	
8.700000000000e-03	-2.185459704184e-03	3.994025245140e-02	-3.305582681652e-02	9.318558208765e-01	-2.092098183896e+00	
8.800000000000e-03	-2.210554471877e-03	3.993887140277e-02	-3.324132665691e-02	9.318502340646e-01	-2.092097728817e+00	
8.900000000000e-03	-2.235648366878e-03	3.993747458690e-02	-3.342682606228e-02	9.318446070674e-01	-2.092097263680e+00	
9.000000000000e-03	-2.260741379281e-03	3.993606200436e-02	-3.361232501339e-02	9.318389398856e-01	-2.092096788483e+00	
9.100000000000e-03	-2.285833499179e-03	3.993463365569e-02	-3.379782349099e-02	9.318332325197e-01	-2.092096303228e+00	
9.200000000000e-03	-2.310924716666e-03	3.993318954146e-02	-3.398332147580e-02	9.318274849702e-01	-2.092095807914e+00	
9.300000000000e-03	-2.336015021836e-03	3.993172966223e-02	-3.416881894857e-02	9.318216972377e-01	-2.092095302542e+00	
9.400000000000e-03	-2.361104404785e-03	3.993025401860e-02	-3.435431589004e-02	9.318158693228e-01	-2.092094787111e+00	
9.500000000000e-03	-2.386192855607e-03	3.992876261113e-02	-3.453981228095e-02	9.318100012262e-01	-2.092094261622e+00	
9.600000000000e-03	-2.411280364398e-03	3.992725544042e-02	-3.472530810205e-02	9.318040929483e-01	-2.092093726074e+00	
9.700000000000e-03	-2.436366921253e-03	3.992573250706e-02	-3.491080333407e-02	9.317981444898e-01	-2.092093180468e+00	
9.800000000000e-03	-2.461452516270e-03	3.992419381165e-02	-3.509629795776e-02	9.317921558514e-01	-2.092092624804e+00	
9.900000000000e-03	-2.486537139544e-03	3.992263935480e-02	-3.528179195386e-02	9.317861270335e-01	-2.092092059082e+00	
1.000000000000e-02	-2.511620781173e-03	3.992106913713e-02	-3.546728530310e-02	9.317800580369e-01	-2.092091483302e+00	
1.010000000000e-02	-2.536703431253e-03	3.991948315925e-02	-3.565277798624e-02	9.317739488622e-01	-2.092090897464e+00	
1.020000000000e-02	-2.561785079883e-03	3.991788142180e-02	-3.583826998400e-02	9.317677995101e-01	-2.092090301569e+00	
1.030000000000e-02	-2.586865717161e-03	3.991626392539e-02	-3.602376127714e-02	9.317616099811e-01	-2.092089695615e+00	
1.040000000000e-02	-2.611945333185e-03	3.991463067068e-02	-3.620925184638e-02	9.317553802759e-01	-2.092089079604e+00	
1.050000000000e-02	-2.637023918055e-03	3.991298165830e-02	-3.639474167248e-02	9.317491103953e-01	-2.092088453536e+00	
1.060000000000e-02	-2.662101461870e-03	3.991131688891e-02	-3.658023073618e-02	9.317428003398e-01	-2.092087817411e+00	
1.070000000000e-02	-2.687177954728e-03	3.990963636316e-02	-3.676571901820e-02	9.317364501102e-01	-2.092087171228e+00	
1.080000000000e-02	-2.712253386732e-03	3.990794008172e-02	-3.695120649930e-02	9.317300597071e-01	-2.092086514988e+00	
1.090000000000e-02	-2.737327747981e-03	3.990622804526e-02	-3.713669316021e-02	9.317236291312e-01	-2.092085848691e+00	
1.100000000000e-02	-2.762401028576e-03	3.990450025445e-02	-3.732217898167e-02	9.317171583833e-01	-2.092085172337e+00	
1.110000000000e-02	-2.787473218619e-03	3.990275670998e-02	-3.750766394443e-02	9.317106474641e-01	-2.092084485926e+00	
1.120000000000e-02	-2.812544308212e-03	3.990099741253e-02	-3.769314802922e-02	9.317040963742e-01	-2.092083789459e+00	
1.130000000000e-02	-2.837614287457e-03	3.989922236279e-02	-3.787863121679e-02	9.316975051144e-01	-2.092083082935e+00	
1.140000000000e-02	-2.862683146457e-03	3.989743156148e-02	-3.806411348786e-02	9.316908736855e-01	-2.092082366355e+00	
1.150000000000e-02	-2.887750875314e-03	3.989562500929e-02	-3.824959482319e-02	9.316842020881e-01	-2.092081639719e+00	
1.160000000000e-02	-2.912817464134e-03	3.989380270694e-02	-3.843507520351e-02	9.316774903231e-01	-2.092080903026e+00	
1.170000000000e-02	-2.937882903019e-03	3.989196465516e-02	-3.862055460956e-02	9.316707383911e-01	-2.092080156277e+00	
1.180000000000e-02	-2.962947182075e-03	3.989011085465e-02	-3.880603302207e-02	9.316639462930e-01	-2.092079399473e+00	
1.190000000000e-02	-2.988010291406e-03	3.988824130616e-02	-3.899151042180e-02	9.316571140295e-01	-2.092078632612e+00	
1.200000000000e-02	-3.013072221117e-03	3.988635601042e-02	-3.917698678946e-02	9.316502416013e-01	-2.092077855696e+00	
1.210000000000e-02	-3.038132961316e-03	3.988445496819e-02	-3.936246210582e-02	9.316433290094e-01	-2.092077068725e+00	
1.220000000000e-02	-3.063192502108e-03	3.988253818020e-02	-3.954793635159e-02	9.316363762545e-01	-2.092076271698e+00	
1.230000000000e-02	-3.088250833600e-03	3.988060564722e-02	-3.973340950752e-02	9.316293833373e-01	-2.092075464616e+00	
1.240000000000e-02	-3.113307945899e-03	3.987865737000e-02	-3.991888155435e-02	9.316223502588e-01	-2.092074647478e+00	
1.250000000000e-02	-3.138363829114e-03	3.987669334933e-02	-4.010435247282e-02	9.316152770196e-01	-2.092073820286e+00	
1.260000000000e-02	-3.163418473352e-03	3.987471358596e-02	-4.028982224365e-02	9.316081636207e-01	-2.092072983039e+00	
1.270000000000e-02	-3.188471868723e-03	3.987271808069e-02	-4.047529084760e-02	9.316010100629e-01	-2.092072135737e+00	
1.280000000000e-02	-3.213524005336e-03	3.987070683431e-02	-4.066075826539e-02	9.315938163469e-01	-2.092071278381e+00	
1.290000000000e-02	-3.238574873300e-03	3.986867984760e-02	-4.084622447776e-02	9.315865824738e-01	-2.092070410970e+00	
1.300000000000e-02	-3.263624462726e-03	3.986663712136e-02	-4.103168946545e-02	9.315793084443e-01	-2.092069533506e+00	
1.310000000000e-02	-3.288672763725e-03	3.986457865641e-02	-4.121715320919e-02	9.315719942592e-01	-2.092068645987e+00	
1.320000000000e-02	-3.313719766408e-03	3.986250445356e-02	-4.140261568973e-02	9.315646399195e-01	-2.092067748414e+00	
1.330000000000e-02	-3.338765460887e-03	3.986041451361e-02	-4.158807688778e-02	9.315572454261e-01	-2.092066840787e+00	
1.340000000000e-02	-3.363809837275e-03	3.985830883741e-02	-4.177353678410e-02	9.315498107797e-01	-2.092065923107e+00	
1.350000000000e-02	-3.388852885683e-03	3.985618742578e-02	-4.195899535941e-02	9.315423359814e-01	-2.092064995373e+00	
1.360000000000e-02	-3.413894596226e-03	3.985405027956e-02	-4.214445259445e-02	9.315348210321e-01	-2.092064057586e+00	
1.370000000000e-02	-3.438934959017e-03	3.985189739959e-02	-4.232990846996e-02	9.315272659325e-01	-2.092063109746e+00	
1.380000000000e-02	-3.463973964172e-03	3.984972878673e-02	-4.251536296666e-02	9.315196706837e-01	-2.