T	 |m|	 <m[0]>	 <m[1]>	 <E>	 dim_{Lat}=2	 L=128,128	 J=1.000000,1.000000	 {/Symbol s}_J=0.000000,0.000000	 <J_{ij}>=0.000000,0.000000	 dim_{Spin}=2	 h=0.062500,0.000000	 {/Symbol s}_h=0.500000,0.000000	 <h_i>=0.000285,0.000000	 order=1.000000,0.000000	 order_h=0	 order_r=1	 (thermalizing-MCS,averaging-MCS)/{/Symbol D}T=(128000,12800)/0.010000	 
Cooling... 
2.000000	 0.069070	 0.057971	 -0.000205	 -0.614919	 
1.990000	 0.071009	 0.060381	 -0.001621	 -0.619158	 
1.980000	 0.071062	 0.060260	 -0.001327	 -0.623485	 
1.970000	 0.072236	 0.061490	 -0.002122	 -0.627672	 
1.960000	 0.072968	 0.062905	 -0.000946	 -0.631146	 
1.950000	 0.074281	 0.064443	 -0.000041	 -0.634467	 
1.940000	 0.074180	 0.063679	 0.000239	 -0.637708	 
1.930000	 0.074400	 0.063955	 0.000534	 -0.640751	 
1.920000	 0.075893	 0.065582	 -0.001247	 -0.645822	 
1.910000	 0.076331	 0.066273	 -0.000916	 -0.650250	 
1.900000	 0.077638	 0.067642	 -0.002867	 -0.654476	 
1.890000	 0.078802	 0.069028	 -0.002138	 -0.658741	 
1.880000	 0.080507	 0.070716	 -0.001620	 -0.662769	 
1.870000	 0.080719	 0.071079	 0.002072	 -0.666482	 
1.860000	 0.080403	 0.070545	 0.000064	 -0.670404	 
1.850000	 0.081712	 0.071956	 -0.000140	 -0.674543	 
1.840000	 0.084708	 0.075432	 -0.001647	 -0.679961	 
1.830000	 0.084508	 0.075154	 -0.002901	 -0.684674	 
1.820000	 0.085962	 0.076744	 -0.002006	 -0.689673	 
1.810000	 0.088941	 0.079911	 -0.002179	 -0.694422	 
1.800000	 0.089565	 0.080967	 0.000049	 -0.697771	 
1.790000	 0.089396	 0.080408	 -0.000435	 -0.702602	 
1.780000	 0.090572	 0.081474	 0.000756	 -0.706486	 
1.770000	 0.092796	 0.084117	 -0.003157	 -0.712464	 
1.760000	 0.092893	 0.084321	 -0.000773	 -0.717743	 
1.750000	 0.094358	 0.085367	 -0.003467	 -0.722882	 
1.740000	 0.096476	 0.088033	 -0.002522	 -0.728052	 
1.730000	 0.099156	 0.090866	 -0.001050	 -0.733117	 
1.720000	 0.098771	 0.090288	 0.001056	 -0.737046	 
1.710000	 0.100246	 0.092038	 -0.000610	 -0.742374	 
1.700000	 0.103440	 0.095009	 0.000061	 -0.748145	 
1.690000	 0.104601	 0.096715	 -0.001013	 -0.753598	 
1.680000	 0.105532	 0.097707	 -0.003265	 -0.760208	 
1.670000	 0.108824	 0.101049	 -0.001995	 -0.766465	 
1.660000	 0.110745	 0.102775	 -0.001901	 -0.771855	 
1.650000	 0.112983	 0.105819	 0.001756	 -0.776552	 
1.640000	 0.113282	 0.105312	 0.000838	 -0.781795	 
1.630000	 0.115924	 0.108297	 -0.000035	 -0.787514	 
1.620000	 0.119114	 0.111261	 -0.001158	 -0.794671	 
1.610000	 0.119976	 0.112741	 -0.001882	 -0.801637	 
1.600000	 0.122623	 0.114994	 -0.005399	 -0.808112	 
1.590000	 0.124551	 0.116998	 -0.002906	 -0.814323	 
1.580000	 0.129910	 0.122857	 0.000197	 -0.821413	 
1.570000	 0.130490	 0.123287	 -0.000152	 -0.826463	 
1.560000	 0.132617	 0.125658	 0.001607	 -0.832926	 
1.550000	 0.136367	 0.128684	 0.000419	 -0.840163	 
1.540000	 0.138991	 0.131759	 -0.002240	 -0.847625	 
1.530000	 0.141265	 0.133999	 -0.003963	 -0.854660	 
1.520000	 0.144855	 0.137990	 -0.003823	 -0.862645	 
1.510000	 0.149781	 0.143112	 -0.001440	 -0.870070	 
1.500000	 0.152070	 0.145423	 0.003918	 -0.876459	 
1.490000	 0.154128	 0.147325	 0.002225	 -0.883197	 
1.480000	 0.156811	 0.149386	 0.000585	 -0.891285	 
1.470000	 0.162567	 0.155791	 -0.001752	 -0.899980	 
1.460000	 0.165113	 0.158259	 -0.003774	 -0.908364	 
1.450000	 0.169477	 0.162905	 -0.005214	 -0.917052	 
1.440000	 0.174431	 0.167849	 -0.003532	 -0.925516	 
1.430000	 0.179862	 0.173544	 0.000242	 -0.932628	 
1.420000	 0.181138	 0.174712	 0.002795	 -0.940191	 
1.410000	 0.184241	 0.177605	 0.004700	 -0.947591	 
1.400000	 0.190995	 0.184439	 -0.002524	 -0.958566	 
1.390000	 0.195713	 0.189238	 -0.004516	 -0.968139	 
1.380000	 0.198490	 0.192315	 -0.006586	 -0.977101	 
1.370000	 0.203685	 0.197048	 -0.005900	 -0.986423	 
1.360000	 0.211014	 0.204727	 -0.003666	 -0.995631	 
1.350000	 0.216467	 0.210273	 0.005539	 -1.003505	 
1.340000	 0.218311	 0.211469	 0.003087	 -1.012522	 
1.330000	 0.224936	 0.218499	 0.000645	 -1.023060	 
1.320000	 0.234238	 0.228409	 -0.001928	 -1.035304	 
1.310000	 0.239718	 0.233331	 -0.007481	 -1.045491	 
1.300000	 0.242848	 0.236466	 -0.006624	 -1.055147	 
1.290000	 0.254378	 0.247797	 -0.008179	 -1.067237	 
1.280000	 0.260056	 0.254149	 0.001795	 -1.076194	 
1.270000	 0.264676	 0.258324	 -0.001929	 -1.085673	 
1.260000	 0.271038	 0.264212	 0.001512	 -1.096416	 
1.250000	 0.278947	 0.272458	 -0.009052	 -1.108902	 
1.240000	 0.284598	 0.278903	 -0.003829	 -1.120464	 
1.230000	 0.291924	 0.285563	 -0.007320	 -1.132631	 
1.220000	 0.300882	 0.293471	 -0.011350	 -1.143357	 
1.210000	 0.309467	 0.303326	 -0.004831	 -1.154218	 
1.200000	 0.315374	 0.309002	 0.008211	 -1.164861	 
1.190000	 0.324857	 0.318868	 0.001692	 -1.176296	 
1.180000	 0.332498	 0.325092	 -0.002817	 -1.188461	 
1.170000	 0.337853	 0.331749	 -0.001891	 -1.200760	 
1.160000	 0.350028	 0.342790	 -0.018551	 -1.214981	 
1.150000	 0.357337	 0.349925	 -0.011009	 -1.225702	 
1.140000	 0.366168	 0.358667	 -0.010844	 -1.238649	 
1.130000	 0.374717	 0.366868	 -0.006832	 -1.249783	 
1.120000	 0.383031	 0.376296	 0.007586	 -1.261451	 
1.110000	 0.394560	 0.387528	 0.009967	 -1.271930	 
1.100000	 0.401188	 0.392005	 0.000999	 -1.286361	 
1.090000	 0.407615	 0.399580	 -0.021662	 -1.298602	 
1.080000	 0.412320	 0.402899	 -0.037055	 -1.310424	 
1.070000	 0.422844	 0.413267	 -0.023197	 -1.321681	 
1.060000	 0.436749	 0.425581	 -0.023501	 -1.335116	 
1.050000	 0.442499	 0.434439	 0.017960	 -1.345565	 
1.040000	 0.443222	 0.435065	 -0.005655	 -1.356214	 
1.030000	 0.457819	 0.448505	 -0.004354	 -1.369434	 
1.020000	 0.459918	 0.450845	 -0.021358	 -1.381228	 
1.010000	 0.470366	 0.460865	 -0.062636	 -1.393526	 
1.000000	 0.475616	 0.463509	 -0.035881	 -1.403742	 
0.990000	 0.489298	 0.476984	 -0.034567	 -1.415975	 
0.980000	 0.495939	 0.484063	 -0.001276	 -1.426405	 
0.970000	 0.501495	 0.492573	 0.013101	 -1.437608	 
0.960000	 0.503977	 0.492453	 0.012490	 -1.448469	 
0.950000	 0.515468	 0.502827	 0.000483	 -1.459518	 
0.940000	 0.518634	 0.509482	 -0.033774	 -1.470598	 
0.930000	 0.527648	 0.507218	 -0.096196	 -1.480473	 
0.920000	 0.531582	 0.511241	 -0.102670	 -1.492268	 
0.910000	 0.539392	 0.528453	 -0.036499	 -1.500251	 
0.900000	 0.540858	 0.528834	 -0.048701	 -1.510507	 
0.890000	 0.540740	 0.529968	 -0.036105	 -1.518905	 
0.880000	 0.552663	 0.535769	 -0.014551	 -1.530395	 
0.870000	 0.562462	 0.529769	 -0.174792	 -1.540761	 
0.860000	 0.584233	 0.525527	 -0.246651	 -1.550309	 
0.850000	 0.572582	 0.531585	 -0.190862	 -1.557499	 
0.840000	 0.558547	 0.543258	 -0.087584	 -1.566445	 
0.830000	 0.587860	 0.550317	 -0.187605	 -1.575244	 
0.820000	 0.568863	 0.561099	 -0.064185	 -1.582734	 
0.810000	 0.585615	 0.554577	 -0.176744	 -1.592028	 
0.800000	 0.588803	 0.549217	 -0.188981	 -1.600579	 
0.790000	 0.580559	 0.557432	 -0.152296	 -1.609616	 
0.780000	 0.637340	 0.549233	 -0.311838	 -1.618064	 
0.770000	 0.613693	 0.561019	 -0.237059	 -1.625105	 
0.760000	 0.644391	 0.565951	 -0.301158	 -1.632838	 
0.750000	 0.632224	 0.574239	 -0.256922	 -1.640296	 
0.740000	 0.611181	 0.573812	 -0.202181	 -1.647356	 
0.730000	 0.619658	 0.563105	 -0.248761	 -1.655700	 
0.720000	 0.647203	 0.573327	 -0.292287	 -1.663095	 
0.710000	 0.669233	 0.552099	 -0.369749	 -1.671243	 
0.700000	 0.651266	 0.552999	 -0.339083	 -1.677975	 
0.690000	 0.607510	 0.575943	 -0.181246	 -1.684097	 
0.680000	 0.625193	 0.575696	 -0.235234	 -1.691118	 
0.670000	 0.648024	 0.577608	 -0.286631	 -1.698268	 
0.660000	 0.665391	 0.577536	 -0.326827	 -1.704850	 
0.650000	 0.701085	 0.559460	 -0.419345	 -1.712526	 
0.640000	 0.683705	 0.569942	 -0.374105	 -1.719001	 
0.630000	 0.698740	 0.559696	 -0.412916	 -1.726077	 
0.620000	 0.701261	 0.568678	 -0.406135	 -1.732363	 
0.610000	 0.716169	 0.582614	 -0.410652	 -1.738416	 
0.600000	 0.699686	 0.582747	 -0.383480	 -1.744634	 
0.590000	 0.693800	 0.588652	 -0.361896	 -1.751046	 
0.580000	 0.719976	 0.575364	 -0.430234	 -1.757839	 
0.570000	 0.742542	 0.563651	 -0.481288	 -1.764734	 
0.560000	 0.747114	 0.555494	 -0.497855	 -1.771149	 
0.550000	 0.731885	 0.568150	 -0.457759	 -1.777087	 
0.540000	 0.745437	 0.579567	 -0.464915	 -1.782573	 
0.530000	 0.746333	 0.585196	 -0.460997	 -1.788745	 
0.520000	 0.750461	 0.579013	 -0.474542	 -1.794974	 
0.510000	 0.751080	 0.575379	 -0.481113	 -1.801085	 
0.500000	 0.767138	 0.568953	 -0.513161	 -1.807580	 
0.490000	 0.772505	 0.565902	 -0.523219	 -1.813843	 
0.480000	 0.769357	 0.562652	 -0.522970	 -1.819626	 
0.470000	 0.768519	 0.578052	 -0.505185	 -1.825202	 
0.460000	 0.769580	 0.593766	 -0.487660	 -1.830797	 
0.450000	 0.775920	 0.589751	 -0.501565	 -1.836589	 
0.440000	 0.789690	 0.578947	 -0.535730	 -1.842928	 
0.430000	 0.790570	 0.573541	 -0.542763	 -1.848795	 
0.420000	 0.796038	 0.560204	 -0.564508	 -1.854868	 
0.410000	 0.797260	 0.564937	 -0.561766	 -1.860685	 
0.400000	 0.797542	 0.573985	 -0.552435	 -1.865962	 
0.390000	 0.799098	 0.579322	 -0.548963	 -1.871444	 
0.380000	 0.800900	 0.585215	 -0.545453	 -1.877024	 
0.370000	 0.809170	 0.587318	 -0.555635	 -1.882741	 
0.360000	 0.813394	 0.578571	 -0.570882	 -1.888525	 
0.350000	 0.814994	 0.573356	 -0.578338	 -1.894456	 
0.340000	 0.816661	 0.569518	 -0.584715	 -1.899988	 
0.330000	 0.822027	 0.573905	 -0.587691	 -1.905489	 
0.320000	 0.816080	 0.584857	 -0.567478	 -1.910653	 
0.310000	 0.827208	 0.583883	 -0.585169	 -1.916041	 
0.300000	 0.828367	 0.594122	 -0.576481	 -1.921561	 
0.290000	 0.832111	 0.583655	 -0.592421	 -1.927247	 
0.280000	 0.836244	 0.583654	 -0.598392	 -1.932747	 
0.270000	 0.841578	 0.572232	 -0.616751	 -1.938527	 
0.260000	 0.843371	 0.573974	 -0.617437	 -1.943808	 
0.250000	 0.845413	 0.575912	 -0.618151	 -1.948919	 
0.240000	 0.847353	 0.590516	 -0.607046	 -1.954208	 
0.230000	 0.848548	 0.588954	 -0.610441	 -1.959572	 
0.220000	 0.853305	 0.587802	 -0.618237	 -1.964910	 
0.210000	 0.853909	 0.582216	 -0.624439	 -1.970311	 
0.200000	 0.858774	 0.584647	 -0.628756	 -1.975736	 
0.190000	 0.861332	 0.581211	 -0.635287	 -1.980989	 
0.180000	 0.864353	 0.582115	 -0.638655	 -1.986320	 
0.170000	 0.866424	 0.586410	 -0.637443	 -1.991458	 
0.160000	 0.868589	 0.588527	 -0.638602	 -1.996529	 
0.150000	 0.872427	 0.585133	 -0.646879	 -2.001884	 
0.140000	 0.875221	 0.585609	 -0.650253	 -2.007071	 
0.130000	 0.877612	 0.585706	 -0.653452	 -2.012305	 
0.120000	 0.878663	 0.582659	 -0.657564	 -2.017553	 
0.110000	 0.883634	 0.586904	 -0.660500	 -2.022680	 
0.100000	 0.884572	 0.587815	 -0.660899	 -2.027706	 
0.090000	 0.886775	 0.588843	 -0.662974	 -2.032865	 
0.080000	 0.889816	 0.592397	 -0.663831	 -2.037966	 
0.070000	 0.892194	 0.586794	 -0.672011	 -2.043092	 
0.060000	 0.894944	 0.590893	 -0.672108	 -2.048158	 
0.050000	 0.896781	 0.592102	 -0.673489	 -2.053258	 
0.040000	 0.901073	 0.591136	 -0.680037	 -2.058310	 
0.030000	 0.902345	 0.590751	 -0.682072	 -2.063339	 
0.020000	 0.905035	 0.591484	 -0.684999	 -2.068376	 
0.010000	 0.907817	 0.593141	 -0.687247	 -2.073384	 
