-2.313114 2.313114 
0.000000 0.500000 0.009109 
0.000000 0.000000 0.000000 

-0.541020 0.000000 
-0.066167 0.000000 
-0.485158 -0.000000 
0.964920 0.000000 
0.574975 0.000000 
0.046376 0.000000 
-0.526749 0.000000 
1.055881 0.000000 
0.558193 0.000000 
0.636957 -0.000000 
0.780927 0.000000 
-0.521888 -0.000000 
0.749703 0.000000 
0.279985 0.000000 
-0.500488 0.000000 
-0.095818 -0.000000 
0.071789 0.000000 
0.120402 0.000000 
-0.119253 -0.000000 
0.248801 -0.000000 
-0.605877 -0.000000 
0.565312 0.000000 
-0.764605 -0.000000 
0.287627 0.000000 
-0.577186 0.000000 
0.318886 -0.000000 
-0.235004 -0.000000 
-0.337746 -0.000000 
-0.087823 -0.000000 
0.511712 0.000000 
-1.074175 -0.000000 
-0.374310 -0.000000 
0.020101 0.000000 
-0.048385 0.000000 
-1.108502 -0.000000 
-0.687828 0.000000 
-0.153521 0.000000 
0.130186 0.000000 
-0.307580 0.000000 
0.238325 0.000000 
-0.493709 0.000000 
-0.439767 -0.000000 
-0.535386 0.000000 
0.562613 -0.000000 
0.748392 -0.000000 
0.843802 0.000000 
0.454730 -0.000000 
-0.609654 0.000000 
0.548058 0.000000 
-0.613690 0.000000 
0.128132 -0.000000 
-0.694075 0.000000 
0.609289 0.000000 
0.742291 0.000000 
-0.109144 -0.000000 
0.348059 0.000000 
0.460318 0.000000 
-0.461852 -0.000000 
0.273815 0.000000 
0.563840 0.000000 
0.506115 0.000000 
-0.309840 0.000000 
0.532243 0.000000 
0.322692 0.000000 
0.333906 0.000000 
-0.253740 0.000000 
-0.010946 0.000000 
0.781294 -0.000000 
0.662364 0.000000 
-0.109435 0.000000 
-0.262762 -0.000000 
-0.479888 0.000000 
0.500174 0.000000 
-0.673799 0.000000 
-0.281245 -0.000000 
-0.631326 -0.000000 
-0.494285 0.000000 
0.773681 -0.000000 
0.286065 -0.000000 
0.196081 0.000000 
-1.171694 -0.000000 
-0.608029 0.000000 
0.794405 0.000000 
0.319635 -0.000000 
0.267697 0.000000 
-0.434771 0.000000 
-0.616323 0.000000 
-0.126702 0.000000 
-0.077673 0.000000 
-0.322622 0.000000 
0.054917 -0.000000 
0.366627 0.000000 
0.249187 -0.000000 
0.203207 0.000000 
-0.284311 0.000000 
-0.311769 -0.000000 
0.633649 0.000000 
-0.756156 -0.000000 
0.735059 0.000000 
-0.047176 0.000000 
0.004636 0.000000 
-0.366791 -0.000000 
-0.601809 0.000000 
-0.652151 0.000000 
-0.225311 -0.000000 
-0.712125 -0.000000 
0.219802 -0.000000 
0.085798 0.000000 
-0.574020 0.000000 
0.507781 0.000000 
-0.084446 -0.000000 
-0.347074 0.000000 
0.421549 -0.000000 
-0.276478 0.000000 
0.622704 -0.000000 
-0.460126 0.000000 
0.051337 -0.000000 
-0.539807 0.000000 
0.498091 0.000000 
-0.287039 -0.000000 
-0.363612 0.000000 
-0.347096 0.000000 
-0.580185 0.000000 
0.984382 0.000000 
0.430214 -0.000000 
0.383212 0.000000 
0.489672 0.000000 
0.521079 0.000000 
0.834982 -0.000000 
0.081779 0.000000 
-0.953099 -0.000000 
-0.296242 -0.000000 
0.581537 -0.000000 
-0.578819 -0.000000 
-0.105685 0.000000 
-0.051244 0.000000 
-0.411157 0.000000 
-0.520305 -0.000000 
-0.511210 0.000000 
-0.477402 0.000000 
-0.061808 0.000000 
-0.278610 -0.000000 
0.027840 0.000000 
-0.218519 0.000000 
-0.534408 -0.000000 
-0.073549 0.000000 
0.407131 0.000000 
0.085088 -0.000000 
-0.536548 0.000000 
-0.314208 0.000000 
-0.256890 0.000000 
0.308704 -0.000000 
0.226070 -0.000000 
0.593693 -0.000000 
-0.106832 0.000000 
0.279820 -0.000000 
0.762491 -0.000000 
-0.113548 -0.000000 
0.107590 -0.000000 
0.068344 0.000000 
0.505240 0.000000 
-0.741071 0.000000 
-0.208322 0.000000 
-0.092408 0.000000 
1.055007 0.000000 
-0.621166 0.000000 
0.173522 0.000000 
-0.623827 0.000000 
0.517879 0.000000 
-0.552291 0.000000 
-0.522816 -0.000000 
-0.164969 0.000000 
-0.629751 -0.000000 
-0.214458 0.000000 
0.418434 0.000000 
0.476627 -0.000000 
-0.080065 0.000000 
-0.524888 0.000000 
-0.568411 0.000000 
-0.225422 -0.000000 
-0.145301 0.000000 
0.458931 0.000000 
-0.752693 0.000000 
-0.661986 0.000000 
-1.214174 -0.000000 
0.080579 0.000000 
0.211020 0.000000 
-0.778782 0.000000 
0.224512 0.000000 
0.094128 0.000000 
-0.533142 -0.000000 
-0.266991 0.000000 
0.584714 0.000000 
-0.123618 0.000000 
-0.010422 0.000000 
-0.158979 0.000000 
-0.763505 0.000000 
0.852193 -0.000000 
0.224473 0.000000 
0.499433 0.000000 
-0.198617 -0.000000 
0.245782 0.000000 
-0.858214 -0.000000 
0.029970 0.000000 
0.411327 0.000000 
0.421262 -0.000000 
0.538597 -0.000000 
0.347919 0.000000 
0.753456 0.000000 
0.214827 0.000000 
0.155311 0.000000 
-0.071137 -0.000000 
-0.549312 0.000000 
-0.028938 0.000000 
-0.062393 0.000000 
-0.380526 0.000000 
0.086737 0.000000 
0.376550 0.000000 
-0.178314 0.000000 
-0.818870 -0.000000 
-0.601384 0.000000 
0.002219 0.000000 
-0.402817 0.000000 
0.659845 0.000000 
-0.557678 0.000000 
0.112323 0.000000 
0.019517 0.000000 
0.899433 0.000000 
0.241813 0.000000 
-0.213607 0.000000 
0.260273 0.000000 
-0.125300 -0.000000 
0.073426 -0.000000 
0.104260 -0.000000 
0.716938 -0.000000 
0.149521 0.000000 
-0.748220 0.000000 
-0.232696 0.000000 
-0.662671 0.000000 
-0.192883 0.000000 
-0.979761 0.000000 
0.461844 -0.000000 
0.109290 0.000000 
-0.652328 0.000000 
-0.465621 0.000000 
-0.208210 0.000000 
-0.707897 0.000000 
0.682640 -0.000000 
-0.378259 0.000000 
-0.403489 -0.000000 
0.431693 -0.000000 
0.157385 0.000000 
0.367431 0.000000 
0.441281 -0.000000 
0.491507 0.000000 
0.269427 0.000000 
0.028767 0.000000 
0.736620 0.000000 
-0.465551 -0.000000 
0.012949 0.000000 
0.415463 -0.000000 
0.244699 0.000000 
0.262752 -0.000000 
-0.351917 -0.000000 
0.176260 -0.000000 
0.069840 -0.000000 
0.480674 0.000000 
-0.451698 0.000000 
0.064103 0.000000 
0.586727 0.000000 
-1.187730 -0.000000 
0.021073 0.000000 
0.228781 -0.000000 
-0.763946 0.000000 
-0.628908 -0.000000 
0.377882 -0.000000 
-0.015648 0.000000 
-0.528759 -0.000000 
0.536473 -0.000000 
-0.246161 -0.000000 
-1.108568 0.000000 
0.082591 0.000000 
-0.333280 0.000000 
-0.962732 0.000000 
0.365904 0.000000 
0.653824 -0.000000 
-0.530360 0.000000 
-0.335356 0.000000 
0.146488 0.000000 
0.007533 -0.000000 
-0.453243 0.000000 
-0.314495 -0.000000 
0.471965 0.000000 
0.566970 0.000000 
-0.122102 -0.000000 
0.181882 0.000000 
0.061305 0.000000 
0.400987 0.000000 
0.009652 0.000000 
1.268265 -0.000000 
-0.104942 0.000000 
-0.086519 0.000000 
0.831842 0.000000 
-0.438864 0.000000 
-0.237425 0.000000 
0.190731 0.000000 
-0.563188 -0.000000 
0.019592 0.000000 
1.158461 -0.000000 
-0.204926 0.000000 
0.205837 -0.000000 
-0.431183 0.000000 
-0.264977 0.000000 
-0.222937 0.000000 
0.019596 0.000000 
-0.502530 -0.000000 
-0.039072 0.000000 
0.262248 0.000000 
0.310049 0.000000 
0.509558 0.000000 
0.342365 -0.000000 
0.585536 0.000000 
-0.423686 -0.000000 
0.451382 -0.000000 
0.370067 0.000000 
-0.293058 0.000000 
-0.046821 -0.000000 
0.330535 0.000000 
0.266400 0.000000 
-0.183136 0.000000 
0.774666 0.000000 
0.657618 -0.000000 
-0.140797 -0.000000 
-0.492521 0.000000 
0.730359 -0.000000 
0.285728 0.000000 
0.300514 -0.000000 
-1.196233 -0.000000 
0.713945 -0.000000 
0.007058 0.000000 
0.049533 0.000000 
-0.032922 0.000000 
0.311108 -0.000000 
0.177649 -0.000000 
-0.072459 0.000000 
-0.868594 0.000000 
-0.255499 -0.000000 
-0.106953 0.000000 
-0.691120 -0.000000 
-0.261978 0.000000 
-0.821078 0.000000 
0.527909 0.000000 
-0.600504 0.000000 
0.120292 0.000000 
-0.459345 0.000000 
-0.758783 0.000000 
-0.631853 -0.000000 
-0.724137 0.000000 
0.163969 0.000000 
0.122362 0.000000 
-0.004976 -0.000000 
0.308135 -0.000000 
-0.547703 0.000000 
-0.033631 0.000000 
-0.015428 0.000000 
-0.279185 -0.000000 
0.738146 0.000000 
0.047999 0.000000 
0.625396 -0.000000 
-0.072666 -0.000000 
0.171607 -0.000000 
0.031884 0.000000 
1.167894 0.000000 
-0.499086 0.000000 
0.341694 -0.000000 
0.383168 0.000000 
-0.218411 0.000000 
-0.660046 0.000000 
-0.623997 -0.000000 
-0.497564 0.000000 
0.468190 -0.000000 
-0.069907 -0.000000 
0.161834 0.000000 
-0.318381 0.000000 
-0.010900 -0.000000 
0.575649 0.000000 
0.617771 0.000000 
-0.264973 -0.000000 
-0.321671 0.000000 
0.355479 -0.000000 
0.386349 0.000000 
0.005889 0.000000 
-0.377210 -0.000000 
0.238908 0.000000 
-0.094136 0.000000 
0.935327 -0.000000 
-0.163257 0.000000 
-0.488131 0.000000 
-0.025399 -0.000000 
-0.053569 0.000000 
0.421399 0.000000 
0.508562 0.000000 
-0.050417 0.000000 
-0.694549 -0.000000 
0.407315 0.000000 
0.096679 0.000000 
-0.797784 0.000000 
-0.036396 0.000000 
-0.216550 0.000000 
-0.523917 0.000000 
0.516196 0.000000 
0.623660 -0.000000 
-0.006183 -0.000000 
-0.194288 0.000000 
0.374774 0.000000 
0.454468 0.000000 
-0.268466 -0.000000 
0.194093 -0.000000 
-0.689695 0.000000 
-0.159339 -0.000000 
0.096063 0.000000 
-0.153175 0.000000 
0.556059 0.000000 
0.049871 -0.000000 
-1.205220 0.000000 
0.028817 0.000000 
0.003071 0.000000 
0.593754 0.000000 
0.290103 -0.000000 
-0.238560 0.000000 
0.019177 -0.000000 
-0.211351 0.000000 
-0.404173 -0.000000 
-1.060993 0.000000 
0.140321 0.000000 
-0.792497 0.000000 
-0.304166 0.000000 
-0.259347 0.000000 
0.337875 -0.000000 
1.082879 0.000000 
0.056465 0.000000 
0.306411 0.000000 
0.098043 0.000000 
0.332417 -0.000000 
-0.302014 0.000000 
0.112496 0.000000 
0.021594 0.000000 
0.161154 0.000000 
0.512794 0.000000 
0.249442 0.000000 
0.288907 0.000000 
-0.074573 0.000000 
-0.247399 0.000000 
0.522478 0.000000 
-1.059464 0.000000 
0.802313 0.000000 
-0.178284 -0.000000 
0.539458 0.000000 
0.470503 0.000000 
0.312262 0.000000 
0.436293 -0.000000 
0.214965 0.000000 
0.237121 0.000000 
-0.390467 0.000000 
-0.223635 0.000000 
0.367650 -0.000000 
0.090134 0.000000 
0.505310 0.000000 
-0.350119 -0.000000 
0.559942 0.000000 
-0.696450 -0.000000 
-0.366150 -0.000000 
0.457413 0.000000 
-0.411207 -0.000000 
-0.678320 0.000000 
-0.024335 0.000000 
-0.766785 0.000000 
-0.130886 -0.000000 
0.224762 0.000000 
0.584118 -0.000000 
0.269779 0.000000 
-0.465182 0.000000 
-1.190875 -0.000000 
0.912247 0.000000 
-0.927569 0.000000 
0.372767 0.000000 
-0.548063 0.000000 
0.469963 0.000000 
-0.589697 -0.000000 
0.005279 -0.000000 
-0.423146 0.000000 
-0.634079 0.000000 
-0.256629 -0.000000 
0.228514 -0.000000 
0.322426 0.000000 
0.441509 -0.000000 
0.308283 -0.000000 
0.266803 0.000000 
-0.598407 0.000000 
0.212547 0.000000 
-0.461739 0.000000 
-0.523239 0.000000 
0.046049 0.000000 
0.090236 0.000000 
0.244631 -0.000000 
-0.206886 -0.000000 
-0.696658 0.000000 
-0.197623 -0.000000 
-0.800634 -0.000000 
0.100505 -0.000000 
-0.339238 0.000000 
-0.520840 0.000000 
-0.212010 0.000000 
-0.583640 0.000000 
0.282228 0.000000 
1.052940 -0.000000 
0.349810 -0.000000 
-0.516543 -0.000000 
-0.597913 0.000000 
-0.158253 0.000000 
0.133080 -0.000000 
-0.246674 -0.000000 
-0.198214 0.000000 
0.028219 0.000000 
0.198566 0.000000 
0.218251 -0.000000 
-0.461058 -0.000000 
-0.585953 0.000000 
0.295885 0.000000 
0.241964 0.000000 
0.116588 0.000000 
0.063249 -0.000000 
0.095114 0.000000 
-0.053045 -0.000000 
-0.179668 0.000000 
0.534168 0.000000 
-1.086577 -0.000000 
-0.086670 0.000000 
-0.031976 0.000000 
0.377622 0.000000 
-0.216533 0.000000 
-0.125425 -0.000000 
-0.400625 0.000000 
-0.632312 0.000000 
0.403787 0.000000 
0.548011 0.000000 
0.889596 0.000000 
0.981263 -0.000000 
-0.125141 -0.000000 
-0.266982 -0.000000 
-1.334669 0.000000 
0.061855 -0.000000 
0.050421 -0.000000 
-0.409730 0.000000 
0.075033 0.000000 
0.091251 0.000000 
0.161001 0.000000 
0.997295 0.000000 
-0.577650 0.000000 
0.052734 0.000000 
-0.090603 0.000000 
1.059786 0.000000 
0.103399 -0.000000 
-0.015893 0.000000 
0.798852 0.000000 
0.081829 0.000000 
-0.072737 -0.000000 
-0.218464 0.000000 
-0.350374 -0.000000 
-0.329117 -0.000000 
-0.441060 -0.000000 
0.014879 0.000000 
0.152696 -0.000000 
-0.426466 -0.000000 
-0.466099 0.000000 
-0.136662 0.000000 
0.892085 0.000000 
-0.637358 -0.000000 
-0.921860 -0.000000 
-0.278125 0.000000 
0.560832 -0.000000 
-0.514609 0.000000 
0.793210 0.000000 
-0.937174 -0.000000 
-0.149736 0.000000 
0.607066 0.000000 
-0.764668 -0.000000 
-0.298234 -0.000000 
0.334233 0.000000 
0.020196 0.000000 
-0.448070 -0.000000 
1.318861 -0.000000 
0.303746 -0.000000 
0.400993 0.000000 
0.457017 0.000000 
-0.623379 0.000000 
-1.232516 0.000000 
0.414838 0.000000 
-0.397235 0.000000 
-0.187532 0.000000 
0.274942 0.000000 
-0.372879 0.000000 
0.601907 0.000000 
0.518524 0.000000 
-0.488977 0.000000 
-0.349559 -0.000000 
-0.837868 -0.000000 
-0.730689 -0.000000 
0.084551 0.000000 
0.163131 -0.000000 
0.505054 0.000000 
0.222851 0.000000 
-0.008502 -0.000000 
0.271143 0.000000 
0.208258 -0.000000 
0.109177 0.000000 
0.087711 -0.000000 
0.370647 0.000000 
0.262349 0.000000 
0.342955 0.000000 
0.644991 0.000000 
-0.657255 0.000000 
1.156158 -0.000000 
0.176631 0.000000 
0.078029 0.000000 
-0.657359 0.000000 
-0.088561 -0.000000 
0.008733 -0.000000 
-0.431412 0.000000 
0.222747 0.000000 
-0.929890 0.000000 
0.655529 0.000000 
0.343601 0.000000 
-0.439684 0.000000 
0.691779 -0.000000 
0.463405 0.000000 
-0.646591 0.000000 
0.092664 0.000000 
0.049318 0.000000 
-0.288889 0.000000 
0.075587 0.000000 
-0.365040 0.000000 
0.665232 0.000000 
-0.392524 0.000000 
0.370217 0.000000 
0.335867 -0.000000 
0.046468 0.000000 
0.024011 -0.000000 
0.293319 -0.000000 
-0.598101 0.000000 
0.153697 0.000000 
-0.255949 0.000000 
0.198850 0.000000 
-0.285249 -0.000000 
0.394888 0.000000 
-0.297153 -0.000000 
0.790903 -0.000000 
0.703068 -0.000000 
-0.201957 -0.000000 
0.488330 0.000000 
0.770218 0.000000 
0.551356 0.000000 
0.065187 -0.000000 
0.061683 0.000000 
0.334620 0.000000 
-0.770344 0.000000 
-0.782868 -0.000000 
0.475843 -0.000000 
0.308418 0.000000 
0.552308 -0.000000 
1.027750 0.000000 
0.274764 0.000000 
0.184291 -0.000000 
-0.695978 0.000000 
-0.124351 -0.000000 
0.184765 0.000000 
0.445747 0.000000 
-0.570256 0.000000 
-0.025190 0.000000 
0.049434 0.000000 
0.032284 0.000000 
-0.448760 0.000000 
-0.261888 0.000000 
-0.339218 0.000000 
0.290457 0.000000 
-0.038529 0.000000 
-0.908704 0.000000 
0.340330 0.000000 
-0.054170 0.000000 
0.241539 0.000000 
0.531223 -0.000000 
0.565208 0.000000 
-0.316474 0.000000 
0.803405 0.000000 
0.472781 0.000000 
-0.314597 0.000000 
-0.511180 0.000000 
0.193803 -0.000000 
-0.386767 0.000000 
0.620893 0.000000 
-0.141481 -0.000000 
0.569027 -0.000000 
0.677851 0.000000 
0.025162 0.000000 
-0.074614 -0.000000 
-0.956813 0.000000 
0.067357 0.000000 
-0.120345 0.000000 
0.619348 0.000000 
-0.039181 0.000000 
0.407665 0.000000 
0.038095 0.000000 
0.764877 0.000000 
-0.606593 -0.000000 
0.141802 0.000000 
0.467031 -0.000000 
-0.451548 0.000000 
0.178853 0.000000 
0.158128 0.000000 
-0.345880 -0.000000 
0.646520 0.000000 
-0.675286 0.000000 
-0.101882 0.000000 
1.016099 0.000000 
0.563739 0.000000 
0.903287 0.000000 
-1.005267 0.000000 
0.060901 0.000000 
-0.849937 -0.000000 
-0.159730 -0.000000 
0.295190 -0.000000 
0.585569 0.000000 
-0.506285 0.000000 
0.838677 -0.000000 
0.015707 0.000000 
-0.568997 0.000000 
0.220989 0.000000 
0.289199 -0.000000 
-0.489447 0.000000 
0.682504 0.000000 
-0.334236 0.000000 
-0.056034 0.000000 
-0.605226 -0.000000 
-0.079718 0.000000 
1.060884 -0.000000 
-0.041917 0.000000 
-0.972288 0.000000 
-0.037123 0.000000 
-0.111076 0.000000 
0.352077 0.000000 
-0.744712 -0.000000 
-0.766945 -0.000000 
-0.735978 0.000000 
0.095461 0.000000 
0.236911 -0.000000 
0.173317 0.000000 
0.044763 0.000000 
0.120379 0.000000 
0.234787 0.000000 
0.219445 0.000000 
-0.559596 0.000000 
0.013110 -0.000000 
0.119377 -0.000000 
-0.058274 0.000000 
-0.161631 -0.000000 
0.411139 -0.000000 
0.325192 0.000000 
-0.044075 0.000000 
-0.266892 0.000000 
-0.474985 -0.000000 
0.062366 -0.000000 
0.991396 0.000000 
0.540503 0.000000 
-0.160396 -0.000000 
-0.073859 0.000000 
-0.467255 -0.000000 
-0.105629 -0.000000 
-0.108122 0.000000 
0.035448 0.000000 
0.246265 0.000000 
-0.696005 0.000000 
0.372145 0.000000 
-0.394777 0.000000 
-0.087806 0.000000 
-0.528195 0.000000 
-0.137984 0.000000 
0.366143 -0.000000 
-0.173773 0.000000 
-0.060767 0.000000 
-0.652349 0.000000 
0.386801 -0.000000 
-1.191529 0.000000 
-0.496865 0.000000 
-0.567465 0.000000 
-0.391054 0.000000 
-0.521355 -0.000000 
0.066769 0.000000 
-0.836437 0.000000 
0.002493 -0.000000 
0.344634 0.000000 
0.319959 0.000000 
0.346907 0.000000 
0.965848 0.000000 
0.573770 0.000000 
-0.217856 0.000000 
-0.087562 0.000000 
0.995805 -0.000000 
0.695558 -0.000000 
0.314075 0.000000 
0.353183 -0.000000 
-0.027060 0.000000 
-0.621541 -0.000000 
0.137984 0.000000 
0.160092 -0.000000 
-0.039552 0.000000 
-0.087832 0.000000 
0.278804 0.000000 
0.184555 0.000000 
-0.030997 0.000000 
-0.282376 0.000000 
0.983839 0.000000 
0.256530 0.000000 
0.484629 0.000000 
-0.130485 -0.000000 
0.619597 0.000000 
-0.316244 -0.000000 
-0.010030 0.000000 
-0.248006 -0.000000 
0.530595 -0.000000 
0.166902 -0.000000 
0.706412 0.000000 
0.091654 0.000000 
-0.814012 0.000000 
-0.060307 0.000000 
1.564598 0.000000 
0.190179 -0.000000 
-0.237447 0.000000 
-0.369233 0.000000 
-0.130141 -0.000000 
-1.404201 -0.000000 
0.290116 0.000000 
0.807485 0.000000 
-0.165515 0.000000 
0.513764 -0.000000 
-0.081794 -0.000000 
0.011948 0.000000 
-0.200822 0.000000 
-0.002931 0.000000 
0.578297 -0.000000 
-0.165755 0.000000 
0.411114 -0.000000 
-0.046145 0.000000 
-0.030595 0.000000 
-0.014845 0.000000 
0.382755 0.000000 
0.835707 0.000000 
0.475760 0.000000 
0.062290 -0.000000 
-0.211679 -0.000000 
0.194676 0.000000 
0.719064 -0.000000 
0.175353 -0.000000 
-1.047746 0.000000 
-0.498493 0.000000 
-0.622299 0.000000 
-0.042754 0.000000 
0.363495 -0.000000 
-0.915416 0.000000 
-0.854081 -0.000000 
-0.078292 -0.000000 
-0.218590 -0.000000 
-0.213714 0.000000 
-0.477786 0.000000 
0.116938 -0.000000 
0.353774 0.000000 
-0.343803 0.000000 
-0.494203 0.000000 
0.950169 0.000000 
-0.326541 0.000000 
0.128109 0.000000 
0.086405 -0.000000 
-0.095727 -0.000000 
1.453269 -0.000000 
0.086855 0.000000 
0.316442 0.000000 
0.467637 0.000000 
-0.652673 0.000000 
-0.162989 0.000000 
0.676541 -0.000000 
0.072948 0.000000 
-0.632101 -0.000000 
-0.689829 0.000000 
0.204310 -0.000000 
-0.178255 0.000000 
0.224889 0.000000 
0.762953 0.000000 
0.144431 0.000000 
1.204140 0.000000 
0.108410 -0.000000 
0.518339 0.000000 
0.120013 -0.000000 
-0.228181 0.000000 
-0.585063 0.000000 
0.632691 0.000000 
-0.344862 -0.000000 
-0.497578 0.000000 
1.147744 0.000000 
-0.845235 0.000000 
-0.824996 0.000000 
-0.403486 -0.000000 
-0.254104 -0.000000 
0.089567 0.000000 
0.081907 -0.000000 
-0.089744 0.000000 
-0.501719 0.000000 
0.023929 0.000000 
0.544228 0.000000 
0.099924 -0.000000 
0.470357 0.000000 
-0.045686 -0.000000 
-0.432273 -0.000000 
0.754111 -0.000000 
-0.832427 -0.000000 
-0.796118 -0.000000 
0.639867 0.000000 
0.214081 0.000000 
0.240959 0.000000 
-0.413748 -0.000000 
-0.092687 0.000000 
-0.409546 0.000000 
-0.509493 -0.000000 
0.634663 0.000000 
0.179915 0.000000 
-0.293202 0.000000 
-0.472394 -0.000000 
-0.237885 0.000000 
0.805829 0.000000 
0.200127 0.000000 
-0.483415 -0.000000 
-0.592932 0.000000 
-0.084192 -0.000000 
-0.465585 0.000000 
-0.066860 0.000000 
-0.472480 -0.000000 
0.486015 -0.000000 
0.061293 0.000000 
0.017767 0.000000 
-0.217644 0.000000 
-0.325194 0.000000 
-0.370828 0.000000 
0.734062 0.000000 
-0.327525 0.000000 
-0.235801 0.000000 
-0.815625 0.000000 
0.215921 0.000000 
0.267535 -0.000000 
0.659765 0.000000 
0.871794 -0.000000 
-0.346431 0.000000 
0.598298 -0.000000 
-0.640274 -0.000000 
0.115291 0.000000 
0.160744 -0.000000 
-0.349021 -0.000000 
-0.011183 0.000000 
-0.956534 0.000000 
-0.525852 0.000000 
0.060815 0.000000 
-0.143592 -0.000000 
0.021012 0.000000 
1.211207 -0.000000 
-0.692777 0.000000 
-0.201591 -0.000000 
0.574537 0.000000 
-0.261107 0.000000 
-0.234853 0.000000 
0.520231 0.000000 
-0.878879 -0.000000 
-0.300456 0.000000 
0.651478 -0.000000 
-0.074203 0.000000 
-0.268960 0.000000 
0.693852 0.000000 
-0.346092 0.000000 
0.047152 0.000000 
0.423337 -0.000000 
0.707909 0.000000 
-0.171805 0.000000 
-0.301739 0.000000 
-0.349392 -0.000000 
-0.074030 0.000000 
-0.474992 0.000000 
-0.417490 -0.000000 
-0.029511 0.000000 
0.209148 0.000000 
-0.440306 0.000000 
0.724325 0.000000 
-1.038055 0.000000 
-0.755468 -0.000000 
0.087310 -0.000000 
0.147350 0.000000 
-0.451149 0.000000 
0.285760 0.000000 
0.257045 0.000000 
-0.749151 -0.000000 
-0.411525 -0.000000 
0.842421 0.000000 
0.116796 -0.000000 
-1.357438 0.000000 
0.502781 0.000000 
-0.485079 0.000000 
-0.239208 -0.000000 
0.014205 -0.000000 
-0.240229 0.000000 
0.317756 -0.000000 
-0.385226 -0.000000 
0.584704 0.000000 
-0.216231 0.000000 
0.056923 0.000000 
0.522419 0.000000 
0.306135 0.000000 
1.188065 -0.000000 
0.130314 0.000000 
0.277679 -0.000000 
-0.047560 0.000000 
0.239268 0.000000 
0.508129 -0.000000 
0.794032 0.000000 
-0.793980 0.000000 
0.830177 0.000000 
-0.194985 -0.000000 
-0.444240 0.000000 
-0.407173 0.000000 
0.372800 -0.000000 
-0.083940 -0.000000 
0.284280 -0.000000 
0.110586 0.000000 
0.547119 0.000000 
-0.184258 -0.000000 
-0.290821 0.000000 
-0.000682 0.000000 
0.002981 0.000000 
0.528465 0.000000 
0.354057 0.000000 
-0.000415 0.000000 
0.118651 -0.000000 
0.193420 0.000000 
0.420259 -0.000000 
0.444986 0.000000 
0.001045 -0.000000 
0.361448 0.000000 
-0.538386 0.000000 
-1.164028 0.000000 
1.056295 0.000000 
-0.402922 0.000000 
0.831118 0.000000 
-0.746229 0.000000 
0.067033 -0.000000 
0.023339 0.000000 
0.258787 0.000000 
0.270260 0.000000 
0.815573 0.000000 
-0.931182 0.000000 
0.506831 0.000000 
-0.709602 0.000000 
0.152478 -0.000000 
-0.580594 0.000000 
-0.503367 0.000000 
-0.343297 0.000000 
-0.082120 0.000000 
0.352850 -0.000000 
0.232406 0.000000 
0.541173 -0.000000 
-0.544047 -0.000000 
0.308904 0.000000 
-0.668184 0.000000 
-0.388485 0.000000 
-0.136018 0.000000 
0.535980 0.000000 
0.408160 -0.000000 
0.266053 -0.000000 
0.333396 -0.000000 
-0.388755 -0.000000 
-0.661901 0.000000 
0.177295 0.000000 
0.496924 0.000000 
-0.690262 -0.000000 
0.382645 0.000000 
0.057933 -0.000000 
-0.793671 -0.000000 
0.046387 0.000000 
1.362256 0.000000 
0.515350 0.000000 
0.475115 -0.000000 
-0.688103 -0.000000 
-1.131132 0.000000 
-0.027442 0.000000 
0.460349 0.000000 
-0.181637 0.000000 
0.706858 0.000000 
-0.809502 -0.000000 
0.399176 0.000000 
-0.476652 -0.000000 
-0.583243 0.000000 
0.575432 -0.000000 
0.347689 -0.000000 
0.520441 0.000000 
-0.676192 0.000000 
0.594480 0.000000 
0.249447 0.000000 
0.369772 0.000000 
0.090825 0.000000 
0.639235 0.000000 
0.253173 0.000000 
-0.042325 0.000000 
-0.869293 0.000000 
0.069899 0.000000 
0.184742 0.000000 
0.497723 0.000000 
-0.958554 -0.000000 
-0.329429 0.000000 
-0.070672 0.000000 
-0.616084 0.000000 
-0.572224 -0.000000 
-0.433223 0.000000 
-0.002035 0.000000 
-0.732827 0.000000 
0.437849 0.000000 
-0.892077 -0.000000 
0.730144 0.000000 
0.523931 0.000000 
0.764438 0.000000 
0.784219 0.000000 
-0.521276 -0.000000 
0.843323 0.000000 
0.714332 0.000000 
1.035013 0.000000 
-0.219341 -0.000000 
-0.367193 0.000000 
-0.221887 0.000000 
0.139063 -0.000000 
1.307569 -0.000000 
0.375840 0.000000 
1.115063 -0.000000 
0.351373 0.000000 
0.397483 0.000000 
-0.547670 0.000000 
-0.099115 -0.000000 
0.398755 0.000000 
-0.266883 -0.000000 
-0.302731 0.000000 
0.552104 0.000000 
0.080282 0.000000 
-0.058439 0.000000 
0.026718 0.000000 
-0.164383 0.000000 
0.607115 0.000000 
0.659041 -0.000000 
0.972575 0.000000 
0.292435 0.000000 
0.713921 0.000000 
-0.373192 0.000000 
0.411119 -0.000000 
0.026233 -0.000000 
-0.320983 -0.000000 
1.035573 0.000000 
0.387662 0.000000 
-0.668710 0.000000 
-0.174316 0.000000 
-0.629199 0.000000 
-0.562591 -0.000000 
0.476798 0.000000 
0.346716 0.000000 
0.947582 0.000000 
-0.075067 0.000000 
0.206119 -0.000000 
0.405522 0.000000 
0.413488 0.000000 
-0.354424 0.000000 
-0.933652 -0.000000 
0.689768 0.000000 
-0.269077 0.000000 
-0.681473 0.000000 
1.064667 0.000000 
-0.554115 0.000000 
0.113024 0.000000 
0.088828 0.000000 
0.825842 0.000000 
-0.824983 -0.000000 
-0.166595 -0.000000 
-0.332856 0.000000 
-0.275785 0.000000 
0.793537 0.000000 
0.231046 0.000000 
-0.135096 -0.000000 
-0.106566 0.000000 
0.885770 0.000000 
0.479959 -0.000000 
0.113011 0.000000 
0.127373 -0.000000 
0.489318 0.000000 
1.013409 0.000000 
0.343068 0.000000 
-0.074297 0.000000 
0.229319 0.000000 
1.205526 0.000000 
1.051913 -0.000000 
-0.751494 0.000000 
0.160600 0.000000 
0.570214 0.000000 
-0.511998 0.000000 
-0.086449 0.000000 
-0.178691 0.000000 
0.884475 -0.000000 
0.143916 -0.000000 
0.155059 0.000000 
0.296319 -0.000000 
0.602862 -0.000000 
0.907792 0.000000 
0.113307 0.000000 
0.214985 0.000000 
0.875195 0.000000 
0.011666 0.000000 
0.322631 0.000000 
-0.529567 0.000000 
0.094057 -0.000000 
0.700562 -0.000000 
0.550737 0.000000 
-0.244446 0.000000 
0.287979 -0.000000 
-0.551390 0.000000 
0.728443 0.000000 
-0.155511 0.000000 
-0.168213 -0.000000 
0.723034 -0.000000 
-0.136205 0.000000 
0.057165 0.000000 
0.052706 0.000000 
0.407329 -0.000000 
-0.128196 0.000000 
0.431442 0.000000 
-0.239368 -0.000000 
-0.273913 0.000000 
-0.330495 -0.000000 
0.087589 0.000000 
0.392497 0.000000 
0.231355 -0.000000 
-0.478575 0.000000 
-0.525042 -0.000000 
-0.103898 0.000000 
-0.592030 -0.000000 
0.083546 0.000000 
-0.104365 0.000000 
0.343263 -0.000000 
0.413209 0.000000 
1.144674 -0.000000 
0.753128 -0.000000 
0.327200 -0.000000 
0.561402 -0.000000 
0.377550 -0.000000 
0.681353 0.000000 
0.194954 -0.000000 
-0.106688 0.000000 
-0.475588 0.000000 
0.055703 0.000000 
0.565109 0.000000 
0.690655 0.000000 
-0.497049 -0.000000 
-0.408350 0.000000 
1.550392 0.000000 
0.093654 0.000000 
-0.024630 0.000000 
-0.541911 -0.000000 
-0.244680 -0.000000 
-0.618375 0.000000 
0.952180 0.000000 
-0.014041 0.000000 
-0.184622 0.000000 
0.245187 -0.000000 
0.090499 -0.000000 
0.606738 0.000000 
-0.629724 0.000000 
-0.234674 -0.000000 
1.259835 0.000000 
0.459372 0.000000 
0.028965 -0.000000 
0.704782 0.000000 
-0.023398 0.000000 
0.054918 0.000000 
-0.035219 -0.000000 
0.064371 0.000000 
-0.339376 0.000000 
-0.170399 0.000000 
-1.181544 0.000000 
-0.193344 -0.000000 
0.533453 0.000000 
-0.244206 -0.000000 
-0.272261 0.000000 
-0.741716 0.000000 
0.380354 -0.000000 
-1.142967 0.000000 
0.982016 0.000000 
0.458782 0.000000 
0.192508 0.000000 
0.734073 -0.000000 
0.460114 -0.000000 
-0.076356 0.000000 
0.287659 -0.000000 
0.158732 -0.000000 
1.088861 0.000000 
0.722183 0.000000 
1.391704 -0.000000 
1.144038 0.000000 
-0.550246 0.000000 
0.747603 0.000000 
-0.391418 -0.000000 
-0.246608 -0.000000 
0.356054 0.000000 
-0.178026 0.000000 
0.694140 -0.000000 
0.009534 -0.000000 
-0.503155 -0.000000 
-0.262834 -0.000000 
-0.443485 0.000000 
-0.003240 0.000000 
0.294740 -0.000000 
0.057904 -0.000000 
0.903550 -0.000000 
0.151275 0.000000 
0.172262 0.000000 
-0.286101 -0.000000 
0.240207 -0.000000 
-0.098497 0.000000 
0.057189 -0.000000 
0.193057 0.000000 
-0.840526 0.000000 
-0.467004 0.000000 
0.599257 0.000000 
0.080926 0.000000 
0.437100 0.000000 
0.372459 -0.000000 
-0.093867 0.000000 
-0.144840 0.000000 
-0.332398 0.000000 
-0.975369 -0.000000 
-0.956876 0.000000 
-0.065952 0.000000 
-0.742483 0.000000 
0.627081 -0.000000 
-0.049721 0.000000 
-1.031407 0.000000 
-0.123060 0.000000 
0.187729 0.000000 
0.886110 0.000000 
0.659972 0.000000 
-0.061041 -0.000000 
-0.579340 -0.000000 
0.367531 0.000000 
0.276036 0.000000 
0.305365 0.000000 
-0.748797 0.000000 
0.860407 -0.000000 
-0.183727 0.000000 
-0.584363 -0.000000 
0.540270 0.000000 
-0.638832 0.000000 
-0.104112 -0.000000 
-0.142306 -0.000000 
0.083743 0.000000 
0.069319 0.000000 
0.749752 -0.000000 
-0.018969 -0.000000 
0.008474 0.000000 
0.214632 -0.000000 
0.435515 0.000000 
0.081339 -0.000000 
0.199604 0.000000 
-0.551162 -0.000000 
-0.588314 0.000000 
0.141505 -0.000000 
0.091423 0.000000 
-0.222369 -0.000000 
0.314297 0.000000 
-0.793678 -0.000000 
-1.015184 -0.000000 
-0.882535 0.000000 
0.293437 0.000000 
-0.135696 -0.000000 
-0.108755 0.000000 
0.575453 0.000000 
-0.410614 0.000000 
0.803440 -0.000000 
0.393910 0.000000 
0.620828 0.000000 
-0.821342 -0.000000 
-0.418763 -0.000000 
-0.067725 -0.000000 
0.556856 0.000000 
0.302351 0.000000 
-0.110964 0.000000 
-0.102504 0.000000 
-0.487584 0.000000 
-0.264811 0.000000 
-0.525611 0.000000 
0.566813 -0.000000 
0.597681 0.000000 
0.576694 0.000000 
-0.351890 -0.000000 
0.172480 -0.000000 
0.652512 0.000000 
-0.383304 0.000000 
0.691103 -0.000000 
-0.514157 0.000000 
0.219483 0.000000 
-0.240644 0.000000 
-0.027092 -0.000000 
-0.391095 0.000000 
0.445451 0.000000 
0.232029 0.000000 
0.219866 0.000000 
1.091953 0.000000 
-0.173056 -0.000000 
0.268604 0.000000 
-0.158251 0.000000 
-0.826435 -0.000000 
-0.063165 0.000000 
0.206798 -0.000000 
0.366188 0.000000 
0.046817 0.000000 
0.222377 0.000000 
-0.207758 -0.000000 
-0.142570 0.000000 
1.555820 0.000000 
0.136899 0.000000 
-0.003438 -0.000000 
-0.043072 0.000000 
0.115418 -0.000000 
0.728698 0.000000 
-0.311065 0.000000 
0.258105 0.000000 
0.008869 0.000000 
0.010204 -0.000000 
-0.636103 -0.000000 
0.354082 0.000000 
0.089740 0.000000 
-0.402658 -0.000000 
-0.357305 0.000000 
0.156262 0.000000 
0.343755 -0.000000 
-0.679887 -0.000000 
-0.046424 0.000000 
-0.552389 0.000000 
-0.085080 -0.000000 
-0.174260 0.000000 
-0.075236 0.000000 
0.634886 0.000000 
0.920863 0.000000 
0.266421 -0.000000 
1.256895 0.000000 
1.031629 0.000000 
0.451772 0.000000 
1.069103 -0.000000 
0.157439 0.000000 
0.448865 0.000000 
-0.188078 0.000000 
-0.315820 -0.000000 
0.757690 -0.000000 
0.065573 0.000000 
0.183798 0.000000 
-0.325389 0.000000 
-0.048334 0.000000 
0.639032 -0.000000 
-0.478566 0.000000 
0.816239 0.000000 
0.906962 -0.000000 
-0.229414 0.000000 
-0.515365 0.000000 
-0.396735 -0.000000 
-0.306627 -0.000000 
0.043618 0.000000 
-0.055619 -0.000000 
-0.321330 -0.000000 
0.242883 -0.000000 
0.131615 0.000000 
0.046381 0.000000 
-0.140872 0.000000 
-0.703583 0.000000 
0.716427 0.000000 
-0.720462 0.000000 
0.104772 0.000000 
-0.363718 0.000000 
0.393086 0.000000 
-0.146266 0.000000 
-0.014312 -0.000000 
0.852383 -0.000000 
0.493880 -0.000000 
-0.512210 0.000000 
0.503141 -0.000000 
-0.671731 0.000000 
0.100513 -0.000000 
-0.456285 -0.000000 
-0.715984 0.000000 
-0.062403 0.000000 
-0.033414 0.000000 
-0.178490 0.000000 
0.058351 0.000000 
0.002716 0.000000 
-0.516257 0.000000 
0.554406 0.000000 
-0.053031 0.000000 
-0.685731 0.000000 
0.132612 -0.000000 
0.250104 0.000000 
-0.216149 0.000000 
0.081236 0.000000 
0.605428 0.000000 
-0.053051 0.000000 
0.015049 -0.000000 
0.722751 0.000000 
-0.500438 0.000000 
-0.009629 0.000000 
-0.732965 0.000000 
0.148862 0.000000 
0.443118 0.000000 
-0.909391 0.000000 
0.523559 0.000000 
0.274080 -0.000000 
-0.124821 0.000000 
0.567079 -0.000000 
0.396686 0.000000 
0.192839 0.000000 
0.001753 0.000000 
0.438943 0.000000 
-0.276768 -0.000000 
-0.565960 -0.000000 
0.117370 0.000000 
-0.025425 0.000000 
-0.091697 -0.000000 
0.073507 0.000000 
-0.041612 0.000000 
0.062272 -0.000000 
-1.170749 -0.000000 
-0.721904 -0.000000 
0.023139 0.000000 
-0.475189 -0.000000 
-1.052698 -0.000000 
0.531160 -0.000000 
0.489294 0.000000 
0.049494 0.000000 
0.395665 -0.000000 
-0.802249 -0.000000 
-0.023360 -0.000000 
-0.323662 0.000000 
-0.458932 -0.000000 
-0.344993 0.000000 
-0.044057 0.000000 
-0.017216 0.000000 
-0.191714 0.000000 
-0.653162 0.000000 
0.183451 -0.000000 
-0.807038 0.000000 
0.001817 0.000000 
-0.179543 0.000000 
-0.311458 0.000000 
0.134893 0.000000 
-0.471032 -0.000000 
-0.717463 -0.000000 
-1.023137 0.000000 
-0.554239 0.000000 
-0.441078 0.000000 
0.399005 -0.000000 
-0.406145 0.000000 
-0.076612 0.000000 
-0.870963 0.000000 
0.267924 0.000000 
-0.646488 -0.000000 
0.221138 -0.000000 
0.370072 0.000000 
0.622563 -0.000000 
0.098413 0.000000 
-0.538445 0.000000 
-0.300148 0.000000 
-0.213012 0.000000 
-0.239519 0.000000 
0.379551 0.000000 
0.150247 0.000000 
0.079001 0.000000 
-0.326356 0.000000 
-0.254690 0.000000 
-0.467470 0.000000 
0.197754 -0.000000 
-0.987860 0.000000 
0.081389 -0.000000 
0.025133 0.000000 
0.291749 -0.000000 
0.276355 0.000000 
-0.216418 -0.000000 
0.383244 0.000000 
-0.049542 0.000000 
0.065052 0.000000 
-0.276450 0.000000 
-0.126865 0.000000 
-0.367533 0.000000 
0.325866 -0.000000 
0.262448 -0.000000 
0.335948 -0.000000 
0.672322 0.000000 
-0.695126 0.000000 
0.151405 0.000000 
-0.018537 0.000000 
-0.242614 0.000000 
0.682255 0.000000 
0.518494 -0.000000 
-0.037805 0.000000 
0.053681 -0.000000 
-0.439922 -0.000000 
-0.532564 -0.000000 
-0.403266 0.000000 
-0.201100 0.000000 
0.496274 0.000000 
0.340404 0.000000 
-0.596211 -0.000000 
-0.348152 -0.000000 
-0.406549 0.000000 
0.438519 -0.000000 
0.305409 0.000000 
0.464036 0.000000 
-0.805823 0.000000 
0.547168 0.000000 
1.022705 -0.000000 
0.535609 0.000000 
0.658978 0.000000 
-0.664489 0.000000 
0.201674 0.000000 
-0.815845 -0.000000 
-1.156190 0.000000 
-0.428158 0.000000 
-0.328182 0.000000 
0.577826 -0.000000 
-0.117630 0.000000 
-0.006520 0.000000 
-0.059928 0.000000 
0.955266 0.000000 
-0.313803 -0.000000 
0.168597 0.000000 
0.202407 0.000000 
0.133634 0.000000 
-0.200736 0.000000 
0.167512 0.000000 
-0.087596 0.000000 
0.147336 0.000000 
0.007944 0.000000 
-0.606433 -0.000000 
-0.411447 0.000000 
0.285329 0.000000 
0.246319 0.000000 
0.046947 0.000000 
0.368120 0.000000 
-0.088069 0.000000 
-0.491977 0.000000 
0.177769 0.000000 
-0.049891 0.000000 
-0.869878 -0.000000 
-0.112523 0.000000 
-0.029933 -0.000000 
0.208928 0.000000 
-0.781345 -0.000000 
-0.182052 0.000000 
0.634092 0.000000 
0.315153 -0.000000 
-0.092228 -0.000000 
-0.389233 0.000000 
0.294438 0.000000 
-0.232007 -0.000000 
0.664119 0.000000 
1.193087 -0.000000 
-0.406568 0.000000 
-0.503057 0.000000 
0.294014 0.000000 
-0.280321 0.000000 
0.455738 -0.000000 
0.870006 0.000000 
0.208311 -0.000000 
0.257180 0.000000 
0.086308 -0.000000 
-0.387250 0.000000 
-0.054429 0.000000 
0.711260 0.000000 
0.243239 0.000000 
0.284237 0.000000 
0.493421 0.000000 
0.070644 -0.000000 
-0.648568 0.000000 
-0.168476 -0.000000 
0.088812 -0.000000 
-1.085016 -0.000000 
-0.466780 0.000000 
-0.609394 0.000000 
-0.408470 0.000000 
-0.665452 0.000000 
-0.633008 0.000000 
-0.984851 0.000000 
0.302138 0.000000 
1.428001 -0.000000 
0.282516 0.000000 
-0.689473 0.000000 
0.979548 0.000000 
-0.153559 -0.000000 
0.094096 -0.000000 
0.211765 0.000000 
-0.281690 -0.000000 
0.475589 -0.000000 
-0.211292 0.000000 
0.103962 0.000000 
-0.306102 0.000000 
0.391496 -0.000000 
0.424530 0.000000 
0.602323 0.000000 
-0.392377 0.000000 
-0.846521 -0.000000 
-0.235770 0.000000 
-0.190798 0.000000 
-0.179523 0.000000 
-0.197616 -0.000000 
0.038914 -0.000000 
-0.557938 0.000000 
-0.295449 0.000000 
0.334213 0.000000 
-0.253214 0.000000 
-1.262166 0.000000 
-0.013776 -0.000000 
0.847072 0.000000 
-0.330886 0.000000 
-0.458213 0.000000 
0.118179 0.000000 
-0.558874 -0.000000 
-0.332845 0.000000 
0.074260 0.000000 
-0.029443 -0.000000 
1.008379 0.000000 
-0.071936 0.000000 
-0.245023 -0.000000 
0.761423 0.000000 
0.466091 0.000000 
-0.833989 0.000000 
-0.269005 0.000000 
0.591412 0.000000 
0.717293 0.000000 
-0.565243 0.000000 
-0.443596 -0.000000 
0.134670 0.000000 
-0.107477 0.000000 
-0.024656 0.000000 
-1.312457 0.000000 
-0.796898 0.000000 
0.385245 0.000000 
-0.872995 0.000000 
0.107176 0.000000 
0.432007 0.000000 
1.148601 0.000000 
0.734635 -0.000000 
0.114008 0.000000 
0.269752 0.000000 
0.227699 0.000000 
0.258237 0.000000 
-0.899417 0.000000 
-0.031473 -0.000000 
0.472450 -0.000000 
0.478622 -0.000000 
0.016009 0.000000 
0.020878 0.000000 
-0.071479 0.000000 
0.431690 0.000000 
-0.362495 0.000000 
0.100687 0.000000 
-0.330305 0.000000 
0.143722 0.000000 
0.305588 0.000000 
0.867797 -0.000000 
0.551523 0.000000 
0.227413 0.000000 
0.357546 -0.000000 
0.018109 0.000000 
-0.407594 -0.000000 
-0.599268 0.000000 
0.291182 0.000000 
0.212481 0.000000 
-1.142429 0.000000 
-0.394784 0.000000 
-0.234400 0.000000 
0.228113 -0.000000 
-0.021383 0.000000 
0.732464 -0.000000 
-0.198958 0.000000 
-0.442747 0.000000 
1.323420 0.000000 
0.385900 -0.000000 
0.771546 0.000000 
-1.037121 0.000000 
-0.130271 0.000000 
0.357579 0.000000 
0.842248 0.000000 
-0.187026 0.000000 
-0.456917 0.000000 
0.553950 0.000000 
0.207779 -0.000000 
0.224497 0.000000 
-0.000729 0.000000 
-0.174415 -0.000000 
0.017434 0.000000 
-0.157484 0.000000 
-0.159185 -0.000000 
-0.305557 0.000000 
-1.001857 0.000000 
0.001371 -0.000000 
-0.304639 -0.000000 
-0.721534 0.000000 
0.614549 -0.000000 
-0.880473 0.000000 
0.743358 -0.000000 
-0.514044 0.000000 
-0.016887 -0.000000 
-0.615579 0.000000 
-0.432299 0.000000 
0.117794 -0.000000 
0.445427 -0.000000 
-0.270584 0.000000 
0.648649 0.000000 
-0.086822 0.000000 
-0.432726 -0.000000 
0.080872 -0.000000 
-0.100779 0.000000 
0.186581 -0.000000 
0.171222 0.000000 
-0.359787 0.000000 
0.472629 0.000000 
-0.721674 -0.000000 
-0.839814 -0.000000 
-0.538581 0.000000 
0.286011 0.000000 
-0.176136 0.000000 
-0.241619 0.000000 
0.458610 0.000000 
-0.624912 0.000000 
-0.387103 0.000000 
0.644004 0.000000 
-0.255887 0.000000 
0.820561 0.000000 
0.644232 -0.000000 
-0.374419 0.000000 
0.610841 0.000000 
-0.707114 0.000000 
-0.385811 0.000000 
-0.522797 0.000000 
0.399845 0.000000 
0.944155 0.000000 
-0.100625 0.000000 
-0.608458 0.000000 
0.363179 -0.000000 
-0.174619 0.000000 
-0.544986 -0.000000 
-0.251307 0.000000 
0.266160 -0.000000 
-0.139541 -0.000000 
0.249407 0.000000 
0.460074 0.000000 
0.360565 0.000000 
0.083120 -0.000000 
0.491047 0.000000 
0.414789 -0.000000 
-0.318896 0.000000 
0.514387 0.000000 
0.075730 -0.000000 
-0.042855 0.000000 
-0.160605 0.000000 
0.347066 0.000000 
0.445847 0.000000 
-0.148519 0.000000 
-0.840611 -0.000000 
-1.357741 0.000000 
0.635481 0.000000 
-0.091845 -0.000000 
0.092900 0.000000 
-0.802433 0.000000 
-0.377763 0.000000 
0.333327 0.000000 
0.236316 0.000000 
-0.366048 0.000000 
0.285902 0.000000 
0.028475 -0.000000 
0.230801 -0.000000 
-0.378420 -0.000000 
0.212890 0.000000 
-0.063141 0.000000 
0.215614 -0.000000 
-0.475508 0.000000 
0.767328 -0.000000 
-0.172889 0.000000 
0.449552 0.000000 
-0.372222 0.000000 
-0.834018 0.000000 
-0.418020 0.000000 
0.237588 0.000000 
0.044982 -0.000000 
-0.133134 0.000000 
0.337403 0.000000 
-0.110586 0.000000 
0.208504 0.000000 
-0.132833 0.000000 
0.088741 0.000000 
0.075072 -0.000000 
0.566393 0.000000 
0.087174 -0.000000 
0.250614 0.000000 
-0.993693 -0.000000 
0.246117 0.000000 
-0.475067 0.000000 
0.127089 -0.000000 
-0.259814 0.000000 
-0.196162 -0.000000 
-0.531175 0.000000 
0.855543 -0.000000 
0.110542 -0.000000 
-0.387751 0.000000 
-0.454383 0.000000 
0.552722 0.000000 
-0.893477 0.000000 
0.296134 0.000000 
-0.102099 0.000000 
-0.149401 0.000000 
-0.357815 0.000000 
-0.955785 0.000000 
0.262512 0.000000 
0.334880 0.000000 
0.210210 0.000000 
0.191267 0.000000 
0.210754 -0.000000 
-0.712907 -0.000000 
0.222408 -0.000000 
-0.080793 0.000000 
-0.481915 0.000000 
-0.113307 0.000000 
-0.511604 0.000000 
-0.129520 0.000000 
-0.633953 0.000000 
-0.244076 0.000000 
-0.231306 -0.000000 
-1.184588 0.000000 
-0.156820 0.000000 
0.623201 0.000000 
-0.049710 0.000000 
0.146511 0.000000 
-0.436782 -0.000000 
1.521811 0.000000 
0.645900 0.000000 
-0.706378 0.000000 
0.684504 0.000000 
-0.063697 0.000000 
-0.446346 0.000000 
-0.195981 0.000000 
0.302924 0.000000 
-0.893602 -0.000000 
-0.060274 0.000000 
0.570799 0.000000 
-0.270512 -0.000000 
-0.034899 -0.000000 
-0.114100 0.000000 
-0.472161 0.000000 
-0.048568 0.000000 
0.233078 -0.000000 
0.208426 0.000000 
-0.185398 0.000000 
0.086764 -0.000000 
-0.118354 0.000000 
0.514559 0.000000 
-0.260434 0.000000 
0.166671 0.000000 
-0.662247 -0.000000 
-0.450203 0.000000 
-0.525205 0.000000 
-0.250386 0.000000 
-0.305106 -0.000000 
0.515251 0.000000 
-0.437535 0.000000 
0.606456 0.000000 
-0.112308 0.000000 
-0.062622 -0.000000 
-0.041922 0.000000 
-0.598252 0.000000 
0.714312 -0.000000 
0.576607 0.000000 
0.251933 0.000000 
0.819938 0.000000 
-0.385737 0.000000 
0.292723 0.000000 
0.395827 -0.000000 
-0.424668 -0.000000 
0.081179 -0.000000 
-0.021172 -0.000000 
-0.160708 0.000000 
0.452242 0.000000 
0.412849 0.000000 
1.216108 0.000000 
0.077246 -0.000000 
0.275417 0.000000 
-0.479925 0.000000 
0.473033 -0.000000 
0.195069 0.000000 
-0.207293 0.000000 
0.556881 0.000000 
-0.626386 0.000000 
0.784808 -0.000000 
-0.505494 -0.000000 
0.650245 -0.000000 
-0.091461 0.000000 
0.579810 0.000000 
-0.138533 0.000000 
0.425922 -0.000000 
-0.155376 0.000000 
0.214849 -0.000000 
0.223336 0.000000 
0.667429 -0.000000 
0.058624 -0.000000 
-0.781660 0.000000 
-0.576874 -0.000000 
-0.069948 0.000000 
0.528829 -0.000000 
0.452602 -0.000000 
-0.065429 0.000000 
-0.069028 -0.000000 
1.191057 -0.000000 
0.606053 0.000000 
0.003950 0.000000 
0.010370 -0.000000 
-0.376171 -0.000000 
-0.010136 -0.000000 
0.660429 0.000000 
0.062669 0.000000 
-0.921861 0.000000 
0.541662 0.000000 
-0.802809 -0.000000 
-0.399717 0.000000 
0.475180 0.000000 
0.970465 0.000000 
-0.228718 -0.000000 
0.400609 0.000000 
0.480415 0.000000 
0.414567 0.000000 
-0.421790 0.000000 
0.114891 -0.000000 
-0.108367 -0.000000 
-1.098423 -0.000000 
0.725051 0.000000 
0.106922 -0.000000 
0.059319 -0.000000 
0.371984 0.000000 
0.836426 0.000000 
0.699048 0.000000 
-0.084126 0.000000 
0.341302 -0.000000 
0.474107 -0.000000 
-0.112577 -0.000000 
0.084452 -0.000000 
-0.637487 -0.000000 
0.751962 0.000000 
-0.582837 0.000000 
0.315085 -0.000000 
-0.298323 0.000000 
0.357747 -0.000000 
-0.092322 0.000000 
-0.430234 -0.000000 
0.446182 -0.000000 
-0.023389 -0.000000 
0.016809 -0.000000 
0.637572 0.000000 
-0.105243 -0.000000 
1.268071 -0.000000 
-0.772758 0.000000 
-0.454097 0.000000 
0.156215 0.000000 
-0.428754 0.000000 
-0.167901 0.000000 
0.243053 -0.000000 
0.024599 0.000000 
0.530919 -0.000000 
0.499823 0.000000 
-1.035948 0.000000 
0.473845 0.000000 
0.510281 0.000000 
-0.696444 0.000000 
-0.865891 -0.000000 
0.845785 0.000000 
0.210671 -0.000000 
0.153195 0.000000 
0.460608 -0.000000 
-0.936793 0.000000 
-0.374295 -0.000000 
0.254569 0.000000 
-0.301855 0.000000 
0.214732 0.000000 
0.156150 0.000000 
-1.336294 0.000000 
0.924500 0.000000 
-0.459991 0.000000 
-0.145294 -0.000000 
-0.506724 0.000000 
0.202259 0.000000 
0.102980 -0.000000 
0.445946 -0.000000 
0.062323 0.000000 
0.082403 0.000000 
0.336829 0.000000 
0.160024 0.000000 
0.677797 0.000000 
0.834509 -0.000000 
0.400141 -0.000000 
0.224860 0.000000 
-0.002420 -0.000000 
0.624890 0.000000 
0.024761 0.000000 
-0.027379 0.000000 
0.645131 0.000000 
0.209376 0.000000 
0.379672 0.000000 
-0.572533 -0.000000 
0.295770 0.000000 
1.184626 0.000000 
0.182762 0.000000 
0.283306 0.000000 
0.478682 0.000000 
-0.428441 0.000000 
-0.149539 0.000000 
-0.034389 -0.000000 
-0.036290 0.000000 
-0.016415 0.000000 
0.614889 0.000000 
-0.125277 0.000000 
-0.447504 0.000000 
0.548417 0.000000 
-0.306859 0.000000 
-0.266414 -0.000000 
-0.445252 -0.000000 
-0.012665 0.000000 
-0.118509 0.000000 
-0.370250 0.000000 
-1.193840 -0.000000 
0.705223 -0.000000 
-0.089952 0.000000 
-0.217419 -0.000000 
-0.880800 0.000000 
0.190331 -0.000000 
0.031740 0.000000 
-0.292144 0.000000 
0.050784 0.000000 
-0.287346 -0.000000 
0.247035 0.000000 
0.632022 0.000000 
0.264611 -0.000000 
0.216146 0.000000 
-0.353626 0.000000 
-0.079250 -0.000000 
0.798664 -0.000000 
-0.488132 0.000000 
0.244616 0.000000 
-0.312204 0.000000 
-0.160054 0.000000 
-0.095319 0.000000 
0.021463 0.000000 
-0.140933 0.000000 
0.315817 0.000000 
0.025723 -0.000000 
0.064343 0.000000 
-0.451450 0.000000 
-0.928796 0.000000 
-0.316611 -0.000000 
0.226130 -0.000000 
-0.679184 -0.000000 
0.604906 -0.000000 
-0.133627 0.000000 
-0.023152 0.000000 
0.120804 0.000000 
-0.047314 0.000000 
0.122517 0.000000 
-0.462552 -0.000000 
0.305427 -0.000000 
0.047237 0.000000 
0.921319 -0.000000 
-0.764928 -0.000000 
-0.122095 0.000000 
-0.479406 0.000000 
0.469512 0.000000 
1.000687 -0.000000 
-0.405968 0.000000 
0.021940 0.000000 
0.147248 0.000000 
-0.378471 0.000000 
-0.577356 -0.000000 
0.586921 0.000000 
0.402590 0.000000 
0.479451 0.000000 
-0.279193 0.000000 
0.337326 0.000000 
-0.143808 -0.000000 
-0.980495 0.000000 
0.743406 -0.000000 
-0.563401 0.000000 
0.068383 0.000000 
-0.242160 0.000000 
0.353338 0.000000 
-0.550337 -0.000000 
-0.398298 -0.000000 
0.258675 0.000000 
0.262254 0.000000 
-0.503116 0.000000 
-0.997006 -0.000000 
-0.148999 0.000000 
0.308113 0.000000 
0.135125 0.000000 
-0.833297 0.000000 
-1.257849 0.000000 
0.137699 0.000000 
0.171022 0.000000 
0.045599 0.000000 
0.823792 -0.000000 
-0.250487 0.000000 
0.133316 -0.000000 
-0.376410 0.000000 
-0.028444 0.000000 
0.137529 0.000000 
-0.196259 0.000000 
-0.267175 0.000000 
-0.075611 0.000000 
-0.085095 0.000000 
-0.678089 0.000000 
-0.743659 0.000000 
0.524295 0.000000 
-0.818620 -0.000000 
0.084796 0.000000 
-0.415818 0.000000 
0.133266 0.000000 
-0.083167 -0.000000 
-0.385219 -0.000000 
0.280139 0.000000 
0.460075 0.000000 
-0.309347 0.000000 
-0.093769 0.000000 
0.174539 -0.000000 
-0.639588 0.000000 
-0.127263 0.000000 
0.515703 0.000000 
-0.220715 0.000000 
0.501098 -0.000000 
0.610593 0.000000 
0.177411 -0.000000 
-0.547231 0.000000 
0.133956 0.000000 
0.522960 0.000000 
-0.718535 0.000000 
-0.030097 0.000000 
-0.273024 0.000000 
1.075498 0.000000 
-0.112781 0.000000 
-0.931860 0.000000 
1.068398 0.000000 
-0.889884 -0.000000 
-0.639580 0.000000 
-0.196078 0.000000 
0.061703 0.000000 
0.743733 0.000000 
0.515229 -0.000000 
-0.206415 0.000000 
0.198224 -0.000000 
-0.832808 0.000000 
0.393048 -0.000000 
-0.646960 0.000000 
1.145977 0.000000 
0.412734 0.000000 
-0.184593 0.000000 
-0.568022 0.000000 
-0.286826 -0.000000 
-0.045185 0.000000 
-0.027368 0.000000 
0.229937 0.000000 
-0.992266 0.000000 
-0.105280 0.000000 
-0.111711 0.000000 
0.038366 -0.000000 
0.262992 0.000000 
-0.372576 0.000000 
-0.142124 -0.000000 
-0.841770 -0.000000 
-0.852788 -0.000000 
0.002832 0.000000 
0.012234 0.000000 
-0.976857 -0.000000 
0.204846 0.000000 
-0.681268 -0.000000 
0.012001 -0.000000 
-0.006197 -0.000000 
1.245351 -0.000000 
0.273141 0.000000 
-0.758072 0.000000 
-0.736598 0.000000 
0.328912 -0.000000 
0.875726 0.000000 
-0.356887 -0.000000 
0.280365 0.000000 
-0.306378 -0.000000 
-0.830381 -0.000000 
0.322577 0.000000 
-0.098197 0.000000 
0.091958 0.000000 
0.849475 0.000000 
0.492593 0.000000 
1.004810 0.000000 
0.667498 -0.000000 
0.301678 -0.000000 
-0.840661 0.000000 
0.317136 0.000000 
0.374619 0.000000 
0.144160 -0.000000 
0.936680 0.000000 
-0.559236 0.000000 
0.206011 -0.000000 
0.141762 0.000000 
-0.470031 0.000000 
0.635123 0.000000 
0.441037 0.000000 
0.268895 -0.000000 
0.326651 0.000000 
-0.955939 0.000000 
-0.395207 -0.000000 
-0.485632 -0.000000 
0.176029 0.000000 
0.149659 0.000000 
0.695633 0.000000 
-0.637633 0.000000 
0.674158 0.000000 
0.091101 0.000000 
-0.109159 0.000000 
-0.299331 0.000000 
-0.070268 0.000000 
-0.351435 0.000000 
0.389801 -0.000000 
0.249591 -0.000000 
0.249987 -0.000000 
-0.182849 -0.000000 
0.313395 0.000000 
0.189282 0.000000 
0.054956 0.000000 
-0.575444 0.000000 
-0.127346 0.000000 
-0.621559 0.000000 
1.075717 0.000000 
0.637826 -0.000000 
-0.761918 -0.000000 
0.522597 0.000000 
0.915214 -0.000000 
0.029856 0.000000 
-0.536767 0.000000 
0.480225 0.000000 
-0.497504 0.000000 
-0.204873 0.000000 
0.750288 -0.000000 
0.354725 0.000000 
0.519966 0.000000 
0.338056 0.000000 
0.441450 -0.000000 
-0.666920 -0.000000 
0.434594 -0.000000 
-0.026732 0.000000 
-0.288788 -0.000000 
-0.130469 0.000000 
0.687549 -0.000000 
0.634694 0.000000 
-0.706067 0.000000 
-0.259772 0.000000 
0.626039 0.000000 
0.170222 0.000000 
0.693398 0.000000 
-0.929278 0.000000 
0.026797 0.000000 
0.194056 0.000000 
-0.028539 0.000000 
-0.201144 -0.000000 
0.672899 0.000000 
-0.831650 -0.000000 
-0.883388 0.000000 
0.253102 0.000000 
0.487306 0.000000 
-0.088054 -0.000000 
0.347495 0.000000 
0.477756 0.000000 
-0.647925 0.000000 
0.635391 -0.000000 
0.388975 -0.000000 
0.242702 -0.000000 
-0.002776 0.000000 
0.014089 -0.000000 
-0.246784 0.000000 
0.772642 0.000000 
0.701364 -0.000000 
0.018739 0.000000 
-0.689200 0.000000 
0.457106 0.000000 
0.433355 0.000000 
0.423054 0.000000 
-0.143351 0.000000 
-0.009562 -0.000000 
0.037134 0.000000 
1.241818 0.000000 
1.155853 0.000000 
-0.103133 0.000000 
-0.236667 -0.000000 
-0.928904 0.000000 
0.430106 0.000000 
0.256325 0.000000 
-1.196036 -0.000000 
0.423019 -0.000000 
-0.355554 -0.000000 
0.016363 -0.000000 
0.142299 0.000000 
0.545922 0.000000 
0.063330 0.000000 
-0.401259 0.000000 
0.635540 -0.000000 
0.122785 0.000000 
-0.864409 -0.000000 
0.492182 0.000000 
-0.674985 0.000000 
-0.499570 -0.000000 
-0.235874 0.000000 
-0.168269 0.000000 
-0.019718 0.000000 
0.840952 0.000000 
0.283041 0.000000 
-0.648251 0.000000 
-0.091535 -0.000000 
0.070819 0.000000 
-0.825157 -0.000000 
0.227642 0.000000 
-0.741408 0.000000 
-0.212568 0.000000 
-0.445535 -0.000000 
0.093249 -0.000000 
0.623964 0.000000 
-0.296994 -0.000000 
0.369179 0.000000 
-0.723914 0.000000 
-0.409195 0.000000 
0.374399 0.000000 
0.323922 0.000000 
-0.296436 0.000000 
0.495680 0.000000 
-0.414191 0.000000 
-0.131183 0.000000 
-0.149315 0.000000 
0.301475 0.000000 
0.383382 0.000000 
-0.106471 0.000000 
0.603376 0.000000 
-0.367820 -0.000000 
0.415298 0.000000 
0.779226 -0.000000 
-0.199934 0.000000 
0.539324 -0.000000 
-0.338543 -0.000000 
0.429091 0.000000 
-0.713343 0.000000 
-0.154321 -0.000000 
-0.102029 0.000000 
-0.550567 0.000000 
0.720264 0.000000 
0.100262 -0.000000 
0.406926 -0.000000 
-0.150117 0.000000 
-0.131794 0.000000 
0.441205 0.000000 
-1.051147 0.000000 
-0.712129 0.000000 
-0.091833 -0.000000 
-0.083485 0.000000 
-0.236709 0.000000 
0.244925 0.000000 
-0.014208 0.000000 
-0.425786 -0.000000 
-0.797805 0.000000 
0.100620 0.000000 
0.998510 -0.000000 
-0.059821 0.000000 
0.402359 0.000000 
-0.489355 0.000000 
0.045901 0.000000 
-0.863944 0.000000 
0.254695 0.000000 
1.126169 0.000000 
0.095876 0.000000 
0.137632 -0.000000 
0.486216 0.000000 
0.356196 0.000000 
0.164134 0.000000 
0.191099 0.000000 
-0.124888 0.000000 
-0.124762 0.000000 
-0.892537 0.000000 
-0.618086 0.000000 
0.188616 -0.000000 
-0.068412 0.000000 
-0.779524 0.000000 
-0.074857 0.000000 
-0.664336 0.000000 
-0.697974 0.000000 
-0.337320 0.000000 
0.295849 0.000000 
-0.168416 -0.000000 
0.141936 -0.000000 
-0.447066 -0.000000 
-0.536091 0.000000 
-0.190306 0.000000 
-0.555058 0.000000 
-0.655604 0.000000 
0.698548 0.000000 
-0.174509 -0.000000 
-0.579344 0.000000 
-0.540614 0.000000 
-0.068304 -0.000000 
0.362305 0.000000 
-0.273473 0.000000 
-0.225163 0.000000 
0.169435 -0.000000 
0.152465 0.000000 
0.333752 0.000000 
0.264297 -0.000000 
0.156814 0.000000 
-0.360350 0.000000 
0.116697 -0.000000 
0.886175 0.000000 
-0.462674 -0.000000 
-0.367523 -0.000000 
0.393939 0.000000 
0.609608 0.000000 
-0.701236 -0.000000 
-0.841910 0.000000 
-0.050007 0.000000 
-0.353767 0.000000 
-0.009278 -0.000000 
0.112395 0.000000 
-0.179575 -0.000000 
0.711386 0.000000 
0.435410 -0.000000 
0.645455 0.000000 
0.219659 0.000000 
-0.179083 -0.000000 
0.802170 0.000000 
-0.397708 0.000000 
0.311326 -0.000000 
0.587092 0.000000 
-0.715970 0.000000 
0.256229 0.000000 
1.245199 0.000000 
-0.243070 -0.000000 
0.329262 -0.000000 
-0.181400 0.000000 
0.112653 0.000000 
0.151448 -0.000000 
0.344427 -0.000000 
-0.010225 0.000000 
-0.293130 0.000000 
0.374378 0.000000 
-0.150746 -0.000000 
-0.169541 0.000000 
-0.816807 0.000000 
0.459580 -0.000000 
0.477302 0.000000 
-0.598739 0.000000 
0.735653 0.000000 
0.183827 -0.000000 
-0.207604 0.000000 
0.342967 0.000000 
-0.464013 0.000000 
0.311131 -0.000000 
-0.145446 -0.000000 
0.093226 0.000000 
-0.386316 0.000000 
-0.513053 0.000000 
0.675515 0.000000 
0.008496 0.000000 
-1.047704 0.000000 
-0.566817 0.000000 
-0.883127 0.000000 
-0.001597 0.000000 
-0.016387 0.000000 
0.105108 0.000000 
-0.269262 -0.000000 
0.321815 0.000000 
0.265981 0.000000 
-0.193328 0.000000 
-0.021767 0.000000 
-0.766740 0.000000 
-0.288259 0.000000 
0.536026 0.000000 
0.050013 -0.000000 
-0.267094 0.000000 
0.069201 0.000000 
0.129673 0.000000 
0.447680 0.000000 
0.228875 -0.000000 
0.400830 0.000000 
0.943744 0.000000 
-0.772371 0.000000 
0.096858 0.000000 
-0.213582 0.000000 
-0.482637 0.000000 
-0.730924 -0.000000 
-0.328954 0.000000 
0.217830 -0.000000 
0.390752 0.000000 
-0.510298 -0.000000 
0.282209 0.000000 
1.109416 0.000000 
-0.229175 -0.000000 
0.397600 0.000000 
0.722028 -0.000000 
-0.764894 0.000000 
1.098743 -0.000000 
-0.024527 0.000000 
-0.311809 -0.000000 
-0.219682 0.000000 
0.500984 0.000000 
-0.215052 0.000000 
0.723790 0.000000 
-0.209311 0.000000 
-0.255757 0.000000 
0.563835 0.000000 
0.938257 0.000000 
-0.151306 0.000000 
0.443536 0.000000 
-0.705318 0.000000 
0.267747 0.000000 
0.690588 -0.000000 
0.414482 0.000000 
0.101104 -0.000000 
-0.251776 -0.000000 
-0.028453 0.000000 
0.184750 0.000000 
-0.103511 0.000000 
-0.259569 0.000000 
0.671888 0.000000 
-1.100087 -0.000000 
0.130776 0.000000 
0.662907 -0.000000 
0.564868 -0.000000 
-0.204098 -0.000000 
0.298351 0.000000 
-0.973376 0.000000 
-0.484172 -0.000000 
-0.599428 0.000000 
0.038270 0.000000 
0.764967 0.000000 
0.350975 0.000000 
0.066249 0.000000 
-0.134162 -0.000000 
-0.288737 -0.000000 
0.247292 -0.000000 
-0.207165 0.000000 
0.658481 0.000000 
-0.266057 0.000000 
-0.468522 0.000000 
-0.022642 0.000000 
0.133347 -0.000000 
-0.634309 -0.000000 
0.363601 0.000000 
-0.134057 0.000000 
-0.051224 0.000000 
0.327699 0.000000 
-0.582861 0.000000 
0.070863 0.000000 
-0.279341 0.000000 
0.059915 0.000000 
-0.721788 0.000000 
-0.148701 0.000000 
0.406875 0.000000 
-0.219430 0.000000 
-0.268943 0.000000 
-0.912510 0.000000 
-0.427522 0.000000 
0.134793 0.000000 
0.251936 0.000000 
1.547403 -0.000000 
-0.483564 -0.000000 
-0.005911 0.000000 
-0.222367 0.000000 
0.089486 -0.000000 
-0.275633 -0.000000 
-0.195920 -0.000000 
-0.106611 0.000000 
-0.324365 -0.000000 
0.300172 -0.000000 
0.187440 0.000000 
0.574440 -0.000000 
-0.304474 -0.000000 
0.071890 0.000000 
0.077412 0.000000 
0.486009 0.000000 
0.089370 -0.000000 
-0.136107 -0.000000 
-0.327148 0.000000 
-0.635200 -0.000000 
0.140769 0.000000 
-0.007905 0.000000 
0.181422 -0.000000 
-0.256273 -0.000000 
-0.360086 0.000000 
0.469781 0.000000 
-0.228311 0.000000 
0.276512 0.000000 
0.216010 0.000000 
0.529183 0.000000 
0.327698 0.000000 
-0.861120 -0.000000 
0.022345 -0.000000 
-0.326699 0.000000 
0.145427 -0.000000 
0.368358 -0.000000 
-0.528055 0.000000 
0.105199 -0.000000 
0.671368 0.000000 
0.159493 0.000000 
-1.245964 0.000000 
-0.338849 -0.000000 
-0.751896 -0.000000 
-0.675153 -0.000000 
-0.355341 0.000000 
0.297053 -0.000000 
-0.279296 0.000000 
-0.117317 -0.000000 
0.018363 0.000000 
-0.134677 0.000000 
-1.242671 0.000000 
-0.473185 -0.000000 
-0.218242 -0.000000 
0.390158 0.000000 
0.040045 0.000000 
0.185890 0.000000 
0.353737 0.000000 
-0.212886 0.000000 
0.706866 0.000000 
0.417698 0.000000 
0.538088 -0.000000 
-0.298677 0.000000 
-0.460294 0.000000 
-0.111558 -0.000000 
-0.231563 0.000000 
-0.293987 -0.000000 
-1.099133 0.000000 
0.136283 -0.000000 
-0.158193 0.000000 
-0.359037 0.000000 
0.072426 0.000000 
0.321201 0.000000 
0.491584 -0.000000 
-0.304407 -0.000000 
-0.163993 0.000000 
-0.809230 0.000000 
0.216638 0.000000 
0.556137 0.000000 
-0.275912 -0.000000 
-0.298967 -0.000000 
0.828593 -0.000000 
-0.056564 0.000000 
-0.276901 0.000000 
0.142366 0.000000 
0.589165 0.000000 
-0.592299 -0.000000 
0.371146 0.000000 
0.246169 0.000000 
-0.542860 0.000000 
0.200910 0.000000 
-0.002120 0.000000 
0.340253 -0.000000 
0.140035 0.000000 
0.138773 0.000000 
0.459703 0.000000 
0.138172 -0.000000 
0.270473 -0.000000 
-0.122103 0.000000 
0.164607 0.000000 
0.101318 0.000000 
-0.256575 0.000000 
-0.732795 0.000000 
0.104256 0.000000 
0.528869 0.000000 
-0.307211 -0.000000 
-0.060184 -0.000000 
-0.414838 0.000000 
0.864642 0.000000 
-0.348008 -0.000000 
0.097573 0.000000 
-0.283001 -0.000000 
0.180683 0.000000 
0.121914 0.000000 
0.337179 -0.000000 
0.304172 -0.000000 
0.042168 0.000000 
0.117108 -0.000000 
-0.019186 0.000000 
0.982224 0.000000 
0.031468 0.000000 
0.792210 0.000000 
-0.964202 -0.000000 
0.226212 0.000000 
0.498541 0.000000 
1.216813 -0.000000 
-0.477134 -0.000000 
-0.025214 -0.000000 
-0.051171 0.000000 
0.908236 0.000000 
0.983776 -0.000000 
0.261893 0.000000 
0.248683 0.000000 
-0.145354 0.000000 
-0.428773 0.000000 
0.737782 0.000000 
-0.755072 0.000000 
0.244080 0.000000 
0.050926 0.000000 
0.033124 0.000000 
0.403321 0.000000 
1.140907 0.000000 
-0.450112 -0.000000 
0.194982 0.000000 
-0.317251 0.000000 
0.049751 0.000000 
-0.507688 0.000000 
0.542473 0.000000 
0.064941 0.000000 
0.181839 0.000000 
-0.059591 0.000000 
-0.690485 -0.000000 
0.113403 -0.000000 
0.162010 -0.000000 
-0.897308 0.000000 
-0.066439 0.000000 
-0.298956 0.000000 
0.050604 0.000000 
0.201776 -0.000000 
-0.370106 0.000000 
0.282762 0.000000 
-0.520279 0.000000 
-0.117739 0.000000 
-0.531581 -0.000000 
-0.301410 0.000000 
-0.437065 0.000000 
-0.124682 -0.000000 
0.011142 -0.000000 
0.103582 -0.000000 
-1.022153 0.000000 
0.525040 0.000000 
0.446635 -0.000000 
0.095307 0.000000 
-0.596617 -0.000000 
-0.662097 -0.000000 
-0.544520 -0.000000 
0.198160 -0.000000 
0.045853 -0.000000 
-0.081895 -0.000000 
-0.335901 0.000000 
0.332398 0.000000 
-0.180418 -0.000000 
0.329014 0.000000 
-0.132417 0.000000 
0.206001 -0.000000 
-0.578303 0.000000 
0.678932 0.000000 
0.328892 0.000000 
0.341953 0.000000 
-0.417677 0.000000 
-0.012499 -0.000000 
-0.136300 -0.000000 
0.337578 -0.000000 
0.079132 -0.000000 
-0.418324 0.000000 
0.231670 -0.000000 
0.844378 0.000000 
0.280346 -0.000000 
-0.433930 0.000000 
0.569391 0.000000 
1.394140 -0.000000 
0.164204 -0.000000 
-0.853240 0.000000 
-0.436142 0.000000 
-0.468061 -0.000000 
0.139572 -0.000000 
0.631452 -0.000000 
0.077847 0.000000 
-0.249882 -0.000000 
-0.223580 -0.000000 
-0.663351 0.000000 
0.213358 0.000000 
-0.029520 0.000000 
-0.083407 0.000000 
-0.283173 0.000000 
-0.241346 0.000000 
0.082759 -0.000000 
-0.127724 -0.000000 
0.202863 0.000000 
0.614418 0.000000 
0.436340 0.000000 
-0.416466 0.000000 
0.161291 0.000000 
-0.242418 0.000000 
-0.677476 0.000000 
0.454828 0.000000 
-0.783123 0.000000 
0.222723 0.000000 
0.217247 -0.000000 
0.127009 -0.000000 
0.302674 0.000000 
-0.237496 0.000000 
0.285197 0.000000 
-0.463892 0.000000 
-0.315968 -0.000000 
-0.481039 0.000000 
0.176354 0.000000 
-0.441984 0.000000 
0.322969 0.000000 
0.149012 0.000000 
-0.162079 -0.000000 
0.006343 0.000000 
-0.018091 0.000000 
0.351465 0.000000 
-0.305467 -0.000000 
-0.374127 0.000000 
-0.416862 -0.000000 
-0.081879 0.000000 
-0.497550 0.000000 
-0.548096 0.000000 
-0.179384 0.000000 
-0.703410 0.000000 
0.287936 -0.000000 
0.759526 0.000000 
-0.212677 -0.000000 
-0.177178 0.000000 
-0.048552 0.000000 
-0.004988 0.000000 
-0.226724 -0.000000 
0.510662 -0.000000 
-0.453715 -0.000000 
-0.121939 -0.000000 
-0.167503 0.000000 
0.228676 0.000000 
0.317068 -0.000000 
0.082452 0.000000 
0.223385 -0.000000 
-0.551902 -0.000000 
0.569952 -0.000000 
-0.115283 0.000000 
-0.457793 0.000000 
-0.264598 0.000000 
-0.171665 0.000000 
-0.132903 0.000000 
0.414387 0.000000 
0.495074 -0.000000 
-0.686154 -0.000000 
0.114175 -0.000000 
-0.400122 0.000000 
-0.148940 0.000000 
-0.556716 -0.000000 
0.144909 0.000000 
0.143802 0.000000 
0.305037 0.000000 
0.362703 0.000000 
0.106714 -0.000000 
0.304811 -0.000000 
0.336446 0.000000 
-0.456329 0.000000 
-0.675059 0.000000 
-0.386540 0.000000 
0.021342 0.000000 
-0.059065 0.000000 
0.182040 0.000000 
0.197535 -0.000000 
0.381720 0.000000 
0.107829 0.000000 
-0.043097 0.000000 
-0.339971 -0.000000 
0.537674 0.000000 
1.170721 0.000000 
0.724375 0.000000 
-0.182828 0.000000 
-0.317486 0.000000 
0.621649 0.000000 
1.204579 -0.000000 
-0.609728 0.000000 
-0.434023 -0.000000 
-0.017287 0.000000 
0.668485 0.000000 
-0.139657 0.000000 
-0.257545 0.000000 
-0.047414 0.000000 
-0.172172 0.000000 
-0.321943 -0.000000 
-0.269989 -0.000000 
-0.054666 -0.000000 
0.105795 0.000000 
-0.448612 0.000000 
0.016527 -0.000000 
-0.728174 -0.000000 
0.478351 0.000000 
0.216264 0.000000 
0.156500 -0.000000 
-0.541514 0.000000 
-0.127497 0.000000 
-0.207608 0.000000 
-0.132132 -0.000000 
0.023760 0.000000 
0.289932 0.000000 
-0.217627 0.000000 
-0.065269 0.000000 
0.455195 0.000000 
1.207463 0.000000 
-0.364425 0.000000 
0.193724 -0.000000 
-0.483541 -0.000000 
0.135205 0.000000 
0.437057 0.000000 
-0.398372 0.000000 
-0.171891 0.000000 
0.469377 -0.000000 
0.078188 0.000000 
-0.802501 -0.000000 
0.370320 0.000000 
-1.000422 0.000000 
-0.268794 -0.000000 
-0.071744 0.000000 
-0.540853 -0.000000 
0.558467 0.000000 
0.620635 0.000000 
-0.496091 0.000000 
0.469384 0.000000 
0.272801 0.000000 
-0.329368 0.000000 
0.429039 0.000000 
-0.289232 0.000000 
-0.378095 0.000000 
0.544505 0.000000 
-0.326411 0.000000 
0.132823 -0.000000 
0.322029 0.000000 
0.624485 0.000000 
-0.978600 -0.000000 
0.271061 0.000000 
-0.460312 0.000000 
-0.701330 0.000000 
0.018963 0.000000 
0.142933 0.000000 
-1.576256 -0.000000 
-0.224710 -0.000000 
0.147069 0.000000 
0.359466 -0.000000 
0.089137 -0.000000 
-0.682348 0.000000 
-0.328552 0.000000 
0.252804 0.000000 
0.470991 0.000000 
0.500600 0.000000 
0.416161 0.000000 
0.528842 -0.000000 
-0.083285 0.000000 
0.098731 0.000000 
0.661748 -0.000000 
-0.355056 0.000000 
-0.095558 0.000000 
0.516331 0.000000 
-0.030166 0.000000 
0.225821 0.000000 
-0.132323 0.000000 
0.623253 -0.000000 
0.224006 0.000000 
-0.516959 -0.000000 
0.240095 0.000000 
-0.493993 -0.000000 
0.084593 0.000000 
-0.218107 0.000000 
0.259070 0.000000 
-1.116014 0.000000 
0.320827 0.000000 
-0.570560 -0.000000 
-0.126541 0.000000 
0.305530 0.000000 
0.301293 -0.000000 
-0.474012 0.000000 
-1.104332 0.000000 
-0.415688 0.000000 
0.726931 0.000000 
0.783902 0.000000 
-0.212411 0.000000 
0.689799 0.000000 
0.042460 0.000000 
-0.537939 0.000000 
0.111314 -0.000000 
-0.006389 0.000000 
-0.311889 0.000000 
-0.481438 0.000000 
0.180983 0.000000 
-0.651665 0.000000 
-0.388129 0.000000 
-0.027868 0.000000 
0.095328 -0.000000 
0.636930 0.000000 
0.422240 0.000000 
-1.068313 -0.000000 
0.533383 0.000000 
0.371783 -0.000000 
-0.513015 0.000000 
0.519367 0.000000 
-0.234242 0.000000 
-0.426947 0.000000 
-0.179252 0.000000 
0.127299 0.000000 
0.633636 -0.000000 
0.907503 -0.000000 
-0.550803 0.000000 
-0.113548 0.000000 
0.586271 -0.000000 
0.631565 0.000000 
0.273647 0.000000 
0.012264 0.000000 
-0.221910 0.000000 
0.016053 -0.000000 
0.701832 0.000000 
0.142561 0.000000 
0.522145 -0.000000 
0.173856 0.000000 
-0.735677 -0.000000 
-0.389401 -0.000000 
-0.365484 -0.000000 
-1.131182 0.000000 
0.292467 -0.000000 
-0.178188 0.000000 
0.223470 0.000000 
-1.078628 0.000000 
0.037563 0.000000 
-0.585458 0.000000 
-0.009627 -0.000000 
0.359053 0.000000 
-0.762868 -0.000000 
-0.369231 0.000000 
0.975559 0.000000 
-0.084165 0.000000 
-0.483517 0.000000 
0.431948 0.000000 
-0.142848 -0.000000 
-0.689924 0.000000 
-0.541804 0.000000 
-0.753102 0.000000 
-0.166207 0.000000 
0.180047 0.000000 
-0.415094 0.000000 
0.224707 0.000000 
-1.497274 -0.000000 
0.048823 0.000000 
0.042414 -0.000000 
0.339040 0.000000 
0.399704 0.000000 
-0.451405 -0.000000 
-0.210608 0.000000 
0.518222 -0.000000 
0.270383 0.000000 
0.095151 0.000000 
-0.080029 -0.000000 
0.657542 0.000000 
-0.095289 0.000000 
0.126942 0.000000 
0.114926 0.000000 
0.577974 0.000000 
-0.530758 0.000000 
-0.446433 0.000000 
-0.579191 -0.000000 
0.954979 -0.000000 
-0.169355 0.000000 
0.699902 0.000000 
0.575142 0.000000 
0.638147 0.000000 
-0.263790 0.000000 
0.360448 -0.000000 
0.250973 0.000000 
-0.463239 0.000000 
0.369402 0.000000 
0.075251 0.000000 
-0.317835 0.000000 
-0.148604 -0.000000 
-0.361325 0.000000 
0.222686 0.000000 
0.075561 0.000000 
1.431003 0.000000 
0.109297 0.000000 
0.229823 0.000000 
-0.095529 -0.000000 
-0.194116 0.000000 
-0.386591 -0.000000 
-0.806987 0.000000 
0.546347 0.000000 
0.013346 -0.000000 
-0.394178 0.000000 
0.124368 0.000000 
0.300305 0.000000 
-0.022290 0.000000 
0.138982 0.000000 
-0.634828 -0.000000 
-0.037043 0.000000 
0.101057 -0.000000 
-0.144919 0.000000 
-0.193581 0.000000 
-0.252612 -0.000000 
0.534335 0.000000 
0.554708 -0.000000 
0.091878 0.000000 
0.064498 -0.000000 
-0.087330 0.000000 
1.263759 -0.000000 
-0.376832 -0.000000 
0.666641 0.000000 
-0.377843 0.000000 
0.151866 -0.000000 
-0.008960 -0.000000 
0.398228 0.000000 
0.203427 -0.000000 
-0.187402 -0.000000 
0.051189 0.000000 
0.139449 -0.000000 
-0.304540 0.000000 
-0.073491 0.000000 
-0.192809 0.000000 
-1.192232 0.000000 
0.369001 0.000000 
0.253570 0.000000 
-0.049827 0.000000 
0.502385 0.000000 
-0.363141 -0.000000 
-0.006326 -0.000000 
-0.687805 0.000000 
0.302208 0.000000 
-0.207242 0.000000 
0.706329 0.000000 
0.425077 -0.000000 
-0.429970 -0.000000 
0.318668 0.000000 
0.617567 -0.000000 
-0.342131 0.000000 
-0.215619 0.000000 
-0.032839 0.000000 
0.982950 -0.000000 
-0.041944 -0.000000 
0.297323 0.000000 
-0.039105 -0.000000 
0.442281 -0.000000 
-0.938655 0.000000 
0.263468 -0.000000 
1.906226 -0.000000 
-0.001415 0.000000 
-0.211187 0.000000 
0.239891 0.000000 
-0.509306 0.000000 
0.029771 -0.000000 
-0.022618 0.000000 
-0.539792 -0.000000 
0.407810 0.000000 
0.292285 0.000000 
0.793367 -0.000000 
-0.587702 0.000000 
0.252670 -0.000000 
-0.503224 0.000000 
-0.710824 0.000000 
0.264301 0.000000 
0.293720 0.000000 
-0.122381 0.000000 
0.602914 0.000000 
-0.835553 -0.000000 
0.678654 -0.000000 
-0.056448 0.000000 
0.237432 -0.000000 
-0.076624 0.000000 
0.338144 0.000000 
0.279990 0.000000 
-0.465492 0.000000 
-0.054176 0.000000 
0.081409 -0.000000 
-0.535929 0.000000 
0.434354 -0.000000 
0.207004 -0.000000 
1.116481 -0.000000 
-0.516412 0.000000 
-0.201758 -0.000000 
0.384381 0.000000 
0.572193 0.000000 
-0.131850 0.000000 
-0.012861 0.000000 
-0.066743 -0.000000 
0.251117 -0.000000 
-0.712142 -0.000000 
-0.967931 0.000000 
-0.335573 -0.000000 
0.007885 -0.000000 
-0.147537 0.000000 
0.323351 -0.000000 
-1.033301 0.000000 
-0.012629 0.000000 
-0.269607 0.000000 
-0.985015 -0.000000 
0.300989 0.000000 
0.377164 -0.000000 
0.203044 0.000000 
-0.250258 0.000000 
0.122521 0.000000 
0.711306 0.000000 
-0.709988 0.000000 
-0.032112 0.000000 
0.268830 0.000000 
0.192502 0.000000 
-0.121417 0.000000 
-0.082609 0.000000 
-0.171980 0.000000 
0.382243 -0.000000 
-0.624781 0.000000 
0.387301 -0.000000 
0.119243 -0.000000 
-0.152593 0.000000 
0.333236 0.000000 
0.298152 0.000000 
-0.765479 0.000000 
0.118316 0.000000 
0.174699 -0.000000 
0.097988 0.000000 
-0.606556 -0.000000 
0.468840 -0.000000 
0.426791 0.000000 
-0.137730 0.000000 
0.747067 0.000000 
0.787353 0.000000 
-0.210080 0.000000 
0.346612 -0.000000 
0.774879 0.000000 
0.597709 0.000000 
-0.411841 0.000000 
-1.028074 0.000000 
0.896642 -0.000000 
0.225379 -0.000000 
-0.689130 0.000000 
0.440538 0.000000 
0.363803 0.000000 
0.064506 0.000000 
-0.755050 0.000000 
-0.629287 0.000000 
-0.225731 -0.000000 
0.215812 0.000000 
0.171907 0.000000 
0.838370 -0.000000 
-0.102564 0.000000 
0.692283 -0.000000 
-0.564109 0.000000 
0.418037 0.000000 
0.111316 -0.000000 
-0.044700 0.000000 
-0.665991 -0.000000 
-0.081039 0.000000 
-0.450971 0.000000 
0.985182 0.000000 
0.096712 0.000000 
0.473837 0.000000 
0.197252 0.000000 
-0.477987 0.000000 
-0.184745 -0.000000 
-0.601172 0.000000 
1.012403 -0.000000 
-0.447403 0.000000 
0.198216 -0.000000 
0.651383 0.000000 
0.135809 0.000000 
-0.369539 0.000000 
-0.095419 0.000000 
-0.355180 0.000000 
-0.193128 0.000000 
-0.394091 -0.000000 
-0.147505 0.000000 
-0.842356 -0.000000 
-0.243419 0.000000 
0.721061 0.000000 
-0.706516 -0.000000 
0.585954 0.000000 
0.061303 -0.000000 
-0.032719 0.000000 
-0.024316 0.000000 
-0.272561 0.000000 
-0.122363 0.000000 
-0.298140 0.000000 
-0.139854 0.000000 
0.007323 0.000000 
0.050662 0.000000 
0.455564 0.000000 
-0.562422 0.000000 
-0.646813 0.000000 
0.470261 0.000000 
-0.675758 0.000000 
0.461051 0.000000 
-0.309113 0.000000 
-0.335746 0.000000 
0.037088 -0.000000 
0.023915 -0.000000 
0.797480 0.000000 
-0.110041 0.000000 
0.352706 -0.000000 
0.138687 0.000000 
0.026238 0.000000 
-0.591789 0.000000 
-0.142520 0.000000 
-0.496780 0.000000 
0.819422 0.000000 
-0.306756 -0.000000 
0.251515 -0.000000 
-0.231552 -0.000000 
0.110384 -0.000000 
0.273750 0.000000 
-0.034865 -0.000000 
-0.031131 0.000000 
0.003839 0.000000 
0.075538 0.000000 
-0.042815 -0.000000 
0.417054 0.000000 
-0.100496 0.000000 
0.373804 0.000000 
-0.346546 0.000000 
-0.225401 0.000000 
-0.128775 0.000000 
0.046562 0.000000 
0.296108 -0.000000 
0.043305 0.000000 
-0.220363 -0.000000 
-0.031860 0.000000 
-0.469069 0.000000 
-0.694078 0.000000 
0.189993 0.000000 
-0.187107 0.000000 
0.047017 -0.000000 
-0.575582 0.000000 
-0.400052 0.000000 
-0.261275 0.000000 
0.364175 0.000000 
0.478530 0.000000 
-0.394971 0.000000 
-0.185148 0.000000 
-0.743171 0.000000 
0.007714 0.000000 
0.799701 0.000000 
0.082029 -0.000000 
0.630915 -0.000000 
-0.335228 -0.000000 
-0.881003 0.000000 
0.299080 0.000000 
0.173739 0.000000 
0.541890 -0.000000 
-0.455584 0.000000 
0.782462 0.000000 
1.531193 -0.000000 
0.166274 -0.000000 
-0.368891 -0.000000 
0.702878 -0.000000 
-0.366875 0.000000 
-1.353963 0.000000 
-0.586064 -0.000000 
-0.620829 0.000000 
-0.708735 0.000000 
-1.074755 0.000000 
0.517326 0.000000 
-0.315968 -0.000000 
0.254356 0.000000 
0.570005 -0.000000 
0.943112 0.000000 
0.240633 0.000000 
0.163235 0.000000 
0.956386 0.000000 
-0.827538 0.000000 
0.584662 0.000000 
0.153877 0.000000 
-0.381664 0.000000 
-0.165522 -0.000000 
-0.057215 -0.000000 
-0.679648 -0.000000 
-1.159730 0.000000 
0.449658 -0.000000 
0.432599 0.000000 
-0.169789 0.000000 
-0.758154 0.000000 
0.212558 0.000000 
0.526488 0.000000 
0.960813 -0.000000 
0.427604 0.000000 
0.546441 -0.000000 
0.317949 0.000000 
-0.067002 -0.000000 
0.059503 0.000000 
0.777058 -0.000000 
0.121071 0.000000 
0.862632 0.000000 
-0.759455 0.000000 
-0.088347 0.000000 
-0.105251 -0.000000 
1.226345 -0.000000 
-0.171350 -0.000000 
0.023095 0.000000 
-0.354650 0.000000 
0.783604 0.000000 
-0.814014 -0.000000 
0.026974 0.000000 
-1.151059 0.000000 
0.279303 0.000000 
0.042408 0.000000 
-0.036682 0.000000 
-0.187612 0.000000 
-0.257124 0.000000 
-0.192368 0.000000 
-0.379733 -0.000000 
-0.873937 0.000000 
-0.178302 0.000000 
-0.446632 -0.000000 
-0.315001 -0.000000 
0.094327 0.000000 
0.123378 0.000000 
0.494837 -0.000000 
0.344398 -0.000000 
0.536265 -0.000000 
-0.752679 0.000000 
-0.624714 -0.000000 
0.169987 -0.000000 
0.055198 0.000000 
-0.230992 0.000000 
0.141985 0.000000 
0.116453 0.000000 
0.070080 0.000000 
0.226612 0.000000 
0.239554 0.000000 
-0.902040 0.000000 
-0.556431 0.000000 
-0.835489 0.000000 
-0.415108 0.000000 
0.358921 0.000000 
-0.144918 0.000000 
0.089457 0.000000 
-0.041573 0.000000 
0.831008 0.000000 
-0.070419 -0.000000 
0.459109 -0.000000 
-0.878962 0.000000 
0.147224 -0.000000 
0.320269 0.000000 
-0.503493 -0.000000 
0.209526 -0.000000 
-0.203178 -0.000000 
1.182305 -0.000000 
-0.619286 0.000000 
0.081509 0.000000 
0.431600 0.000000 
0.730658 -0.000000 
-0.001625 0.000000 
-0.189945 0.000000 
0.398341 -0.000000 
-0.088007 -0.000000 
-0.527092 0.000000 
0.107091 0.000000 
-0.657200 -0.000000 
-0.031789 0.000000 
0.049799 -0.000000 
0.312656 0.000000 
1.141928 0.000000 
0.047722 0.000000 
0.756802 -0.000000 
-1.409462 -0.000000 
0.573635 0.000000 
0.443322 0.000000 
-0.533964 0.000000 
0.212217 -0.000000 
-0.230879 0.000000 
-0.728069 0.000000 
0.789799 0.000000 
0.545420 0.000000 
-0.224501 0.000000 
0.328519 0.000000 
0.341638 0.000000 
0.043315 0.000000 
0.850785 0.000000 
0.725551 0.000000 
1.202267 0.000000 
0.283291 0.000000 
-0.542746 0.000000 
-0.179809 0.000000 
0.001844 -0.000000 
-0.002983 0.000000 
0.287816 0.000000 
-0.087544 0.000000 
0.066497 0.000000 
-0.465350 -0.000000 
0.523656 0.000000 
-0.043424 0.000000 
0.546579 -0.000000 
-0.341000 -0.000000 
0.424642 0.000000 
0.170460 0.000000 
0.532578 0.000000 
-0.401433 -0.000000 
0.261705 -0.000000 
0.838893 0.000000 
0.497308 0.000000 
-0.008471 0.000000 
0.074164 0.000000 
-0.513568 0.000000 
0.412275 0.000000 
1.206888 0.000000 
0.346083 0.000000 
-0.430910 0.000000 
0.086582 -0.000000 
0.160044 0.000000 
0.770858 0.000000 
0.100513 0.000000 
-0.323414 -0.000000 
-0.326804 0.000000 
-0.814212 -0.000000 
-0.619588 0.000000 
0.222473 0.000000 
-0.123006 -0.000000 
-0.376979 -0.000000 
0.831440 0.000000 
-0.461780 -0.000000 
0.230091 0.000000 
0.382757 0.000000 
-0.419732 0.000000 
-0.247297 0.000000 
0.464061 0.000000 
-0.004712 -0.000000 
-0.187830 0.000000 
-0.212475 0.000000 
-0.764393 0.000000 
1.163998 0.000000 
0.178409 0.000000 
-0.578365 0.000000 
0.182132 0.000000 
0.169856 -0.000000 
-0.894608 0.000000 
0.216102 -0.000000 
-0.581671 0.000000 
0.248400 -0.000000 
-0.240953 -0.000000 
-0.238624 0.000000 
-0.829894 -0.000000 
-0.396176 -0.000000 
0.585290 -0.000000 
0.096100 0.000000 
0.013374 0.000000 
0.380388 0.000000 
0.565537 0.000000 
0.360738 0.000000 
-0.540986 -0.000000 
-0.406648 0.000000 
0.182975 0.000000 
-0.125971 0.000000 
-0.472516 0.000000 
-0.477568 0.000000 
-1.103350 0.000000 
1.115916 0.000000 
0.433233 0.000000 
-0.521182 -0.000000 
-0.249738 -0.000000 
-0.617369 0.000000 
0.030513 0.000000 
-0.611477 0.000000 
-0.211706 -0.000000 
-0.331946 0.000000 
0.325374 -0.000000 
0.629033 0.000000 
-0.377225 0.000000 
-0.167071 0.000000 
0.896821 0.000000 
0.361840 0.000000 
-0.140553 0.000000 
0.345530 0.000000 
0.671629 -0.000000 
-0.191638 -0.000000 
-0.525068 0.000000 
0.685699 0.000000 
0.389682 -0.000000 
1.018313 -0.000000 
0.479182 -0.000000 
0.296589 0.000000 
0.377125 0.000000 
1.322546 -0.000000 
-0.151241 0.000000 
0.253956 0.000000 
-0.619830 -0.000000 
0.163263 -0.000000 
0.344493 0.000000 
0.401486 0.000000 
0.577545 -0.000000 
0.046188 0.000000 
-0.494587 0.000000 
0.526913 -0.000000 
0.205266 0.000000 
0.245916 -0.000000 
0.936300 -0.000000 
0.101345 0.000000 
0.442231 -0.000000 
-0.040519 0.000000 
0.484664 0.000000 
0.490526 -0.000000 
-0.084926 0.000000 
-0.289312 0.000000 
-0.540699 0.000000 
-0.619928 0.000000 
0.372261 -0.000000 
-0.101471 -0.000000 
-0.238722 -0.000000 
0.401832 -0.000000 
-0.081027 -0.000000 
-0.506327 0.000000 
-0.243962 0.000000 
0.739708 0.000000 
-0.262165 0.000000 
0.644934 -0.000000 
0.126344 0.000000 
0.616926 0.000000 
0.554648 0.000000 
0.357617 -0.000000 
0.963859 0.000000 
-0.484881 0.000000 
0.081660 0.000000 
-0.941449 0.000000 
0.158961 -0.000000 
-0.389201 0.000000 
-0.244448 0.000000 
-0.001429 0.000000 
-0.291842 0.000000 
-0.691305 0.000000 
0.098635 0.000000 
-0.251265 0.000000 
-1.383024 -0.000000 
0.560890 0.000000 
-0.447811 -0.000000 
0.172278 0.000000 
0.440902 0.000000 
-0.004492 0.000000 
-0.149013 -0.000000 
-0.726590 0.000000 
0.037853 0.000000 
0.015735 0.000000 
0.140043 -0.000000 
0.209396 0.000000 
0.302610 0.000000 
-0.056856 -0.000000 
0.607471 0.000000 
0.217514 0.000000 
-0.620720 0.000000 
0.203696 0.000000 
0.294898 0.000000 
0.645795 0.000000 
0.187972 0.000000 
-0.812732 0.000000 
-0.686194 0.000000 
0.547695 0.000000 
-0.123230 0.000000 
0.544400 0.000000 
0.205431 0.000000 
-0.112397 -0.000000 
-0.512487 0.000000 
0.016068 0.000000 
0.330947 0.000000 
0.091927 -0.000000 
0.151749 0.000000 
0.134058 -0.000000 
1.096238 -0.000000 
-0.784531 0.000000 
0.275866 -0.000000 
0.251411 0.000000 
0.162422 0.000000 
0.499974 0.000000 
0.251171 0.000000 
0.464424 0.000000 
-0.041357 0.000000 
0.843646 0.000000 
1.118816 0.000000 
0.118186 0.000000 
-0.115306 0.000000 
0.093423 -0.000000 
0.104810 0.000000 
-0.258478 0.000000 
-0.467696 0.000000 
-0.034048 -0.000000 
-0.265637 -0.000000 
0.163410 0.000000 
0.199306 0.000000 
-0.040546 0.000000 
-0.092997 -0.000000 
-0.684261 0.000000 
0.703974 0.000000 
-0.309044 0.000000 
0.211123 0.000000 
-0.271276 0.000000 
0.263791 0.000000 
-1.311941 0.000000 
0.573264 0.000000 
0.758260 0.000000 
0.160161 -0.000000 
-0.612912 -0.000000 
0.398477 0.000000 
0.322400 0.000000 
0.595151 0.000000 
0.659204 0.000000 
0.273436 0.000000 
0.220929 0.000000 
-0.569875 0.000000 
-0.173871 -0.000000 
0.076076 0.000000 
-0.376082 0.000000 
0.206065 0.000000 
-0.228104 -0.000000 
0.492463 -0.000000 
0.034123 0.000000 
0.045125 0.000000 
-0.459372 0.000000 
0.167378 0.000000 
-0.149719 0.000000 
0.355397 0.000000 
-0.265821 -0.000000 
-0.314109 0.000000 
-1.300725 -0.000000 
0.318140 -0.000000 
-0.023954 -0.000000 
0.506314 0.000000 
-0.018757 0.000000 
0.283996 0.000000 
0.177930 0.000000 
-0.262843 0.000000 
0.167453 0.000000 
-0.943484 0.000000 
0.606732 0.000000 
0.853341 -0.000000 
-0.692533 -0.000000 
-0.515295 0.000000 
-0.748722 0.000000 
0.311605 0.000000 
-0.426209 0.000000 
0.091310 -0.000000 
0.507065 -0.000000 
-0.032588 0.000000 
-0.642209 -0.000000 
-0.600756 0.000000 
-0.395280 0.000000 
-0.004617 0.000000 
-0.366559 -0.000000 
-0.018375 -0.000000 
-0.107428 0.000000 
-0.149870 0.000000 
0.181838 0.000000 
0.918377 0.000000 
-0.180939 0.000000 
0.221285 0.000000 
0.153786 0.000000 
-0.401176 0.000000 
0.671631 0.000000 
0.184922 -0.000000 
0.509797 0.000000 
0.168509 -0.000000 
-0.287013 0.000000 
0.436215 0.000000 
0.352627 0.000000 
0.110350 0.000000 
-0.053511 -0.000000 
-0.041068 0.000000 
0.472363 0.000000 
-0.030632 -0.000000 
1.086998 0.000000 
0.119755 0.000000 
0.185768 0.000000 
0.031342 0.000000 
0.579072 0.000000 
-0.005673 0.000000 
-0.530044 -0.000000 
1.002794 0.000000 
0.383693 0.000000 
0.699260 0.000000 
0.453333 0.000000 
-0.291295 0.000000 
0.307234 0.000000 
-0.067291 0.000000 
-0.587999 0.000000 
-0.604248 0.000000 
0.003872 -0.000000 
-1.022275 0.000000 
-0.049007 0.000000 
0.195650 -0.000000 
0.132662 0.000000 
-0.716888 0.000000 
0.180009 0.000000 
-0.619524 0.000000 
0.202760 0.000000 
-0.370250 -0.000000 
0.076044 -0.000000 
0.344424 0.000000 
0.443398 -0.000000 
0.319911 0.000000 
0.230615 0.000000 
0.841853 0.000000 
-0.569211 -0.000000 
0.384851 0.000000 
-0.272839 0.000000 
-0.605999 0.000000 
0.564269 0.000000 
-0.780698 -0.000000 
-0.388752 0.000000 
-0.256881 0.000000 
-0.850573 0.000000 
-0.182257 0.000000 
-0.344353 0.000000 
-0.555130 0.000000 
0.227192 -0.000000 
-0.885594 0.000000 
0.397578 0.000000 
-0.004550 0.000000 
-0.349142 0.000000 
0.046280 0.000000 
-0.752702 -0.000000 
0.050195 -0.000000 
0.966943 0.000000 
-0.470233 0.000000 
0.198684 0.000000 
-0.285739 0.000000 
0.076379 0.000000 
-0.838206 0.000000 
-0.276523 -0.000000 
-0.769302 0.000000 
0.640405 -0.000000 
0.579047 0.000000 
0.239545 -0.000000 
0.275201 0.000000 
0.565795 -0.000000 
0.456524 0.000000 
0.466415 -0.000000 
-0.050543 0.000000 
-0.407032 0.000000 
-0.727796 -0.000000 
0.546306 0.000000 
-0.309968 0.000000 
0.286655 -0.000000 
-0.081641 -0.000000 
-0.125003 -0.000000 
-0.758349 -0.000000 
0.407246 0.000000 
-0.270538 0.000000 
0.027531 0.000000 
-0.535927 0.000000 
0.261903 -0.000000 
0.165107 0.000000 
0.032746 0.000000 
0.517762 -0.000000 
1.173509 -0.000000 
-0.203669 0.000000 
0.134735 -0.000000 
0.383372 -0.000000 
-0.274902 0.000000 
0.351407 -0.000000 
0.300800 0.000000 
0.426421 0.000000 
-0.304621 -0.000000 
0.151608 -0.000000 
-0.355276 0.000000 
-0.075635 0.000000 
0.155740 0.000000 
-0.285704 -0.000000 
-0.568058 -0.000000 
0.408434 0.000000 
-0.445807 0.000000 
0.097973 -0.000000 
-0.508611 0.000000 
0.298902 -0.000000 
-1.556285 0.000000 
0.517211 0.000000 
-0.555946 0.000000 
0.205226 -0.000000 
0.116222 0.000000 
-0.032367 -0.000000 
-0.244638 0.000000 
0.242812 0.000000 
0.250020 0.000000 
0.591508 0.000000 
-0.602474 0.000000 
-0.886320 0.000000 
-0.581087 -0.000000 
0.154272 0.000000 
0.655004 -0.000000 
0.043144 -0.000000 
0.255942 -0.000000 
-0.641562 -0.000000 
0.002267 0.000000 
-0.747355 -0.000000 
0.823857 -0.000000 
-0.214858 0.000000 
0.458750 -0.000000 
0.531558 -0.000000 
0.411404 -0.000000 
-0.781154 0.000000 
-0.116930 0.000000 
-0.048109 0.000000 
0.893154 -0.000000 
0.123303 0.000000 
0.171392 0.000000 
-0.436804 0.000000 
0.221567 0.000000 
-0.238930 0.000000 
-0.234507 0.000000 
0.683432 0.000000 
1.062138 0.000000 
0.494464 0.000000 
0.213476 0.000000 
-0.028089 0.000000 
0.058119 -0.000000 
0.265675 0.000000 
-1.502369 -0.000000 
0.019556 0.000000 
0.433868 0.000000 
-0.936222 -0.000000 
0.427084 0.000000 
-0.411292 -0.000000 
-0.068975 0.000000 
0.184696 0.000000 
-0.404257 0.000000 
0.357144 -0.000000 
-0.428370 0.000000 
0.254222 -0.000000 
0.437285 0.000000 
-0.197131 0.000000 
0.052293 0.000000 
-0.458608 -0.000000 
0.164923 0.000000 
-0.193402 -0.000000 
0.560285 0.000000 
-0.149117 0.000000 
0.258008 -0.000000 
0.651857 -0.000000 
0.021990 0.000000 
-0.008970 0.000000 
0.305401 -0.000000 
0.253986 0.000000 
-0.111053 0.000000 
-0.245313 0.000000 
0.294543 0.000000 
0.173146 -0.000000 
-0.539165 0.000000 
-0.473316 -0.000000 
0.152371 0.000000 
0.082990 0.000000 
0.105066 0.000000 
0.292322 0.000000 
-0.301009 -0.000000 
0.157591 -0.000000 
-0.220046 0.000000 
0.020945 0.000000 
0.338199 -0.000000 
0.240706 -0.000000 
-0.503357 -0.000000 
0.121957 -0.000000 
0.021683 0.000000 
-0.176380 0.000000 
-0.043524 0.000000 
-0.005658 0.000000 
0.076648 0.000000 
-0.227588 -0.000000 
0.508372 -0.000000 
-0.932897 0.000000 
-0.357517 0.000000 
-0.247331 -0.000000 
0.041666 0.000000 
-0.072773 0.000000 
-0.219822 0.000000 
-0.149755 0.000000 
-0.735795 0.000000 
0.442353 -0.000000 
0.415162 -0.000000 
-0.278104 -0.000000 
0.311569 0.000000 
0.076269 -0.000000 
0.385406 -0.000000 
0.623130 0.000000 
-0.436682 -0.000000 
0.688201 0.000000 
-0.761588 -0.000000 
-1.151863 0.000000 
-0.610383 0.000000 
0.315852 0.000000 
0.337451 -0.000000 
