-2.048356 2.048356 
0.000000 0.500000 0.025362 
0.000000 0.000000 0.000000 

0.359825 0.000000 
-0.357738 0.000000 
-0.230552 0.000000 
-1.006426 0.000000 
-0.162699 -0.000000 
0.106060 0.000000 
0.474666 0.000000 
-0.467087 0.000000 
-0.104700 0.000000 
0.953994 -0.000000 
0.128152 -0.000000 
0.483551 0.000000 
0.358124 0.000000 
-0.174975 0.000000 
0.935333 0.000000 
-0.559498 0.000000 
-0.223505 0.000000 
0.310807 -0.000000 
-1.130400 -0.000000 
0.267437 0.000000 
0.160348 0.000000 
0.280511 -0.000000 
-0.119519 -0.000000 
-0.330564 0.000000 
0.456653 0.000000 
-0.535037 -0.000000 
-0.015343 -0.000000 
0.007683 -0.000000 
-1.000798 -0.000000 
-0.503998 0.000000 
0.247414 0.000000 
0.967761 -0.000000 
0.598653 -0.000000 
0.196031 0.000000 
-0.329337 0.000000 
0.285621 0.000000 
-0.223543 0.000000 
-0.157288 0.000000 
-0.250320 0.000000 
0.181471 0.000000 
0.227067 0.000000 
0.056794 0.000000 
0.945923 0.000000 
-0.533348 -0.000000 
0.000100 0.000000 
0.921971 -0.000000 
0.534089 0.000000 
-0.185080 0.000000 
-0.636795 0.000000 
-0.425091 -0.000000 
0.093967 -0.000000 
-0.170023 0.000000 
-0.198040 -0.000000 
-0.392409 0.000000 
-0.640392 -0.000000 
-0.559679 0.000000 
-0.679473 -0.000000 
0.068428 0.000000 
-0.413575 0.000000 
-0.741996 0.000000 
0.029526 0.000000 
-1.496450 0.000000 
-0.623129 0.000000 
-0.226539 -0.000000 
0.346285 -0.000000 
-0.256398 -0.000000 
0.321501 -0.000000 
0.786836 0.000000 
0.280265 0.000000 
0.364796 0.000000 
-1.082330 0.000000 
0.047671 -0.000000 
0.209453 0.000000 
0.153870 -0.000000 
-0.086099 -0.000000 
0.625830 -0.000000 
-1.183196 -0.000000 
0.098110 0.000000 
0.326324 -0.000000 
0.126746 0.000000 
1.494987 0.000000 
-1.038820 -0.000000 
0.150237 -0.000000 
-0.156757 -0.000000 
0.416195 0.000000 
0.211458 0.000000 
0.410231 0.000000 
0.061853 -0.000000 
-1.225410 0.000000 
0.096529 0.000000 
-0.458375 -0.000000 
-0.610171 0.000000 
0.748060 0.000000 
0.366077 -0.000000 
-0.092136 -0.000000 
-0.050665 0.000000 
1.034829 0.000000 
0.216687 -0.000000 
0.188223 -0.000000 
0.053353 0.000000 
0.033919 -0.000000 
0.097230 -0.000000 
0.500480 0.000000 
0.900191 0.000000 
-0.609384 0.000000 
0.810105 0.000000 
0.671717 0.000000 
0.090912 0.000000 
0.208268 0.000000 
0.143151 -0.000000 
-1.022700 0.000000 
0.130970 -0.000000 
0.429984 0.000000 
1.259029 0.000000 
-0.644015 0.000000 
0.350319 0.000000 
0.304237 0.000000 
-0.798577 0.000000 
1.039672 -0.000000 
0.482589 0.000000 
-0.097148 0.000000 
-0.170216 0.000000 
0.773213 0.000000 
-0.303037 0.000000 
0.116940 0.000000 
-0.272825 -0.000000 
0.379107 -0.000000 
-0.005955 0.000000 
-0.062445 0.000000 
0.265616 -0.000000 
-0.484765 -0.000000 
-0.479454 0.000000 
-1.724864 0.000000 
-0.555653 0.000000 
0.463804 -0.000000 
0.744520 0.000000 
-0.435235 -0.000000 
-0.142612 0.000000 
-0.023864 -0.000000 
-0.272111 0.000000 
0.042176 0.000000 
-0.059618 0.000000 
-0.879797 0.000000 
0.989270 0.000000 
0.064106 0.000000 
1.343942 -0.000000 
0.408291 0.000000 
-0.189294 0.000000 
-0.303250 0.000000 
0.689152 -0.000000 
-0.466626 0.000000 
0.292532 0.000000 
0.146343 0.000000 
0.462785 0.000000 
0.335079 0.000000 
-0.360799 0.000000 
-0.425074 0.000000 
0.028296 0.000000 
0.525606 -0.000000 
-0.417036 -0.000000 
-0.260447 0.000000 
0.444236 -0.000000 
-1.245022 0.000000 
-0.148266 0.000000 
-0.436756 0.000000 
0.257598 0.000000 
0.043678 0.000000 
0.253855 0.000000 
0.141030 0.000000 
0.257971 0.000000 
0.062510 -0.000000 
-0.155449 0.000000 
1.539586 0.000000 
0.150989 -0.000000 
0.416905 0.000000 
-0.045321 -0.000000 
1.060698 -0.000000 
0.250045 -0.000000 
-0.466453 0.000000 
-0.116977 0.000000 
-0.621364 -0.000000 
0.539353 0.000000 
0.257598 0.000000 
0.539061 -0.000000 
-0.416640 0.000000 
0.655545 0.000000 
1.105575 -0.000000 
-0.363288 0.000000 
0.889254 0.000000 
0.739013 -0.000000 
0.541009 -0.000000 
-0.701298 0.000000 
-0.892902 0.000000 
-0.005776 0.000000 
-0.195734 0.000000 
0.295440 0.000000 
-0.318090 0.000000 
0.319326 -0.000000 
-0.037510 0.000000 
0.076644 0.000000 
-0.201463 0.000000 
0.157560 0.000000 
-0.205198 0.000000 
0.036772 0.000000 
0.106962 0.000000 
-0.544317 0.000000 
0.283035 0.000000 
0.147247 -0.000000 
-0.267802 0.000000 
-0.549486 0.000000 
1.323156 0.000000 
-0.000932 0.000000 
0.075748 0.000000 
0.446131 0.000000 
0.331225 0.000000 
-0.331819 0.000000 
-0.352034 0.000000 
-0.800858 0.000000 
0.141738 0.000000 
-0.633578 0.000000 
0.608510 0.000000 
-0.125304 -0.000000 
0.424034 0.000000 
0.471359 0.000000 
-0.079895 0.000000 
-0.274119 0.000000 
-0.778603 0.000000 
1.375190 0.000000 
0.390168 0.000000 
0.381935 0.000000 
-1.243811 0.000000 
-0.598190 0.000000 
0.426555 -0.000000 
0.756037 0.000000 
0.059847 0.000000 
-0.313977 0.000000 
-0.084304 -0.000000 
0.043211 0.000000 
0.198500 0.000000 
0.371919 0.000000 
-0.267768 0.000000 
-0.189319 0.000000 
-0.090622 0.000000 
0.011692 -0.000000 
0.207077 0.000000 
-0.860269 0.000000 
-0.251341 0.000000 
-0.178430 -0.000000 
0.246408 0.000000 
-0.380292 -0.000000 
0.933459 -0.000000 
-0.031277 0.000000 
0.176842 0.000000 
-0.621503 0.000000 
-0.624589 0.000000 
-0.117302 -0.000000 
0.166918 -0.000000 
-0.351938 0.000000 
-1.164658 0.000000 
0.972387 0.000000 
0.166473 0.000000 
0.210751 -0.000000 
0.578301 0.000000 
0.193466 0.000000 
0.836753 0.000000 
0.143015 -0.000000 
0.368372 -0.000000 
-0.408424 0.000000 
0.673205 -0.000000 
-0.467713 0.000000 
-0.688465 -0.000000 
1.235058 0.000000 
0.046512 0.000000 
-0.155245 -0.000000 
0.238270 0.000000 
-0.351657 -0.000000 
0.458134 0.000000 
0.176730 0.000000 
0.022269 0.000000 
-0.008984 0.000000 
0.029779 0.000000 
1.143074 0.000000 
-1.119360 0.000000 
0.267801 0.000000 
-0.577213 0.000000 
0.126895 0.000000 
0.722171 0.000000 
0.044837 0.000000 
0.102055 -0.000000 
0.046325 0.000000 
-0.647153 0.000000 
-0.248494 -0.000000 
-0.179083 0.000000 
0.282675 -0.000000 
-0.401131 0.000000 
-0.986512 -0.000000 
-0.084098 0.000000 
0.073238 0.000000 
0.436497 -0.000000 
0.100620 -0.000000 
0.051213 -0.000000 
-0.183196 0.000000 
-0.651032 0.000000 
0.039749 -0.000000 
-0.178746 -0.000000 
0.815203 -0.000000 
0.349540 0.000000 
0.153600 0.000000 
-0.083363 0.000000 
0.508625 0.000000 
0.422377 0.000000 
-0.309274 -0.000000 
-0.418989 0.000000 
0.128439 -0.000000 
0.921774 0.000000 
-0.559020 0.000000 
-0.509675 0.000000 
0.000976 0.000000 
0.722125 0.000000 
0.209533 -0.000000 
0.418249 -0.000000 
-0.412620 0.000000 
-0.108883 0.000000 
-0.403760 0.000000 
0.476529 0.000000 
-0.120894 0.000000 
0.048769 -0.000000 
-0.170372 0.000000 
0.844283 0.000000 
0.652562 0.000000 
-0.331147 -0.000000 
-0.681367 -0.000000 
-0.404766 0.000000 
0.191730 -0.000000 
-0.878991 0.000000 
-0.739609 0.000000 
0.036778 -0.000000 
0.108843 -0.000000 
-0.468880 0.000000 
-0.489272 -0.000000 
0.072862 -0.000000 
0.554830 0.000000 
0.058154 -0.000000 
0.183189 0.000000 
0.364189 0.000000 
0.013878 0.000000 
-0.850340 0.000000 
-0.661019 0.000000 
-0.155077 0.000000 
-0.058441 0.000000 
-0.109756 0.000000 
-0.101379 0.000000 
-0.260841 -0.000000 
0.652797 0.000000 
0.117489 0.000000 
-0.544929 -0.000000 
-0.400076 -0.000000 
0.282459 0.000000 
-0.077617 -0.000000 
-0.068906 -0.000000 
-0.064765 0.000000 
0.652994 -0.000000 
-0.223861 0.000000 
0.088936 -0.000000 
0.234359 -0.000000 
0.498238 -0.000000 
-0.948872 0.000000 
-0.101814 0.000000 
-0.105843 0.000000 
0.772526 0.000000 
0.406652 -0.000000 
0.275406 -0.000000 
0.297714 0.000000 
0.318089 0.000000 
0.569884 -0.000000 
0.417245 0.000000 
0.071021 -0.000000 
0.234418 0.000000 
-0.265336 0.000000 
0.025320 0.000000 
0.116492 0.000000 
0.862366 -0.000000 
-0.608848 0.000000 
0.754249 0.000000 
0.066681 -0.000000 
-0.163619 -0.000000 
-0.258301 -0.000000 
-0.633608 0.000000 
0.401319 -0.000000 
-0.125879 0.000000 
-0.866858 0.000000 
-0.759083 0.000000 
-0.522240 0.000000 
-0.323170 0.000000 
-0.124817 -0.000000 
-0.509890 0.000000 
0.281123 -0.000000 
0.739790 0.000000 
0.429984 0.000000 
0.153971 0.000000 
-0.038991 0.000000 
0.763381 -0.000000 
0.552247 0.000000 
0.658839 0.000000 
0.764552 0.000000 
-0.507088 -0.000000 
-0.060715 0.000000 
0.457101 -0.000000 
-0.187877 -0.000000 
1.133072 -0.000000 
-0.088592 -0.000000 
-0.171543 0.000000 
0.191850 0.000000 
0.025654 -0.000000 
0.777506 0.000000 
0.032190 -0.000000 
0.251220 0.000000 
0.002876 0.000000 
-0.093483 -0.000000 
-0.276128 0.000000 
-0.882678 0.000000 
0.449442 0.000000 
0.492845 -0.000000 
-0.050072 0.000000 
1.202143 -0.000000 
-0.461663 0.000000 
-0.158745 0.000000 
1.071827 -0.000000 
0.121221 0.000000 
-0.011531 0.000000 
0.630465 0.000000 
0.395901 -0.000000 
-0.572033 0.000000 
-0.154838 -0.000000 
-0.782258 -0.000000 
0.125024 0.000000 
0.170057 -0.000000 
0.554213 -0.000000 
-0.730561 0.000000 
-0.103453 -0.000000 
-0.549565 0.000000 
0.793187 0.000000 
0.751469 -0.000000 
0.628922 0.000000 
-0.823135 0.000000 
-0.615741 0.000000 
-0.490989 -0.000000 
0.272901 0.000000 
0.392339 0.000000 
0.069733 0.000000 
0.961289 0.000000 
0.090852 -0.000000 
0.982243 0.000000 
0.684455 0.000000 
-0.654722 -0.000000 
-0.310789 -0.000000 
-0.712157 0.000000 
-0.448259 0.000000 
0.004987 -0.000000 
-0.919952 -0.000000 
-0.063802 -0.000000 
0.449456 0.000000 
0.698491 0.000000 
-0.117039 -0.000000 
0.267303 0.000000 
-0.334916 -0.000000 
0.259846 0.000000 
-0.066193 -0.000000 
0.554528 0.000000 
-0.798058 -0.000000 
0.380681 0.000000 
-0.549502 0.000000 
0.471146 0.000000 
-0.965139 -0.000000 
0.846747 0.000000 
1.181921 0.000000 
0.161140 -0.000000 
0.342694 0.000000 
-0.048273 -0.000000 
-0.110816 -0.000000 
-0.072317 -0.000000 
0.803918 -0.000000 
-0.137022 0.000000 
0.750213 0.000000 
-0.229963 0.000000 
0.186143 0.000000 
-0.575729 0.000000 
-0.214731 0.000000 
0.240522 -0.000000 
-0.615040 0.000000 
0.518958 0.000000 
0.609485 0.000000 
-0.152459 0.000000 
0.167306 0.000000 
0.760839 0.000000 
-0.805059 0.000000 
0.489506 -0.000000 
0.498498 0.000000 
-0.185466 -0.000000 
0.124590 0.000000 
0.587791 -0.000000 
-0.563298 0.000000 
0.397282 0.000000 
-0.330267 0.000000 
-0.952379 0.000000 
-0.453836 0.000000 
-0.192916 -0.000000 
0.141648 -0.000000 
0.463973 0.000000 
-0.586139 0.000000 
0.495461 0.000000 
0.259213 0.000000 
0.714807 -0.000000 
0.305499 -0.000000 
-0.048982 0.000000 
0.779848 -0.000000 
-1.013785 -0.000000 
0.126587 0.000000 
-0.599300 -0.000000 
0.807905 0.000000 
-1.119933 0.000000 
0.077814 -0.000000 
0.332102 0.000000 
-0.062419 0.000000 
-0.197740 0.000000 
-0.437591 -0.000000 
0.280190 0.000000 
-0.142259 -0.000000 
-0.286724 0.000000 
-0.315523 0.000000 
-0.142577 -0.000000 
0.212101 0.000000 
0.014711 0.000000 
0.817784 -0.000000 
-0.237578 -0.000000 
0.374366 0.000000 
0.198486 -0.000000 
0.090231 0.000000 
0.232672 0.000000 
1.532697 0.000000 
-0.113330 0.000000 
0.409449 0.000000 
0.818375 0.000000 
0.255305 -0.000000 
-0.018131 0.000000 
0.658823 0.000000 
0.000485 0.000000 
-0.112513 0.000000 
-0.337193 0.000000 
-0.235637 0.000000 
-0.307015 0.000000 
0.146147 -0.000000 
0.634701 0.000000 
-0.059626 -0.000000 
0.263447 0.000000 
-1.052962 0.000000 
0.717179 0.000000 
0.166842 -0.000000 
-1.006564 0.000000 
0.318776 0.000000 
-0.425477 0.000000 
0.381949 0.000000 
-0.293964 0.000000 
-0.243254 0.000000 
0.031823 0.000000 
-0.157280 0.000000 
-0.341567 0.000000 
-0.277021 0.000000 
0.996319 0.000000 
0.295344 -0.000000 
-0.034623 -0.000000 
0.035893 -0.000000 
0.095683 0.000000 
-0.063046 -0.000000 
0.139515 0.000000 
-0.106612 0.000000 
0.045741 0.000000 
-0.693018 0.000000 
0.757397 0.000000 
1.039058 0.000000 
1.526281 0.000000 
-0.600450 -0.000000 
-0.058100 0.000000 
-0.179098 -0.000000 
-0.234851 0.000000 
-0.061990 0.000000 
-0.160537 0.000000 
0.676740 0.000000 
-0.287488 0.000000 
0.676716 0.000000 
-0.098867 0.000000 
-0.232169 0.000000 
0.368994 -0.000000 
-0.285376 -0.000000 
-0.513592 -0.000000 
0.042274 -0.000000 
-0.869661 -0.000000 
-0.370637 0.000000 
0.414312 0.000000 
0.040822 -0.000000 
0.356693 0.000000 
-0.235764 0.000000 
-0.540090 0.000000 
0.187171 0.000000 
0.663925 0.000000 
-0.162397 0.000000 
0.056362 -0.000000 
-0.157138 0.000000 
0.177800 0.000000 
-0.526512 -0.000000 
-0.849795 0.000000 
0.431327 0.000000 
-0.456334 0.000000 
-0.175779 0.000000 
0.213225 0.000000 
-0.927849 -0.000000 
0.226128 0.000000 
-0.500992 0.000000 
0.308455 0.000000 
0.337228 0.000000 
-1.048355 0.000000 
0.285470 0.000000 
0.049154 0.000000 
-0.903859 0.000000 
0.576108 -0.000000 
-0.026070 0.000000 
-0.098832 -0.000000 
-0.059802 0.000000 
0.002812 0.000000 
0.132385 0.000000 
-0.049932 0.000000 
-0.110117 0.000000 
0.443733 0.000000 
0.765203 0.000000 
0.019645 -0.000000 
-0.475320 -0.000000 
-0.280395 0.000000 
-0.090888 -0.000000 
-0.282025 -0.000000 
0.165207 0.000000 
-0.473654 0.000000 
0.091252 -0.000000 
-0.608162 -0.000000 
0.082789 0.000000 
-0.539961 -0.000000 
0.181324 -0.000000 
0.139467 0.000000 
-0.099683 -0.000000 
-0.243767 0.000000 
-0.186299 0.000000 
-0.437785 0.000000 
0.278683 0.000000 
-0.223195 0.000000 
-0.355267 0.000000 
0.044487 0.000000 
-0.376067 0.000000 
0.650870 -0.000000 
0.256352 0.000000 
0.772981 0.000000 
-0.286823 0.000000 
-0.605416 0.000000 
0.469233 0.000000 
-0.686342 0.000000 
0.321164 -0.000000 
-0.667088 0.000000 
0.540675 0.000000 
-0.434335 0.000000 
0.119726 0.000000 
-0.424326 0.000000 
0.004478 0.000000 
0.272272 0.000000 
-0.079468 -0.000000 
-0.487438 0.000000 
-1.294073 0.000000 
1.250617 0.000000 
0.061873 -0.000000 
-1.149503 -0.000000 
0.171164 0.000000 
0.861809 0.000000 
1.104069 0.000000 
0.319341 -0.000000 
-0.516251 0.000000 
-0.082885 0.000000 
-0.109337 0.000000 
0.155816 0.000000 
0.044333 0.000000 
0.437291 0.000000 
-0.029695 -0.000000 
0.620183 -0.000000 
-0.503992 -0.000000 
0.549288 -0.000000 
0.646858 0.000000 
-0.532352 0.000000 
-0.264905 0.000000 
0.247405 -0.000000 
-0.416896 0.000000 
-0.931243 -0.000000 
-0.087116 -0.000000 
-0.264594 0.000000 
-0.174948 -0.000000 
0.062793 0.000000 
-0.859116 0.000000 
-0.412784 0.000000 
0.633930 -0.000000 
-0.780039 0.000000 
-0.237693 0.000000 
-0.189814 0.000000 
-0.874151 -0.000000 
-0.201690 0.000000 
-0.340635 0.000000 
0.005804 0.000000 
-0.113661 -0.000000 
-0.252988 -0.000000 
0.744021 0.000000 
-0.625774 0.000000 
-0.871218 0.000000 
-0.322931 -0.000000 
0.063276 0.000000 
0.213322 -0.000000 
0.538445 0.000000 
-0.068183 0.000000 
0.788570 0.000000 
0.706998 -0.000000 
0.835060 -0.000000 
-0.604568 -0.000000 
-0.337640 0.000000 
-0.033602 0.000000 
-0.470761 -0.000000 
-0.394260 0.000000 
0.398788 0.000000 
-0.377277 0.000000 
0.388107 -0.000000 
-0.069627 0.000000 
-0.052937 -0.000000 
-0.379321 0.000000 
0.016124 -0.000000 
0.451848 0.000000 
0.702912 0.000000 
0.711511 0.000000 
0.182041 0.000000 
0.978466 0.000000 
-0.115301 0.000000 
0.055747 0.000000 
0.235772 0.000000 
-1.176177 0.000000 
-0.043237 0.000000 
-0.630068 -0.000000 
1.015214 0.000000 
-0.120442 0.000000 
-0.619594 0.000000 
0.575613 0.000000 
-0.097392 -0.000000 
-0.113035 0.000000 
0.862878 0.000000 
0.294271 0.000000 
-0.456495 0.000000 
0.105719 -0.000000 
-0.384085 -0.000000 
-0.028771 0.000000 
-1.082152 0.000000 
0.925792 0.000000 
0.477515 0.000000 
0.042262 -0.000000 
-0.886311 0.000000 
-0.399591 0.000000 
-0.175590 0.000000 
-0.490551 -0.000000 
-0.360166 0.000000 
0.422790 -0.000000 
0.080380 0.000000 
-0.480003 -0.000000 
-1.143394 -0.000000 
0.215348 -0.000000 
1.197014 0.000000 
0.004183 -0.000000 
-0.886605 -0.000000 
-0.220496 0.000000 
-0.138933 0.000000 
0.107393 0.000000 
-0.177108 0.000000 
-0.051031 0.000000 
0.515650 0.000000 
0.013736 -0.000000 
-0.494809 0.000000 
-0.242779 0.000000 
0.250309 -0.000000 
-0.239630 -0.000000 
0.146747 -0.000000 
0.747965 0.000000 
-0.795816 0.000000 
-0.299088 0.000000 
-0.064254 0.000000 
-0.026927 0.000000 
-0.762051 -0.000000 
-0.073761 0.000000 
0.338169 0.000000 
0.028003 0.000000 
-1.186627 0.000000 
0.548181 0.000000 
-0.390521 -0.000000 
0.091282 -0.000000 
-0.288447 -0.000000 
0.960093 0.000000 
0.239562 0.000000 
-0.401786 0.000000 
-0.195447 -0.000000 
-0.243180 -0.000000 
1.331972 0.000000 
0.675217 0.000000 
-0.371920 0.000000 
-0.326360 0.000000 
-0.676399 -0.000000 
1.708474 -0.000000 
0.421523 0.000000 
-0.404407 -0.000000 
-0.595043 0.000000 
0.181512 0.000000 
-0.098696 0.000000 
-0.400719 0.000000 
-0.236876 0.000000 
0.515690 -0.000000 
-0.348051 0.000000 
0.356589 0.000000 
-0.561423 -0.000000 
-0.541497 -0.000000 
0.064850 0.000000 
0.002830 0.000000 
0.782967 0.000000 
0.679619 0.000000 
-1.010175 0.000000 
-0.151640 -0.000000 
-0.059635 0.000000 
-0.063719 0.000000 
0.392011 -0.000000 
-0.268871 -0.000000 
-0.042094 -0.000000 
0.189333 -0.000000 
-0.834550 0.000000 
1.073665 -0.000000 
0.280246 0.000000 
0.248652 -0.000000 
0.202001 -0.000000 
-0.152089 0.000000 
-0.799562 0.000000 
-0.158028 0.000000 
-0.563225 0.000000 
0.166597 0.000000 
-0.523137 0.000000 
-0.047772 0.000000 
0.591656 -0.000000 
0.760589 0.000000 
0.677782 0.000000 
-0.252449 -0.000000 
1.113751 -0.000000 
-0.140217 0.000000 
0.478689 0.000000 
0.545204 0.000000 
0.508351 0.000000 
0.170437 0.000000 
0.089529 0.000000 
0.999235 0.000000 
0.009933 0.000000 
-0.192695 -0.000000 
-0.621389 0.000000 
-0.239992 0.000000 
-0.799175 -0.000000 
-0.629927 0.000000 
0.025873 -0.000000 
0.616814 0.000000 
0.348224 -0.000000 
-0.009455 0.000000 
0.002074 0.000000 
0.528409 0.000000 
0.774815 0.000000 
-0.145420 0.000000 
-0.159027 0.000000 
0.926694 0.000000 
-0.435713 0.000000 
0.334751 -0.000000 
0.780932 -0.000000 
0.245195 -0.000000 
-0.331536 -0.000000 
0.139300 -0.000000 
-0.302947 0.000000 
0.120091 0.000000 
0.148571 -0.000000 
1.064661 -0.000000 
-0.367060 -0.000000 
0.373633 -0.000000 
0.832452 0.000000 
-0.117580 0.000000 
-0.305466 0.000000 
0.566734 -0.000000 
0.034555 0.000000 
-0.041438 0.000000 
-0.105996 0.000000 
0.221412 0.000000 
0.437374 0.000000 
-0.775153 -0.000000 
-0.231154 0.000000 
0.197961 -0.000000 
0.769931 -0.000000 
0.071769 0.000000 
-0.039987 0.000000 
-0.119813 -0.000000 
-0.378969 -0.000000 
0.049890 0.000000 
-0.464335 0.000000 
-0.314316 0.000000 
0.595322 0.000000 
0.955396 0.000000 
-0.311623 0.000000 
-0.151800 0.000000 
0.113593 0.000000 
-0.363070 0.000000 
0.349667 -0.000000 
0.142892 0.000000 
1.031052 0.000000 
0.160436 0.000000 
0.149510 0.000000 
-0.657303 0.000000 
0.180788 -0.000000 
-0.183152 0.000000 
-0.638409 0.000000 
0.750816 0.000000 
-0.309208 -0.000000 
0.464524 -0.000000 
0.461812 -0.000000 
0.172428 0.000000 
0.345141 0.000000 
0.256266 0.000000 
-0.461492 -0.000000 
-0.026760 0.000000 
0.271028 -0.000000 
-0.287046 0.000000 
-0.213708 -0.000000 
1.240177 0.000000 
0.228274 -0.000000 
0.631487 0.000000 
-0.203682 0.000000 
-0.368487 0.000000 
0.183231 0.000000 
0.078104 0.000000 
0.121377 0.000000 
0.248709 0.000000 
-0.448033 0.000000 
0.065947 0.000000 
-0.499174 0.000000 
-0.539238 0.000000 
0.656792 -0.000000 
0.109622 0.000000 
0.479106 0.000000 
-0.446280 0.000000 
-0.488979 -0.000000 
0.265059 0.000000 
0.078873 0.000000 
0.644958 0.000000 
-1.097658 -0.000000 
0.413028 0.000000 
-0.264811 -0.000000 
0.494269 0.000000 
-0.307688 0.000000 
-0.047090 0.000000 
-0.407571 0.000000 
-0.247834 -0.000000 
-0.504540 0.000000 
0.591361 -0.000000 
0.323685 0.000000 
-0.259416 -0.000000 
0.335464 -0.000000 
-0.078051 -0.000000 
-0.028526 -0.000000 
0.012401 0.000000 
-0.374215 -0.000000 
0.475204 0.000000 
0.654931 0.000000 
0.790705 0.000000 
-0.193608 0.000000 
0.665918 0.000000 
0.425244 -0.000000 
0.194030 -0.000000 
-0.364819 0.000000 
0.436345 0.000000 
-1.243799 0.000000 
0.369039 0.000000 
-0.956933 0.000000 
-0.102252 0.000000 
0.067397 0.000000 
0.635252 0.000000 
-0.386331 -0.000000 
0.516617 0.000000 
0.390620 -0.000000 
-0.640751 0.000000 
0.145334 0.000000 
0.042737 0.000000 
-0.640844 -0.000000 
-0.163596 -0.000000 
0.945902 -0.000000 
0.225830 0.000000 
0.663404 0.000000 
-0.312233 0.000000 
-0.007496 0.000000 
0.491662 -0.000000 
0.479235 -0.000000 
0.108029 0.000000 
0.395116 0.000000 
-0.233454 -0.000000 
-0.276644 -0.000000 
-0.414477 0.000000 
0.345105 0.000000 
0.206022 -0.000000 
0.037257 0.000000 
-0.114165 0.000000 
-0.643207 0.000000 
0.376491 -0.000000 
0.160011 0.000000 
0.425930 0.000000 
0.521545 0.000000 
0.119856 -0.000000 
-0.830061 -0.000000 
0.818814 0.000000 
-0.473785 0.000000 
0.282415 -0.000000 
-0.220821 0.000000 
