-2.016272 2.016272 
0.000000 0.500000 -0.005557 
0.000000 0.000000 0.000000 

-0.855052 0.000000 
-0.400807 0.000000 
-0.038983 0.000000 
0.233094 0.000000 
0.442087 0.000000 
-0.478157 0.000000 
0.360944 -0.000000 
-0.174813 0.000000 
0.274446 -0.000000 
-0.479660 -0.000000 
0.156499 -0.000000 
0.512859 -0.000000 
-0.408327 -0.000000 
-0.249402 -0.000000 
0.443245 0.000000 
0.140213 0.000000 
-0.905179 0.000000 
0.839265 0.000000 
0.719001 0.000000 
-0.068350 0.000000 
0.183701 -0.000000 
0.120922 0.000000 
-0.069488 0.000000 
0.296757 0.000000 
-0.188833 0.000000 
-0.253081 -0.000000 
-0.056816 -0.000000 
-0.182284 0.000000 
-0.067633 0.000000 
-0.316561 0.000000 
0.129068 0.000000 
0.636586 -0.000000 
0.371408 0.000000 
0.150860 -0.000000 
-0.021083 0.000000 
-0.144141 0.000000 
-0.170878 -0.000000 
0.448316 0.000000 
-0.208092 0.000000 
0.441283 0.000000 
-0.085327 0.000000 
-0.255631 0.000000 
0.259688 -0.000000 
0.375908 -0.000000 
0.105006 0.000000 
0.460286 0.000000 
0.532838 0.000000 
0.299580 0.000000 
1.019726 0.000000 
-0.325404 0.000000 
0.021633 0.000000 
-0.260352 0.000000 
-0.446511 0.000000 
-0.661130 0.000000 
-0.194991 0.000000 
-0.471784 -0.000000 
-0.945120 0.000000 
-0.071376 0.000000 
0.167625 -0.000000 
0.664341 -0.000000 
0.604305 -0.000000 
-0.742878 0.000000 
-0.535251 0.000000 
-0.368505 0.000000 
0.392700 0.000000 
-0.089100 0.000000 
0.061725 -0.000000 
0.846867 0.000000 
-0.450938 0.000000 
0.539615 -0.000000 
0.760889 0.000000 
-0.265874 0.000000 
-0.383508 -0.000000 
-0.573160 -0.000000 
-0.169022 0.000000 
0.772567 0.000000 
0.236245 0.000000 
-0.011812 0.000000 
0.598610 0.000000 
0.291331 -0.000000 
0.391862 0.000000 
-0.116289 0.000000 
-0.059723 0.000000 
0.277726 0.000000 
0.674286 -0.000000 
-0.336962 0.000000 
-0.264027 0.000000 
-0.312509 0.000000 
-0.462013 0.000000 
1.067421 0.000000 
-0.482565 -0.000000 
0.036101 0.000000 
0.882261 -0.000000 
-0.100414 -0.000000 
-0.603539 0.000000 
0.556849 -0.000000 
-0.077358 -0.000000 
-0.715306 0.000000 
-0.223238 -0.000000 
-0.258699 0.000000 
0.107501 0.000000 
0.166982 0.000000 
-0.028821 0.000000 
-0.032585 -0.000000 
0.209984 -0.000000 
0.732477 0.000000 
0.585863 0.000000 
-0.480216 0.000000 
-0.078557 -0.000000 
0.407028 0.000000 
-0.525427 0.000000 
-1.132739 0.000000 
0.395965 -0.000000 
-0.252535 0.000000 
0.713276 0.000000 
-0.381788 -0.000000 
1.527491 0.000000 
0.648332 -0.000000 
-0.698019 -0.000000 
-0.605923 0.000000 
-0.052209 0.000000 
0.518063 0.000000 
-0.876404 0.000000 
-0.157904 0.000000 
0.153959 0.000000 
-0.793093 -0.000000 
-0.096520 -0.000000 
0.221246 0.000000 
-0.171222 0.000000 
-0.539986 0.000000 
-0.031279 -0.000000 
0.303403 0.000000 
-0.011179 0.000000 
0.267145 -0.000000 
-0.548969 0.000000 
-0.596173 0.000000 
-0.467483 0.000000 
0.373390 -0.000000 
0.040541 -0.000000 
-0.019051 0.000000 
-0.004401 0.000000 
-0.649567 0.000000 
-0.023969 -0.000000 
-0.368037 0.000000 
0.101879 0.000000 
0.294543 -0.000000 
0.753727 0.000000 
-0.324952 0.000000 
0.418959 -0.000000 
0.434629 -0.000000 
0.328529 0.000000 
0.175238 -0.000000 
0.254064 -0.000000 
0.018996 0.000000 
0.153275 0.000000 
-0.018193 -0.000000 
-0.132702 0.000000 
0.197639 0.000000 
0.173985 0.000000 
-0.100498 0.000000 
0.434359 0.000000 
-0.548259 0.000000 
-0.454383 -0.000000 
0.758027 0.000000 
0.188556 0.000000 
-0.243691 0.000000 
-0.773849 -0.000000 
-0.249749 0.000000 
-0.176853 -0.000000 
-0.420587 -0.000000 
0.140230 0.000000 
1.004772 0.000000 
0.106275 -0.000000 
0.343839 0.000000 
-0.685410 -0.000000 
-0.169090 -0.000000 
0.555044 0.000000 
-0.523251 0.000000 
0.601370 0.000000 
0.346432 -0.000000 
-1.195848 -0.000000 
-0.040741 -0.000000 
-0.173190 0.000000 
0.445796 -0.000000 
0.024285 0.000000 
-0.430011 -0.000000 
0.001430 0.000000 
0.074656 0.000000 
-0.764953 0.000000 
-0.989701 0.000000 
-0.476038 0.000000 
0.321190 0.000000 
-0.219734 0.000000 
0.316861 0.000000 
-0.024698 -0.000000 
-0.115435 0.000000 
0.276339 0.000000 
0.652603 0.000000 
-0.049795 -0.000000 
0.187278 0.000000 
0.349775 0.000000 
0.337659 -0.000000 
-0.563419 0.000000 
0.173401 0.000000 
-0.230223 -0.000000 
-0.135605 0.000000 
1.044025 0.000000 
0.275902 0.000000 
-1.350933 0.000000 
0.390311 0.000000 
-0.264608 0.000000 
0.001933 0.000000 
-0.777901 -0.000000 
-0.605670 0.000000 
-0.051988 -0.000000 
0.535195 0.000000 
-0.525010 -0.000000 
-0.139187 0.000000 
-0.192202 0.000000 
-0.680531 0.000000 
-0.110818 -0.000000 
-0.284775 -0.000000 
0.424909 0.000000 
0.429033 0.000000 
-0.316663 -0.000000 
0.071478 0.000000 
0.207306 0.000000 
0.427865 -0.000000 
-0.078528 0.000000 
-0.179264 0.000000 
-0.063752 0.000000 
0.269425 0.000000 
-1.541931 -0.000000 
-0.027507 0.000000 
-0.109449 0.000000 
0.604365 -0.000000 
0.151533 -0.000000 
0.507401 -0.000000 
0.339053 -0.000000 
-0.595987 0.000000 
-0.131567 0.000000 
-0.419961 0.000000 
-0.553310 -0.000000 
1.121243 0.000000 
0.159294 0.000000 
-1.437910 0.000000 
-0.849193 0.000000 
-0.515138 0.000000 
-0.062245 0.000000 
0.488620 0.000000 
0.153397 -0.000000 
-0.115978 0.000000 
0.477651 0.000000 
-0.746203 -0.000000 
1.290563 -0.000000 
0.731173 0.000000 
