-2.343437 2.343437 
0.000000 0.500000 -0.007815 
0.000000 0.000000 0.000000 

0.283838 0.000000 
-0.236385 -0.000000 
0.926804 -0.000000 
0.158041 0.000000 
0.493181 0.000000 
0.544830 0.000000 
-0.010149 0.000000 
-0.528909 0.000000 
0.184403 0.000000 
-0.044839 0.000000 
0.049737 0.000000 
-0.014547 0.000000 
0.107290 0.000000 
-0.299191 -0.000000 
0.594160 0.000000 
0.460246 0.000000 
0.567862 0.000000 
0.533508 0.000000 
-0.505042 -0.000000 
0.048426 0.000000 
-1.075327 -0.000000 
-0.228697 0.000000 
-0.371221 -0.000000 
0.139390 0.000000 
-0.970372 0.000000 
0.587121 -0.000000 
0.850919 0.000000 
-0.447360 0.000000 
0.256628 0.000000 
-0.120932 0.000000 
-0.125162 0.000000 
-0.009720 0.000000 
-0.347407 -0.000000 
0.133917 -0.000000 
0.092917 0.000000 
-0.323122 -0.000000 
-0.597342 0.000000 
-0.556223 -0.000000 
0.320006 0.000000 
0.951358 0.000000 
0.721185 0.000000 
-0.021841 0.000000 
0.344045 0.000000 
0.395662 0.000000 
0.292869 0.000000 
0.416872 0.000000 
-0.913889 0.000000 
-0.503511 0.000000 
-0.091174 -0.000000 
0.737141 -0.000000 
-0.768496 0.000000 
-0.270105 0.000000 
0.620760 0.000000 
-0.326500 0.000000 
0.556116 0.000000 
0.086776 0.000000 
-0.478198 0.000000 
-0.597728 -0.000000 
-0.060911 -0.000000 
0.260808 0.000000 
-0.589783 0.000000 
0.733013 0.000000 
-0.399571 0.000000 
-1.006696 -0.000000 
0.211257 0.000000 
0.746272 0.000000 
0.025683 0.000000 
-0.394824 0.000000 
-0.491054 0.000000 
0.480759 0.000000 
-0.056929 0.000000 
0.652322 -0.000000 
0.888734 0.000000 
0.661743 0.000000 
0.499721 0.000000 
0.404318 -0.000000 
-0.466868 0.000000 
0.541130 0.000000 
0.440758 0.000000 
0.213091 -0.000000 
-0.496419 -0.000000 
0.477259 0.000000 
-0.338615 -0.000000 
0.072307 0.000000 
-0.481396 0.000000 
0.172288 -0.000000 
0.985465 -0.000000 
0.259436 0.000000 
-0.333042 0.000000 
-0.412930 0.000000 
0.079725 -0.000000 
-0.108689 -0.000000 
-0.266896 -0.000000 
0.354810 0.000000 
-1.026535 -0.000000 
0.114530 0.000000 
0.007355 0.000000 
0.401316 -0.000000 
0.026101 0.000000 
0.651827 0.000000 
-0.443892 0.000000 
0.424881 0.000000 
0.823410 0.000000 
-0.066706 -0.000000 
0.747438 0.000000 
-0.201142 -0.000000 
-0.146773 -0.000000 
0.061477 0.000000 
0.137596 0.000000 
0.850494 0.000000 
-0.625003 0.000000 
-0.230000 -0.000000 
-0.356932 0.000000 
-0.385351 0.000000 
0.352554 0.000000 
0.295645 0.000000 
-0.070955 0.000000 
0.370468 0.000000 
0.222714 0.000000 
0.173232 0.000000 
1.081215 0.000000 
0.470402 0.000000 
-0.264888 0.000000 
-0.598599 0.000000 
0.011777 0.000000 
-0.416782 -0.000000 
-0.662635 -0.000000 
-0.424489 0.000000 
0.732036 -0.000000 
0.167225 -0.000000 
0.078027 -0.000000 
-0.103268 0.000000 
0.745869 -0.000000 
0.444834 0.000000 
-0.220965 -0.000000 
0.170140 0.000000 
0.419168 0.000000 
0.785624 -0.000000 
-0.125484 0.000000 
0.334162 0.000000 
0.796299 0.000000 
0.757216 0.000000 
0.055121 -0.000000 
0.748108 0.000000 
0.316499 -0.000000 
0.322148 -0.000000 
-1.123713 0.000000 
0.339372 0.000000 
0.433597 0.000000 
0.277467 0.000000 
-0.201846 0.000000 
-0.089481 0.000000 
0.825376 -0.000000 
-0.268790 0.000000 
0.295616 0.000000 
0.408121 0.000000 
0.483588 0.000000 
0.055291 0.000000 
-0.169669 0.000000 
-0.407866 0.000000 
-0.092262 0.000000 
-0.383936 0.000000 
-0.094138 0.000000 
0.376331 -0.000000 
0.618263 0.000000 
-0.558609 -0.000000 
-0.145840 0.000000 
-0.375557 0.000000 
0.368573 -0.000000 
-0.217240 0.000000 
-0.285263 -0.000000 
0.585662 0.000000 
0.662532 0.000000 
0.426243 -0.000000 
0.086453 -0.000000 
0.660624 0.000000 
-0.563758 0.000000 
-0.278261 -0.000000 
0.136521 0.000000 
-0.224518 0.000000 
0.416421 -0.000000 
0.307178 -0.000000 
0.389560 0.000000 
-0.552997 0.000000 
0.266578 0.000000 
0.600240 0.000000 
-0.322740 0.000000 
-0.648586 0.000000 
0.467152 0.000000 
-0.029742 -0.000000 
-0.191868 0.000000 
0.716403 0.000000 
0.396532 0.000000 
-0.209320 0.000000 
-0.637010 -0.000000 
-0.538513 -0.000000 
0.178294 0.000000 
0.600467 -0.000000 
-0.113493 0.000000 
-0.553516 -0.000000 
0.061278 0.000000 
-0.005323 -0.000000 
-0.868668 -0.000000 
-0.538269 0.000000 
-0.636079 0.000000 
-0.178759 0.000000 
0.223655 0.000000 
0.085079 0.000000 
-0.375358 0.000000 
-0.557924 0.000000 
-0.151761 0.000000 
1.074099 0.000000 
-1.719680 0.000000 
-0.501910 0.000000 
-0.432545 0.000000 
-0.222949 0.000000 
0.266293 0.000000 
0.169628 0.000000 
0.455373 -0.000000 
-0.760899 0.000000 
0.168257 0.000000 
0.087882 -0.000000 
-0.435940 -0.000000 
-0.185842 0.000000 
-0.184933 -0.000000 
0.290329 -0.000000 
0.209831 -0.000000 
0.380139 -0.000000 
0.064554 0.000000 
0.393922 0.000000 
0.203432 0.000000 
0.475637 0.000000 
0.002244 0.000000 
1.323543 0.000000 
-0.174296 0.000000 
-0.598312 0.000000 
-0.231803 0.000000 
-0.306552 0.000000 
0.103393 -0.000000 
-0.105041 0.000000 
0.307480 -0.000000 
-0.330438 0.000000 
-0.088279 0.000000 
-0.810951 0.000000 
-0.483700 0.000000 
0.528470 -0.000000 
-0.125325 0.000000 
0.811971 0.000000 
-0.011555 -0.000000 
0.398590 -0.000000 
-0.313085 0.000000 
-0.023006 0.000000 
-0.433767 0.000000 
0.224318 0.000000 
-0.747648 -0.000000 
0.680045 0.000000 
0.435599 -0.000000 
-0.077534 0.000000 
-0.846513 -0.000000 
-0.685389 0.000000 
0.107273 0.000000 
-0.025310 -0.000000 
-0.406660 -0.000000 
0.020522 0.000000 
0.071757 0.000000 
-0.151500 0.000000 
0.006668 -0.000000 
-0.742595 0.000000 
0.306813 0.000000 
0.296071 0.000000 
-0.115754 0.000000 
0.018527 0.000000 
0.187159 -0.000000 
0.360836 0.000000 
-1.034480 0.000000 
-0.118862 0.000000 
0.091680 -0.000000 
0.301153 0.000000 
-0.209156 0.000000 
0.399079 0.000000 
-0.171733 0.000000 
-0.047104 0.000000 
0.442672 0.000000 
-0.108093 0.000000 
-0.022471 -0.000000 
-0.644202 -0.000000 
0.676356 0.000000 
-1.034674 -0.000000 
0.324401 -0.000000 
-0.771614 -0.000000 
-0.104148 0.000000 
-0.496075 -0.000000 
0.186176 0.000000 
-0.234565 0.000000 
0.023186 0.000000 
-0.824615 0.000000 
0.313989 0.000000 
0.184068 0.000000 
-0.178161 -0.000000 
0.005132 -0.000000 
0.384740 0.000000 
0.624224 0.000000 
-0.406042 0.000000 
-0.101045 0.000000 
0.593015 0.000000 
-0.000026 0.000000 
0.679964 0.000000 
1.135005 0.000000 
0.737233 -0.000000 
-0.470761 -0.000000 
0.462788 0.000000 
0.336762 0.000000 
0.157124 0.000000 
0.435813 -0.000000 
0.326598 -0.000000 
-0.321532 0.000000 
0.250760 -0.000000 
-0.668708 -0.000000 
0.287004 0.000000 
-0.291482 0.000000 
0.616366 -0.000000 
-0.385002 0.000000 
0.506318 0.000000 
0.331231 -0.000000 
0.730311 0.000000 
-0.181112 -0.000000 
0.611167 -0.000000 
0.372197 0.000000 
-0.073117 0.000000 
-0.004119 -0.000000 
0.866233 -0.000000 
1.016006 0.000000 
-0.021295 -0.000000 
0.859083 0.000000 
-0.254253 -0.000000 
0.069725 0.000000 
-0.521584 0.000000 
-0.384358 0.000000 
1.077589 0.000000 
1.027702 0.000000 
-0.358469 0.000000 
0.289036 0.000000 
0.897349 0.000000 
-0.298026 0.000000 
0.426204 0.000000 
-0.597225 0.000000 
-0.816303 -0.000000 
0.523955 0.000000 
-0.177558 -0.000000 
-0.113030 0.000000 
0.348084 0.000000 
-0.422058 0.000000 
-0.322413 -0.000000 
-0.010273 0.000000 
0.028532 -0.000000 
-0.350735 0.000000 
0.146178 -0.000000 
-0.154018 -0.000000 
0.722354 0.000000 
0.228034 -0.000000 
0.643271 0.000000 
-0.499151 -0.000000 
0.434044 0.000000 
-0.281444 0.000000 
-0.757805 0.000000 
-0.499897 -0.000000 
-0.415372 -0.000000 
0.059802 0.000000 
0.614823 0.000000 
0.004992 0.000000 
-0.112275 0.000000 
0.489564 0.000000 
-0.082684 0.000000 
0.251599 0.000000 
-0.040001 0.000000 
0.206511 0.000000 
0.423572 0.000000 
-0.969216 0.000000 
-0.160012 -0.000000 
-0.742481 -0.000000 
-0.400576 -0.000000 
-0.399205 -0.000000 
-0.064196 -0.000000 
-0.155733 0.000000 
0.757161 0.000000 
-0.281065 0.000000 
-0.150318 0.000000 
0.034901 0.000000 
-0.297620 0.000000 
0.256171 -0.000000 
-0.506753 0.000000 
-0.280099 0.000000 
-0.449597 -0.000000 
-0.197521 0.000000 
-0.725931 0.000000 
0.237469 0.000000 
0.570605 0.000000 
0.903218 0.000000 
0.173100 0.000000 
-0.595948 0.000000 
0.063118 0.000000 
-0.129667 0.000000 
0.336202 0.000000 
-0.301962 -0.000000 
-0.380344 0.000000 
-1.028847 0.000000 
0.004645 0.000000 
0.367607 0.000000 
0.724260 -0.000000 
-0.595356 0.000000 
0.069547 0.000000 
0.604870 0.000000 
-0.759277 0.000000 
-0.173588 0.000000 
0.436097 -0.000000 
-0.632283 0.000000 
-0.050464 0.000000 
0.045117 -0.000000 
0.293172 0.000000 
0.111177 0.000000 
-0.645627 -0.000000 
0.186111 0.000000 
0.472590 0.000000 
0.207014 0.000000 
-0.260786 0.000000 
-0.892588 0.000000 
-0.740444 -0.000000 
-0.124114 0.000000 
-0.361967 0.000000 
0.593265 0.000000 
-0.476216 -0.000000 
0.303053 -0.000000 
0.116472 0.000000 
-0.000097 -0.000000 
0.016704 0.000000 
-0.158758 0.000000 
0.222659 -0.000000 
-0.202730 0.000000 
-0.482724 -0.000000 
-0.155928 0.000000 
-0.146446 -0.000000 
0.086470 -0.000000 
0.398559 0.000000 
0.432631 0.000000 
0.081142 -0.000000 
0.110643 0.000000 
-0.428847 0.000000 
0.209175 0.000000 
0.146976 -0.000000 
-0.499319 -0.000000 
-0.443495 0.000000 
0.186739 0.000000 
-0.780680 -0.000000 
0.093394 -0.000000 
0.052140 -0.000000 
0.591781 0.000000 
0.460329 0.000000 
0.381451 -0.000000 
0.717202 0.000000 
0.437380 -0.000000 
0.368069 -0.000000 
0.095512 0.000000 
-0.041958 -0.000000 
-0.026040 0.000000 
0.653141 0.000000 
-0.250883 -0.000000 
0.463452 0.000000 
0.714800 0.000000 
-0.598623 0.000000 
-0.240495 0.000000 
0.070506 -0.000000 
0.701717 -0.000000 
0.170366 -0.000000 
0.364928 -0.000000 
-0.497989 -0.000000 
0.192340 0.000000 
-0.467429 0.000000 
-0.668789 0.000000 
-0.071892 0.000000 
0.294580 0.000000 
-1.336798 0.000000 
0.412914 -0.000000 
0.129300 0.000000 
-0.422029 -0.000000 
-0.112014 -0.000000 
-0.652574 0.000000 
-0.027689 0.000000 
0.321347 0.000000 
-0.111884 0.000000 
-0.790597 -0.000000 
-0.264342 0.000000 
0.248409 -0.000000 
-0.978307 0.000000 
-1.165138 0.000000 
-0.437579 0.000000 
-0.495932 0.000000 
0.511579 -0.000000 
-0.005042 -0.000000 
-0.557523 0.000000 
0.026388 0.000000 
-0.456653 -0.000000 
0.075660 0.000000 
-0.012931 0.000000 
-0.526892 -0.000000 
-0.656686 -0.000000 
-0.175170 0.000000 
-0.861273 0.000000 
-0.795899 0.000000 
-0.228227 0.000000 
0.220130 0.000000 
0.774470 -0.000000 
-0.426377 -0.000000 
0.216750 -0.000000 
0.878228 0.000000 
-0.238605 0.000000 
0.534325 -0.000000 
-0.313929 0.000000 
-0.021381 -0.000000 
-1.043546 0.000000 
1.225657 0.000000 
-0.683883 -0.000000 
1.105687 0.000000 
0.110583 -0.000000 
0.570731 0.000000 
-0.012700 0.000000 
-0.265220 -0.000000 
-0.193369 -0.000000 
-0.042823 -0.000000 
0.280192 0.000000 
-0.253414 -0.000000 
-0.757156 -0.000000 
-0.417842 -0.000000 
0.108621 0.000000 
0.879137 0.000000 
0.525602 0.000000 
-0.483196 -0.000000 
0.287006 0.000000 
-0.206631 0.000000 
-0.215025 -0.000000 
0.083854 0.000000 
0.405757 -0.000000 
-0.238691 -0.000000 
0.746828 0.000000 
-0.073782 0.000000 
-0.624816 -0.000000 
0.529439 0.000000 
0.664315 0.000000 
0.851089 0.000000 
-0.044825 0.000000 
0.075645 0.000000 
0.013871 -0.000000 
0.486777 -0.000000 
0.720176 -0.000000 
0.498799 -0.000000 
-0.116636 0.000000 
-0.430630 -0.000000 
0.897148 0.000000 
-0.234452 -0.000000 
-0.196672 0.000000 
0.911427 0.000000 
0.501202 0.000000 
-0.500027 -0.000000 
-0.142016 0.000000 
0.275273 -0.000000 
-0.211344 0.000000 
0.466001 0.000000 
0.255094 -0.000000 
-0.148436 0.000000 
-0.223631 0.000000 
-0.097406 0.000000 
0.968939 0.000000 
-0.222714 -0.000000 
0.405455 0.000000 
-0.411806 0.000000 
1.368674 0.000000 
0.678100 0.000000 
0.193948 -0.000000 
0.078998 0.000000 
-0.783986 0.000000 
-0.432834 0.000000 
0.551801 0.000000 
0.864018 0.000000 
-0.531779 -0.000000 
0.701514 0.000000 
-0.404635 0.000000 
-0.033458 -0.000000 
0.925519 -0.000000 
-0.380970 0.000000 
0.847203 0.000000 
0.206925 0.000000 
-0.108380 0.000000 
1.007064 0.000000 
-0.473515 -0.000000 
-0.139768 0.000000 
0.016148 0.000000 
0.337798 -0.000000 
0.566103 0.000000 
-0.598064 0.000000 
-0.082700 -0.000000 
-0.646529 0.000000 
-0.389264 0.000000 
-0.481046 0.000000 
-0.372994 -0.000000 
-0.494243 0.000000 
0.132390 0.000000 
-0.820073 0.000000 
0.050743 0.000000 
0.361157 0.000000 
-0.405003 0.000000 
-0.543288 0.000000 
-0.998047 -0.000000 
-0.042185 -0.000000 
-0.354410 -0.000000 
0.616378 0.000000 
-0.986963 0.000000 
-0.339693 -0.000000 
-0.370779 -0.000000 
0.322450 -0.000000 
-0.099209 0.000000 
-0.391933 0.000000 
0.224941 0.000000 
-0.057948 -0.000000 
-0.158354 -0.000000 
-0.845691 0.000000 
-0.188723 -0.000000 
-0.753706 0.000000 
-0.317784 0.000000 
0.579193 0.000000 
-0.738401 0.000000 
-0.128545 0.000000 
-0.173495 0.000000 
1.107718 0.000000 
-0.425539 -0.000000 
-0.682752 0.000000 
0.602394 0.000000 
-0.344168 0.000000 
0.437870 -0.000000 
-0.059553 -0.000000 
-0.601388 0.000000 
-0.321640 0.000000 
0.591486 0.000000 
0.944370 0.000000 
0.595188 0.000000 
-0.380492 0.000000 
0.121946 -0.000000 
0.430754 0.000000 
-1.016841 -0.000000 
-0.539685 -0.000000 
0.036430 0.000000 
-0.694321 -0.000000 
0.924463 0.000000 
-0.407842 0.000000 
1.066150 0.000000 
-0.144771 0.000000 
-0.406307 0.000000 
-0.945960 0.000000 
0.803420 0.000000 
0.503235 -0.000000 
-0.036392 0.000000 
-0.408242 0.000000 
-0.464216 0.000000 
-0.707037 0.000000 
0.195553 0.000000 
0.901144 0.000000 
-0.233921 -0.000000 
-0.314639 0.000000 
0.628481 0.000000 
-0.232107 0.000000 
-0.193681 -0.000000 
0.322814 0.000000 
0.156798 0.000000 
0.522234 0.000000 
0.064490 0.000000 
0.481921 0.000000 
0.248004 0.000000 
0.243174 0.000000 
0.206968 0.000000 
-0.543192 0.000000 
0.141212 0.000000 
0.152327 0.000000 
-0.816298 -0.000000 
-0.208757 0.000000 
1.045627 -0.000000 
-0.636371 0.000000 
0.223114 -0.000000 
0.156479 -0.000000 
-0.389564 0.000000 
0.113127 0.000000 
-0.048317 -0.000000 
-0.368374 -0.000000 
0.578432 -0.000000 
-0.293216 -0.000000 
-0.691947 0.000000 
0.480113 0.000000 
-1.112739 0.000000 
-0.301345 0.000000 
-0.103166 0.000000 
-0.377555 0.000000 
0.498022 0.000000 
-0.001725 -0.000000 
0.204973 0.000000 
0.344772 0.000000 
-0.559174 0.000000 
0.023059 -0.000000 
0.896721 0.000000 
0.276129 0.000000 
0.943574 0.000000 
-0.120614 0.000000 
-0.685106 0.000000 
-0.766201 0.000000 
0.580331 0.000000 
-0.711537 0.000000 
0.196330 -0.000000 
-0.065156 0.000000 
-0.452046 0.000000 
0.409101 -0.000000 
-0.304582 0.000000 
-0.274720 0.000000 
0.610016 0.000000 
-0.894779 0.000000 
-0.477439 -0.000000 
0.388414 0.000000 
-1.255847 -0.000000 
-0.955651 0.000000 
0.314776 0.000000 
-0.706925 0.000000 
0.343368 0.000000 
-0.520140 -0.000000 
-0.110445 0.000000 
-0.439896 -0.000000 
-0.619257 -0.000000 
0.242495 -0.000000 
0.313016 0.000000 
-1.106129 0.000000 
0.102676 0.000000 
0.107204 0.000000 
-0.019814 -0.000000 
0.428389 0.000000 
-0.505357 0.000000 
0.296223 0.000000 
-0.012452 0.000000 
0.087644 0.000000 
0.037088 0.000000 
-0.341054 0.000000 
0.577040 -0.000000 
-0.282653 0.000000 
-0.099161 0.000000 
-0.319333 0.000000 
0.730015 0.000000 
0.008527 0.000000 
0.020348 0.000000 
0.499054 0.000000 
-0.349930 0.000000 
0.517301 0.000000 
-0.080000 0.000000 
-0.375773 0.000000 
-0.600779 -0.000000 
-0.211997 0.000000 
-0.383493 0.000000 
0.416338 0.000000 
0.149375 -0.000000 
0.476553 0.000000 
-0.642670 -0.000000 
1.076885 -0.000000 
1.121627 -0.000000 
0.228207 0.000000 
-0.103323 -0.000000 
-0.603417 0.000000 
0.147742 0.000000 
-0.116895 0.000000 
0.362875 0.000000 
0.631815 0.000000 
-0.371391 0.000000 
-1.250052 0.000000 
-0.072042 0.000000 
0.431887 0.000000 
-0.298784 0.000000 
0.732986 0.000000 
0.110681 -0.000000 
-0.219697 0.000000 
-0.929314 0.000000 
-1.027580 0.000000 
0.120774 0.000000 
0.072800 -0.000000 
0.682480 -0.000000 
-1.045666 0.000000 
-0.680952 -0.000000 
-0.926677 -0.000000 
0.666950 0.000000 
-0.169615 0.000000 
0.716560 -0.000000 
0.453565 0.000000 
0.808712 0.000000 
-0.090395 -0.000000 
-0.459915 0.000000 
0.037491 -0.000000 
-0.337544 0.000000 
-0.205084 0.000000 
0.193263 0.000000 
-0.232071 0.000000 
-1.071061 0.000000 
-0.219297 0.000000 
-0.565215 0.000000 
-0.558909 0.000000 
-0.042871 0.000000 
0.463303 0.000000 
-0.356130 0.000000 
-0.592263 0.000000 
0.148236 0.000000 
1.637666 0.000000 
-0.700052 0.000000 
-0.009473 -0.000000 
-1.006032 -0.000000 
-0.329184 0.000000 
-0.072750 -0.000000 
-0.221176 -0.000000 
0.586448 -0.000000 
-0.432838 0.000000 
1.272306 -0.000000 
0.744823 0.000000 
0.285333 0.000000 
0.892129 0.000000 
-0.540442 0.000000 
0.314987 -0.000000 
0.725424 -0.000000 
0.274249 -0.000000 
0.286260 -0.000000 
-0.259184 0.000000 
1.284971 -0.000000 
0.554636 0.000000 
0.523137 -0.000000 
-0.011304 0.000000 
-0.669617 0.000000 
-0.404924 0.000000 
-0.324992 0.000000 
-0.442925 0.000000 
0.223275 -0.000000 
-1.028348 0.000000 
-0.212654 0.000000 
0.097449 0.000000 
0.055379 -0.000000 
0.503500 0.000000 
0.247676 -0.000000 
-0.546198 0.000000 
0.173533 -0.000000 
0.030420 0.000000 
0.454936 0.000000 
0.410954 -0.000000 
0.071497 -0.000000 
-0.785800 0.000000 
-0.201394 0.000000 
0.149269 -0.000000 
-0.045563 -0.000000 
0.085049 -0.000000 
-0.238375 0.000000 
-0.378867 0.000000 
-0.074744 0.000000 
-0.232904 0.000000 
0.235866 0.000000 
-0.098434 -0.000000 
0.233287 -0.000000 
0.042460 0.000000 
-0.305224 0.000000 
-0.129397 0.000000 
-0.304560 0.000000 
0.168858 0.000000 
0.528251 0.000000 
-0.058563 0.000000 
0.643172 -0.000000 
-0.023870 0.000000 
0.728370 -0.000000 
-0.435594 0.000000 
0.530217 0.000000 
0.656009 0.000000 
-0.185863 -0.000000 
0.468454 0.000000 
0.427044 0.000000 
-0.061467 0.000000 
-1.031253 -0.000000 
1.576045 -0.000000 
-0.151561 0.000000 
0.324603 0.000000 
-0.664181 0.000000 
0.801383 0.000000 
-0.290097 -0.000000 
0.367404 0.000000 
-0.066312 0.000000 
-0.720847 0.000000 
-0.863970 0.000000 
-1.294872 -0.000000 
-0.497569 0.000000 
0.015268 -0.000000 
0.749700 -0.000000 
0.442831 -0.000000 
0.320381 0.000000 
-0.527559 -0.000000 
-0.430222 0.000000 
-0.129122 -0.000000 
0.201374 0.000000 
-0.323422 -0.000000 
0.554590 0.000000 
-0.945433 0.000000 
-1.482230 0.000000 
0.621322 -0.000000 
-0.416596 0.000000 
-0.236640 0.000000 
-0.502770 -0.000000 
-0.122127 0.000000 
0.139581 0.000000 
-0.003918 -0.000000 
-0.560237 -0.000000 
-0.098541 -0.000000 
0.372863 -0.000000 
0.520382 0.000000 
-0.776588 -0.000000 
-1.375340 0.000000 
0.101698 0.000000 
-0.263220 -0.000000 
-0.206011 0.000000 
-1.077101 0.000000 
0.547661 0.000000 
0.257782 0.000000 
-0.968217 -0.000000 
0.064098 0.000000 
0.554641 0.000000 
0.044560 -0.000000 
-0.471332 -0.000000 
0.159155 -0.000000 
0.027877 0.000000 
-0.311166 0.000000 
0.673295 0.000000 
-0.281769 0.000000 
0.658972 -0.000000 
0.063095 0.000000 
0.219925 0.000000 
-0.318328 0.000000 
0.086407 0.000000 
0.294444 0.000000 
-0.301513 0.000000 
0.065908 -0.000000 
0.296612 0.000000 
0.274634 0.000000 
0.017389 0.000000 
-0.010956 0.000000 
-0.723624 0.000000 
0.206746 0.000000 
0.335803 -0.000000 
0.348847 0.000000 
-0.147761 -0.000000 
0.331068 0.000000 
0.351778 0.000000 
0.892804 0.000000 
-0.121613 -0.000000 
0.289212 0.000000 
0.886984 -0.000000 
0.517165 0.000000 
-0.719555 0.000000 
-0.534266 0.000000 
-0.598430 -0.000000 
0.142568 -0.000000 
0.830628 0.000000 
0.820101 -0.000000 
0.483445 -0.000000 
-0.059055 -0.000000 
0.289898 -0.000000 
-0.312843 0.000000 
0.055487 -0.000000 
-0.897261 0.000000 
0.593166 0.000000 
0.101261 -0.000000 
0.263821 0.000000 
0.169279 0.000000 
0.547488 0.000000 
0.069643 0.000000 
-0.617150 0.000000 
-0.204946 0.000000 
-0.267034 0.000000 
-0.082638 0.000000 
0.133944 0.000000 
0.801941 -0.000000 
-0.358355 -0.000000 
-0.046299 0.000000 
-0.084744 -0.000000 
-0.002742 0.000000 
0.512662 -0.000000 
-0.789747 0.000000 
0.142085 0.000000 
0.077304 0.000000 
-0.468605 0.000000 
-0.165351 -0.000000 
-0.130667 -0.000000 
-0.154279 0.000000 
-0.169445 0.000000 
-0.170868 0.000000 
-0.430396 -0.000000 
-0.226770 0.000000 
-0.915763 0.000000 
-0.892986 -0.000000 
0.415192 -0.000000 
0.218829 0.000000 
0.545306 -0.000000 
-0.973563 0.000000 
-0.241925 -0.000000 
-0.021676 0.000000 
0.682853 0.000000 
-0.673923 0.000000 
0.490420 -0.000000 
0.247897 0.000000 
-0.281230 0.000000 
-0.530337 -0.000000 
0.263567 -0.000000 
1.047355 0.000000 
-0.247554 -0.000000 
-0.246472 -0.000000 
0.028820 -0.000000 
-0.048783 0.000000 
1.658445 0.000000 
-0.238614 -0.000000 
-0.588033 0.000000 
-0.255570 0.000000 
-1.314938 0.000000 
-0.492833 0.000000 
1.017432 -0.000000 
0.040928 -0.000000 
0.049087 0.000000 
-0.530316 0.000000 
0.425266 0.000000 
0.076914 0.000000 
-1.492514 0.000000 
0.527707 0.000000 
0.452550 0.000000 
0.856055 0.000000 
0.083473 0.000000 
-0.584227 0.000000 
-0.092942 0.000000 
-0.467223 0.000000 
-0.443701 0.000000 
-0.076382 0.000000 
-0.477571 0.000000 
-0.543699 0.000000 
-0.262060 -0.000000 
-0.308665 -0.000000 
-0.030233 0.000000 
0.342936 -0.000000 
0.100141 0.000000 
-0.142333 0.000000 
0.711774 0.000000 
-0.181698 0.000000 
-0.756586 0.000000 
-0.610834 -0.000000 
-0.419236 0.000000 
0.098841 0.000000 
0.067486 -0.000000 
-0.619373 -0.000000 
-0.379994 0.000000 
-0.353749 0.000000 
0.083471 -0.000000 
-0.600969 0.000000 
-0.667488 0.000000 
0.684998 0.000000 
0.408353 0.000000 
-0.144287 -0.000000 
0.192596 0.000000 
0.753215 -0.000000 
0.069705 -0.000000 
-0.093401 0.000000 
0.131428 0.000000 
0.385604 0.000000 
-0.599007 0.000000 
0.680091 0.000000 
-0.457265 -0.000000 
0.149771 0.000000 
0.006293 -0.000000 
0.200200 0.000000 
-0.485432 -0.000000 
-0.135271 -0.000000 
0.636667 0.000000 
0.259448 0.000000 
0.588545 0.000000 
-0.267575 0.000000 
0.497468 0.000000 
0.655727 -0.000000 
0.708170 -0.000000 
0.210952 0.000000 
-0.147212 0.000000 
-0.397853 0.000000 
0.200653 0.000000 
-0.010158 0.000000 
0.090944 -0.000000 
-0.801972 0.000000 
0.580671 -0.000000 
-0.100368 0.000000 
0.668057 0.000000 
-0.472279 0.000000 
0.901898 -0.000000 
-1.279321 0.000000 
-0.200563 -0.000000 
0.062278 0.000000 
-0.217025 0.000000 
-0.116069 0.000000 
0.515695 0.000000 
-0.803455 0.000000 
0.985368 0.000000 
0.049762 0.000000 
0.906427 0.000000 
1.009508 0.000000 
-0.424737 0.000000 
-0.031257 -0.000000 
-0.235316 -0.000000 
-0.655911 0.000000 
0.230641 0.000000 
0.177872 0.000000 
-0.479511 -0.000000 
0.433045 0.000000 
0.424450 -0.000000 
0.172333 0.000000 
0.667674 0.000000 
-1.007715 0.000000 
1.336857 0.000000 
0.403384 -0.000000 
-0.287080 0.000000 
-0.190864 0.000000 
0.643412 0.000000 
-0.250658 -0.000000 
-0.622885 -0.000000 
-0.423408 0.000000 
1.014115 0.000000 
0.306731 -0.000000 
0.200386 -0.000000 
0.260750 -0.000000 
-0.213837 0.000000 
-0.068441 -0.000000 
-0.805314 -0.000000 
-0.013600 0.000000 
0.909154 -0.000000 
0.710213 -0.000000 
-0.385445 0.000000 
0.279206 -0.000000 
-0.103923 0.000000 
0.103533 0.000000 
1.394358 -0.000000 
-0.200483 0.000000 
-0.505136 0.000000 
-0.250173 -0.000000 
0.000684 0.000000 
-0.406633 0.000000 
0.769590 0.000000 
1.042794 -0.000000 
0.414592 0.000000 
0.446007 -0.000000 
-0.170263 0.000000 
0.159657 0.000000 
0.255848 0.000000 
-0.171376 0.000000 
-0.232642 0.000000 
-0.434324 0.000000 
-0.155766 0.000000 
-1.206847 0.000000 
0.719308 0.000000 
-0.080580 0.000000 
0.339556 0.000000 
0.337309 0.000000 
0.242278 0.000000 
-0.069798 -0.000000 
0.819346 0.000000 
0.133789 0.000000 
-0.444584 0.000000 
0.524475 0.000000 
-0.224830 0.000000 
-0.366168 0.000000 
-0.048023 -0.000000 
0.407527 -0.000000 
-0.202867 -0.000000 
0.695242 -0.000000 
-1.223143 0.000000 
-0.484095 -0.000000 
0.686346 0.000000 
0.582325 -0.000000 
0.005436 0.000000 
-0.480038 -0.000000 
0.412905 0.000000 
-0.397514 -0.000000 
0.407544 0.000000 
-0.430542 0.000000 
-1.037017 0.000000 
0.169863 -0.000000 
0.064575 -0.000000 
-0.751046 -0.000000 
0.182514 0.000000 
-0.172809 0.000000 
0.391693 0.000000 
0.600500 -0.000000 
0.321584 0.000000 
0.129589 0.000000 
-0.552491 -0.000000 
0.238575 -0.000000 
-0.416923 0.000000 
-0.522526 0.000000 
-0.132712 0.000000 
0.418696 -0.000000 
-0.545270 -0.000000 
-0.402811 -0.000000 
-0.420796 0.000000 
0.306915 0.000000 
-0.355880 0.000000 
0.331149 0.000000 
-0.902681 0.000000 
-0.470980 0.000000 
0.556853 -0.000000 
-0.693124 0.000000 
0.192370 -0.000000 
0.432153 0.000000 
-0.441059 0.000000 
0.467836 0.000000 
-0.337163 0.000000 
0.152242 0.000000 
-0.062768 0.000000 
-0.647535 0.000000 
0.661663 0.000000 
-0.642019 0.000000 
-0.449609 0.000000 
-0.079934 0.000000 
-0.279595 0.000000 
0.516292 0.000000 
-0.372637 -0.000000 
0.467402 -0.000000 
-0.761620 0.000000 
-0.098261 0.000000 
-0.405998 0.000000 
-0.051185 0.000000 
-0.995926 -0.000000 
-0.810506 0.000000 
-0.499731 0.000000 
-0.465351 0.000000 
0.901569 -0.000000 
-0.970736 0.000000 
-0.682891 -0.000000 
0.184024 0.000000 
0.713653 0.000000 
-0.300760 0.000000 
-0.678701 0.000000 
0.976821 0.000000 
-0.426562 0.000000 
-0.217237 0.000000 
-0.665068 0.000000 
0.656753 0.000000 
0.156473 0.000000 
-0.141221 0.000000 
0.566459 0.000000 
0.212201 0.000000 
0.721298 -0.000000 
-0.486050 -0.000000 
0.096933 -0.000000 
0.285125 0.000000 
-0.047269 0.000000 
-0.305271 -0.000000 
-1.101322 0.000000 
-0.311385 0.000000 
0.442829 0.000000 
0.252866 -0.000000 
-0.735333 0.000000 
-0.270786 0.000000 
-0.111808 -0.000000 
-0.027364 0.000000 
0.725171 -0.000000 
0.253656 0.000000 
0.092845 0.000000 
0.007971 -0.000000 
-1.153875 0.000000 
-0.289031 0.000000 
-0.060699 -0.000000 
-0.148570 0.000000 
0.254603 0.000000 
-0.029687 0.000000 
-0.536021 0.000000 
-0.657075 0.000000 
-0.278255 -0.000000 
-0.729782 0.000000 
0.119870 -0.000000 
0.609679 0.000000 
0.179510 0.000000 
-0.373259 0.000000 
-0.283505 0.000000 
1.093885 -0.000000 
-0.284860 0.000000 
-0.402446 0.000000 
-0.033844 -0.000000 
-0.066806 0.000000 
0.240247 -0.000000 
0.169304 -0.000000 
0.525186 0.000000 
-0.753211 -0.000000 
0.130503 -0.000000 
-0.014666 0.000000 
-0.167446 -0.000000 
-0.085873 0.000000 
0.094403 0.000000 
-0.221663 -0.000000 
0.164408 -0.000000 
0.712670 0.000000 
-0.565395 -0.000000 
-0.154406 -0.000000 
-0.103848 -0.000000 
-0.310690 0.000000 
0.601845 0.000000 
-0.455465 0.000000 
-0.609920 0.000000 
0.339045 -0.000000 
0.211052 0.000000 
-0.854503 0.000000 
1.055804 0.000000 
-0.189965 0.000000 
0.443970 0.000000 
0.019626 0.000000 
0.279670 0.000000 
0.530024 -0.000000 
0.043048 0.000000 
-0.018437 0.000000 
0.028133 -0.000000 
0.164619 -0.000000 
0.587173 -0.000000 
-0.584276 0.000000 
-0.070120 0.000000 
-0.036736 0.000000 
0.133246 -0.000000 
-0.143948 0.000000 
0.083269 0.000000 
0.230717 0.000000 
0.172548 -0.000000 
-0.321369 0.000000 
-0.317267 0.000000 
0.301312 0.000000 
-0.738754 -0.000000 
-0.124811 0.000000 
0.151878 0.000000 
-0.014980 0.000000 
-0.561009 0.000000 
0.321477 0.000000 
-0.357554 0.000000 
0.361965 0.000000 
0.510155 0.000000 
-0.112720 0.000000 
-0.202691 -0.000000 
0.292384 0.000000 
0.008670 0.000000 
-0.315451 0.000000 
-0.139509 0.000000 
0.290273 0.000000 
-0.417146 -0.000000 
-0.575503 0.000000 
0.681233 -0.000000 
0.536225 0.000000 
0.472766 -0.000000 
1.032340 0.000000 
-0.046489 0.000000 
-0.028335 0.000000 
-0.031468 -0.000000 
0.902560 -0.000000 
0.312531 0.000000 
-0.901999 -0.000000 
0.268666 0.000000 
0.277171 -0.000000 
-0.577540 -0.000000 
-0.280445 -0.000000 
-0.347814 0.000000 
-0.473944 0.000000 
0.433433 -0.000000 
0.309034 0.000000 
0.200091 0.000000 
-0.233169 0.000000 
-0.369102 -0.000000 
-0.132290 -0.000000 
0.500761 -0.000000 
0.477497 -0.000000 
-0.044950 -0.000000 
0.419386 0.000000 
-0.474176 0.000000 
-0.591854 -0.000000 
-0.402506 0.000000 
1.155402 -0.000000 
-0.473344 0.000000 
0.050763 0.000000 
0.008437 0.000000 
-0.662844 0.000000 
-0.431625 -0.000000 
0.048406 0.000000 
0.209536 0.000000 
-0.204723 -0.000000 
-0.457150 0.000000 
-0.737139 0.000000 
-0.349478 0.000000 
0.341208 0.000000 
-0.521123 0.000000 
0.018641 0.000000 
0.110177 0.000000 
-0.871697 0.000000 
0.714146 0.000000 
-0.703108 -0.000000 
-0.829154 0.000000 
0.004187 0.000000 
-0.314472 0.000000 
-0.320291 0.000000 
0.648350 0.000000 
0.639642 0.000000 
-0.082188 -0.000000 
-0.472938 0.000000 
-0.434068 0.000000 
0.216889 -0.000000 
0.326608 -0.000000 
0.112762 0.000000 
0.347085 0.000000 
-0.387892 0.000000 
-0.128279 0.000000 
-0.564362 -0.000000 
-0.845091 0.000000 
-0.211561 0.000000 
-0.350997 0.000000 
0.249897 0.000000 
-0.001815 0.000000 
0.005954 -0.000000 
-0.295801 0.000000 
-0.154069 -0.000000 
0.549300 0.000000 
0.122169 0.000000 
0.148572 -0.000000 
0.428489 0.000000 
0.089922 0.000000 
0.791579 0.000000 
0.614526 -0.000000 
0.207696 -0.000000 
0.451862 -0.000000 
-0.126574 -0.000000 
-1.057521 -0.000000 
-0.087465 -0.000000 
-0.746614 0.000000 
0.342079 0.000000 
-0.098512 0.000000 
-0.330485 0.000000 
0.338316 0.000000 
-0.599999 -0.000000 
-0.266347 0.000000 
0.672052 0.000000 
0.749413 0.000000 
1.424040 0.000000 
0.032941 0.000000 
-0.330228 0.000000 
0.030683 0.000000 
-1.111525 0.000000 
0.716510 0.000000 
0.298860 0.000000 
-0.480216 0.000000 
0.952145 -0.000000 
1.208478 0.000000 
-0.103931 0.000000 
-0.658829 0.000000 
-0.028455 0.000000 
0.225269 0.000000 
0.139629 0.000000 
-0.000041 0.000000 
-0.323435 0.000000 
0.207267 -0.000000 
0.301238 0.000000 
-0.831451 0.000000 
-0.601819 0.000000 
-0.373635 -0.000000 
0.241715 -0.000000 
-0.096203 0.000000 
0.847017 -0.000000 
0.210673 0.000000 
0.509812 0.000000 
-0.623606 0.000000 
-0.820957 0.000000 
0.127957 0.000000 
0.661839 -0.000000 
0.464417 0.000000 
-1.151187 -0.000000 
-0.545859 -0.000000 
0.498100 -0.000000 
-0.571992 0.000000 
0.052534 0.000000 
0.146041 0.000000 
0.184480 0.000000 
0.011057 0.000000 
0.165261 -0.000000 
0.038991 0.000000 
0.086415 0.000000 
-0.692953 -0.000000 
-0.031466 0.000000 
-0.046149 0.000000 
-0.760744 -0.000000 
-0.367977 0.000000 
-0.836336 0.000000 
-0.045202 -0.000000 
0.411966 0.000000 
0.161832 -0.000000 
0.519618 -0.000000 
-0.165021 0.000000 
-0.720179 -0.000000 
-0.020999 0.000000 
-0.033821 -0.000000 
0.089278 -0.000000 
0.641589 -0.000000 
0.840641 0.000000 
0.078874 -0.000000 
0.090472 0.000000 
-0.069059 0.000000 
-0.058965 -0.000000 
0.353396 0.000000 
0.251283 0.000000 
-0.329082 -0.000000 
0.178209 0.000000 
-0.687412 0.000000 
0.139292 0.000000 
1.126744 0.000000 
0.540733 0.000000 
0.307589 0.000000 
-0.918097 0.000000 
0.703035 0.000000 
-0.309723 0.000000 
-0.008153 0.000000 
0.163995 -0.000000 
0.474500 0.000000 
0.183227 0.000000 
0.207754 0.000000 
-0.615725 0.000000 
1.144242 0.000000 
0.870138 0.000000 
-0.341935 0.000000 
-0.148112 0.000000 
-0.237228 -0.000000 
-0.321707 0.000000 
0.124678 -0.000000 
-0.660109 -0.000000 
-0.376825 0.000000 
-0.173394 -0.000000 
0.186249 0.000000 
0.623264 -0.000000 
-0.052296 0.000000 
-0.372769 0.000000 
-0.630802 0.000000 
0.532624 0.000000 
0.526749 0.000000 
0.218541 0.000000 
-0.385406 0.000000 
-0.291731 0.000000 
0.270349 -0.000000 
-0.637271 -0.000000 
0.171422 -0.000000 
-0.497320 -0.000000 
-0.533104 0.000000 
0.122897 0.000000 
0.594031 -0.000000 
-1.494410 0.000000 
0.636154 0.000000 
0.882048 0.000000 
0.613412 0.000000 
0.305822 0.000000 
-0.464301 0.000000 
0.501610 0.000000 
0.441035 0.000000 
0.018576 0.000000 
0.117416 0.000000 
0.315827 0.000000 
-0.642883 0.000000 
0.247384 0.000000 
-0.014160 -0.000000 
0.925833 0.000000 
-0.108304 0.000000 
0.521789 -0.000000 
-0.091498 -0.000000 
0.250180 0.000000 
-0.020734 -0.000000 
-0.037816 0.000000 
-0.500730 0.000000 
0.130976 -0.000000 
0.651534 -0.000000 
-0.756260 0.000000 
-0.093595 0.000000 
-0.375678 0.000000 
0.972797 0.000000 
0.102135 0.000000 
-0.925800 0.000000 
0.031366 0.000000 
0.118278 -0.000000 
-0.406131 -0.000000 
0.805474 0.000000 
-0.492456 -0.000000 
-0.469387 0.000000 
-0.495292 0.000000 
-0.760093 -0.000000 
0.727645 0.000000 
0.262969 0.000000 
-0.545533 -0.000000 
-0.379989 0.000000 
0.444033 0.000000 
-0.654976 0.000000 
0.624959 0.000000 
0.410721 0.000000 
-0.397295 -0.000000 
-0.675025 0.000000 
-0.206388 0.000000 
-0.290115 0.000000 
-0.656993 -0.000000 
-0.467928 0.000000 
-0.076361 -0.000000 
0.259801 0.000000 
0.224147 0.000000 
0.327725 -0.000000 
-0.453535 0.000000 
-0.162097 -0.000000 
-0.194269 0.000000 
-0.548948 0.000000 
0.098012 -0.000000 
0.230082 0.000000 
0.166921 0.000000 
-1.005479 0.000000 
-0.404877 0.000000 
0.071120 -0.000000 
0.643872 -0.000000 
0.294243 -0.000000 
-0.457385 0.000000 
-0.233211 0.000000 
-0.459342 0.000000 
-0.114171 -0.000000 
-0.452311 0.000000 
-0.265101 -0.000000 
0.010330 0.000000 
-0.337106 -0.000000 
-0.127974 0.000000 
0.173660 0.000000 
-0.075862 0.000000 
1.022139 -0.000000 
0.185484 -0.000000 
-0.506850 -0.000000 
1.238581 0.000000 
-0.467361 -0.000000 
0.543997 0.000000 
0.494672 0.000000 
-0.909952 -0.000000 
-0.715143 -0.000000 
0.821097 0.000000 
-0.099673 -0.000000 
0.522563 0.000000 
0.742061 0.000000 
0.750121 0.000000 
0.439178 0.000000 
0.527571 -0.000000 
-0.754178 -0.000000 
0.468432 0.000000 
-0.313639 0.000000 
-0.045938 0.000000 
-0.406375 0.000000 
0.273429 -0.000000 
0.421391 0.000000 
-0.102523 -0.000000 
-0.255620 0.000000 
0.276749 0.000000 
0.219046 0.000000 
-0.267630 0.000000 
0.484433 0.000000 
0.008950 0.000000 
0.609620 0.000000 
0.161008 -0.000000 
0.439240 0.000000 
0.350031 0.000000 
-0.188050 0.000000 
-0.438838 0.000000 
0.839810 0.000000 
0.262147 0.000000 
0.968648 -0.000000 
-0.661252 -0.000000 
0.002252 0.000000 
-0.241479 0.000000 
-0.126314 0.000000 
0.856669 0.000000 
-0.304715 0.000000 
-0.841581 -0.000000 
0.477042 0.000000 
-0.308908 -0.000000 
-0.019672 0.000000 
0.978933 -0.000000 
0.350200 0.000000 
0.169895 0.000000 
-0.482476 0.000000 
-0.388351 0.000000 
-0.169911 -0.000000 
-0.316435 0.000000 
-0.219600 -0.000000 
0.179876 0.000000 
0.068132 0.000000 
-0.611391 -0.000000 
-0.610892 -0.000000 
0.224581 0.000000 
-0.503005 0.000000 
-0.007364 0.000000 
0.261464 -0.000000 
0.628401 0.000000 
-0.181948 -0.000000 
0.311605 0.000000 
-0.483590 -0.000000 
0.513872 0.000000 
1.035482 0.000000 
0.405314 0.000000 
0.149722 -0.000000 
-0.029756 -0.000000 
-0.106299 -0.000000 
-0.357824 -0.000000 
0.155239 0.000000 
-0.674920 0.000000 
-0.176502 0.000000 
-0.637180 0.000000 
-0.263509 -0.000000 
1.209166 -0.000000 
-0.198529 -0.000000 
0.679997 0.000000 
0.192987 -0.000000 
-0.521296 0.000000 
0.081625 0.000000 
0.450555 -0.000000 
-0.338293 0.000000 
0.106136 -0.000000 
-0.984801 0.000000 
-0.077815 0.000000 
-0.172701 -0.000000 
0.473809 0.000000 
0.366866 0.000000 
-0.456430 0.000000 
1.265824 0.000000 
0.421989 0.000000 
-0.785551 0.000000 
0.408930 -0.000000 
0.107135 0.000000 
-0.053143 0.000000 
0.409171 0.000000 
-0.001853 0.000000 
0.175865 0.000000 
0.407070 0.000000 
0.561743 -0.000000 
-0.508391 -0.000000 
-0.404936 -0.000000 
-0.160367 0.000000 
0.127607 -0.000000 
-0.097108 0.000000 
-0.647856 0.000000 
-0.976447 0.000000 
0.082721 0.000000 
0.056404 0.000000 
-0.688561 0.000000 
0.543296 0.000000 
-0.088334 0.000000 
0.183841 0.000000 
-0.220843 -0.000000 
0.153758 0.000000 
0.498385 0.000000 
0.114739 0.000000 
0.792381 -0.000000 
-0.119403 -0.000000 
-0.121120 0.000000 
-0.147817 0.000000 
-0.106423 -0.000000 
-0.289409 0.000000 
0.150138 0.000000 
0.123403 0.000000 
-0.680906 0.000000 
0.263788 -0.000000 
1.003798 0.000000 
0.308793 0.000000 
-0.101760 0.000000 
-0.695266 0.000000 
-0.325297 -0.000000 
0.512444 0.000000 
-0.067451 0.000000 
-0.119341 -0.000000 
-0.283032 -0.000000 
0.250404 0.000000 
-0.587392 0.000000 
0.769972 -0.000000 
-0.300881 0.000000 
-0.271241 0.000000 
0.518908 -0.000000 
0.125860 0.000000 
-0.258493 0.000000 
-0.491047 0.000000 
0.495921 0.000000 
-0.517203 0.000000 
0.105481 0.000000 
-0.226298 0.000000 
-0.275153 0.000000 
-0.101871 0.000000 
-0.741196 -0.000000 
1.020386 0.000000 
0.615394 -0.000000 
0.111812 0.000000 
0.033131 0.000000 
-0.541374 -0.000000 
-1.617085 0.000000 
-0.347879 0.000000 
-0.048039 -0.000000 
-0.591943 0.000000 
0.149912 0.000000 
-0.595621 -0.000000 
0.498778 0.000000 
0.243200 0.000000 
0.393451 0.000000 
0.312963 0.000000 
-0.373367 -0.000000 
0.292598 0.000000 
-1.048875 -0.000000 
-0.619505 0.000000 
-0.767122 -0.000000 
0.019227 -0.000000 
0.218283 0.000000 
0.185286 -0.000000 
0.188260 -0.000000 
0.117178 0.000000 
-0.304056 0.000000 
-0.141662 -0.000000 
-0.079976 -0.000000 
-0.410509 0.000000 
0.937067 0.000000 
0.210426 -0.000000 
-0.380412 0.000000 
-1.173782 0.000000 
0.362669 -0.000000 
0.272433 0.000000 
-1.010120 0.000000 
0.563227 0.000000 
0.345291 0.000000 
-0.259954 0.000000 
0.305959 -0.000000 
-0.166250 0.000000 
0.226925 0.000000 
0.912303 0.000000 
0.305038 0.000000 
0.432155 0.000000 
0.308265 0.000000 
0.182656 0.000000 
0.468004 -0.000000 
-0.157684 0.000000 
-0.395609 0.000000 
-0.439634 0.000000 
0.101335 -0.000000 
0.058086 0.000000 
-0.603661 -0.000000 
-0.229484 -0.000000 
0.542166 0.000000 
0.109272 0.000000 
0.425443 0.000000 
-0.274446 0.000000 
-0.560011 0.000000 
-0.102971 0.000000 
0.538460 0.000000 
-0.178101 0.000000 
-0.553672 0.000000 
-0.066476 0.000000 
-0.323706 0.000000 
0.515781 0.000000 
0.189369 0.000000 
-0.239700 0.000000 
0.755300 -0.000000 
-0.008257 -0.000000 
-0.195161 -0.000000 
-0.432097 0.000000 
0.943527 0.000000 
0.733735 0.000000 
0.576466 0.000000 
0.421377 -0.000000 
-0.412170 0.000000 
0.025124 0.000000 
0.273808 0.000000 
-0.060093 0.000000 
-1.730525 0.000000 
0.535397 0.000000 
-0.631274 0.000000 
-0.230852 0.000000 
-0.184780 -0.000000 
0.448357 0.000000 
-0.425881 0.000000 
-0.666798 -0.000000 
-0.509586 0.000000 
-0.368482 0.000000 
0.329876 0.000000 
-0.139801 0.000000 
0.850477 0.000000 
-0.025415 0.000000 
0.061738 0.000000 
0.010439 0.000000 
-0.338881 0.000000 
0.116241 0.000000 
-0.206385 0.000000 
-0.481216 0.000000 
0.409057 -0.000000 
0.463062 -0.000000 
1.703088 0.000000 
-0.221866 0.000000 
-0.589835 0.000000 
-0.045755 0.000000 
-0.418734 -0.000000 
-0.349688 0.000000 
0.369783 0.000000 
-0.669646 0.000000 
-0.510719 0.000000 
-0.947009 0.000000 
0.067539 0.000000 
0.115853 -0.000000 
0.184919 -0.000000 
0.423027 0.000000 
-0.169792 0.000000 
0.309977 0.000000 
-0.051855 0.000000 
-0.273618 0.000000 
0.115333 0.000000 
-0.064269 0.000000 
0.119477 -0.000000 
-0.567697 0.000000 
-0.299642 0.000000 
-0.252897 0.000000 
-0.264556 -0.000000 
-0.508099 -0.000000 
-0.592572 0.000000 
-0.306435 0.000000 
-0.474450 -0.000000 
0.783692 -0.000000 
0.679888 0.000000 
0.261345 -0.000000 
0.259953 0.000000 
-0.189660 0.000000 
-0.628706 0.000000 
-0.815597 -0.000000 
-0.227429 -0.000000 
0.692526 0.000000 
0.668663 -0.000000 
0.752585 -0.000000 
-0.167542 0.000000 
0.240869 -0.000000 
-0.993196 0.000000 
-0.230350 -0.000000 
-0.264308 -0.000000 
-0.681029 0.000000 
-1.001834 0.000000 
0.670912 -0.000000 
-0.714077 0.000000 
-0.409901 0.000000 
-0.188960 -0.000000 
-0.118543 -0.000000 
0.757732 0.000000 
0.772798 0.000000 
0.031763 -0.000000 
0.029112 0.000000 
0.603422 0.000000 
0.881374 -0.000000 
0.093535 0.000000 
-0.019215 -0.000000 
-0.770210 -0.000000 
0.037373 -0.000000 
-0.289262 0.000000 
-0.593501 -0.000000 
0.555317 0.000000 
-0.444346 -0.000000 
0.001043 0.000000 
0.136626 -0.000000 
-0.268466 0.000000 
0.539686 0.000000 
-0.272093 0.000000 
0.026380 -0.000000 
0.010018 0.000000 
-0.171075 -0.000000 
0.651154 -0.000000 
0.584632 -0.000000 
0.086113 0.000000 
-0.056177 -0.000000 
-0.613179 0.000000 
-0.545589 -0.000000 
0.486166 -0.000000 
0.463825 -0.000000 
0.486098 0.000000 
-0.076066 0.000000 
-0.561871 0.000000 
0.777777 0.000000 
0.060507 0.000000 
-0.544636 -0.000000 
0.065828 0.000000 
-0.152858 0.000000 
0.673747 -0.000000 
0.012380 -0.000000 
0.262848 -0.000000 
-0.163986 -0.000000 
0.480184 -0.000000 
-0.603017 0.000000 
0.071116 0.000000 
0.513315 0.000000 
-0.801684 0.000000 
-0.878421 0.000000 
0.221961 0.000000 
-0.934344 0.000000 
-0.469295 0.000000 
0.248305 -0.000000 
0.260197 0.000000 
0.769009 0.000000 
-0.003550 0.000000 
0.415376 0.000000 
-0.473690 0.000000 
0.605147 -0.000000 
-1.178553 0.000000 
0.470066 -0.000000 
0.381684 -0.000000 
-0.161087 -0.000000 
-0.169708 0.000000 
-0.293990 0.000000 
-0.209352 0.000000 
-0.440061 0.000000 
0.018452 0.000000 
-0.015062 0.000000 
0.103200 0.000000 
-0.331830 -0.000000 
0.345897 0.000000 
0.307702 0.000000 
-0.066912 -0.000000 
0.260684 -0.000000 
-1.253276 0.000000 
-1.018984 -0.000000 
0.395936 -0.000000 
0.866291 0.000000 
0.177958 0.000000 
0.386251 -0.000000 
-0.270526 -0.000000 
-0.692585 0.000000 
-0.311332 0.000000 
-0.562422 0.000000 
0.624989 0.000000 
0.527327 -0.000000 
-0.387112 0.000000 
0.091049 0.000000 
-0.283834 0.000000 
-0.121372 0.000000 
-0.586820 0.000000 
0.035175 0.000000 
0.133311 -0.000000 
0.210999 0.000000 
0.297752 0.000000 
-0.534961 0.000000 
-0.191620 0.000000 
-0.031018 0.000000 
0.176302 -0.000000 
-0.867217 0.000000 
-0.504703 -0.000000 
0.584202 -0.000000 
-0.645907 0.000000 
-0.031644 0.000000 
0.153688 -0.000000 
-0.419484 0.000000 
0.006409 0.000000 
-0.299372 0.000000 
0.034909 0.000000 
0.409451 0.000000 
-0.365917 0.000000 
-0.924221 0.000000 
-0.152592 -0.000000 
-0.336615 0.000000 
-0.093332 0.000000 
0.835309 0.000000 
-0.389584 0.000000 
-0.455317 -0.000000 
0.596444 -0.000000 
0.103821 0.000000 
0.094054 0.000000 
0.215198 0.000000 
0.076246 0.000000 
-0.084637 0.000000 
0.005064 -0.000000 
-0.221217 -0.000000 
-0.178475 0.000000 
0.014128 0.000000 
-0.178065 -0.000000 
-0.769244 0.000000 
-0.705501 0.000000 
0.580651 0.000000 
-0.466720 0.000000 
-0.843435 -0.000000 
-0.151947 -0.000000 
-0.457830 0.000000 
0.489491 -0.000000 
-1.124398 -0.000000 
0.374129 -0.000000 
-0.511943 -0.000000 
0.013139 0.000000 
-0.020573 0.000000 
-0.181404 0.000000 
0.662423 0.000000 
0.096816 -0.000000 
-0.404073 -0.000000 
0.715909 0.000000 
-0.390181 0.000000 
0.607917 -0.000000 
0.438523 0.000000 
0.708755 0.000000 
-0.183507 -0.000000 
-0.225947 0.000000 
0.505780 0.000000 
-0.952600 0.000000 
0.568730 0.000000 
-0.450134 -0.000000 
-0.356351 -0.000000 
0.249869 0.000000 
-0.050521 -0.000000 
-0.323215 0.000000 
0.271144 0.000000 
-0.806043 0.000000 
0.563965 -0.000000 
0.182179 0.000000 
-0.416058 0.000000 
0.202696 0.000000 
-0.365911 0.000000 
-0.669149 -0.000000 
-0.253350 0.000000 
-0.447216 -0.000000 
0.397831 0.000000 
0.642362 -0.000000 
-0.080923 0.000000 
-0.269459 0.000000 
-0.460362 -0.000000 
-0.491918 -0.000000 
0.191404 0.000000 
-0.233478 0.000000 
-0.218261 0.000000 
0.587738 0.000000 
0.051417 -0.000000 
-0.147779 0.000000 
0.694877 0.000000 
0.336628 0.000000 
-0.238184 0.000000 
-0.107905 0.000000 
1.318545 0.000000 
0.539214 -0.000000 
0.225180 0.000000 
0.064011 0.000000 
-0.460247 0.000000 
0.238527 -0.000000 
0.114809 0.000000 
0.366121 -0.000000 
-0.211368 0.000000 
-0.576004 0.000000 
-0.887835 -0.000000 
-0.659352 0.000000 
0.209446 0.000000 
-0.193545 0.000000 
0.196229 0.000000 
0.157488 -0.000000 
0.154441 0.000000 
-0.224080 0.000000 
0.124460 -0.000000 
-0.047916 -0.000000 
0.582389 0.000000 
0.575536 0.000000 
1.158515 0.000000 
0.716828 0.000000 
-1.318264 0.000000 
-0.449419 -0.000000 
-0.608730 0.000000 
0.148512 -0.000000 
-0.286875 -0.000000 
-0.076234 0.000000 
-0.197291 0.000000 
-0.621756 -0.000000 
-0.827776 0.000000 
-0.214389 0.000000 
0.113575 -0.000000 
-0.338335 -0.000000 
0.429546 0.000000 
-0.436040 0.000000 
0.608873 0.000000 
-0.817184 -0.000000 
0.921928 0.000000 
-0.870365 0.000000 
-0.404649 -0.000000 
-0.828792 0.000000 
-0.341054 0.000000 
-0.276970 -0.000000 
0.125416 0.000000 
-0.117920 0.000000 
-0.194117 -0.000000 
-0.143117 0.000000 
0.352473 0.000000 
-0.006508 0.000000 
-0.317986 0.000000 
0.448925 -0.000000 
-0.718090 -0.000000 
0.611510 0.000000 
0.288217 0.000000 
0.200462 -0.000000 
-0.373484 0.000000 
-0.318385 0.000000 
0.062989 -0.000000 
-0.063197 -0.000000 
-0.012005 0.000000 
0.062907 -0.000000 
0.403090 -0.000000 
0.114903 0.000000 
0.962758 0.000000 
-0.440539 0.000000 
0.527496 -0.000000 
-0.380502 0.000000 
-0.128966 -0.000000 
-0.150301 -0.000000 
0.267286 -0.000000 
0.695344 -0.000000 
-0.599299 0.000000 
0.033633 0.000000 
-0.412188 0.000000 
-0.253520 -0.000000 
-0.506898 0.000000 
-1.428675 0.000000 
0.345350 -0.000000 
-0.359561 -0.000000 
-0.178359 0.000000 
-0.666635 0.000000 
1.249730 0.000000 
-0.063412 0.000000 
0.329349 0.000000 
0.997678 0.000000 
-0.778105 0.000000 
-1.316897 0.000000 
1.127632 0.000000 
0.145878 0.000000 
0.369276 -0.000000 
-0.688707 -0.000000 
-0.810277 -0.000000 
0.369484 -0.000000 
0.293094 0.000000 
1.322449 0.000000 
-1.043014 0.000000 
0.587489 0.000000 
-0.234078 0.000000 
-0.275501 -0.000000 
-0.615342 -0.000000 
-0.336138 0.000000 
-0.111290 -0.000000 
0.205560 0.000000 
0.305305 0.000000 
0.323819 0.000000 
-0.154019 0.000000 
-0.886147 -0.000000 
0.045014 0.000000 
-0.206957 0.000000 
-0.797648 0.000000 
0.159545 0.000000 
-0.565076 0.000000 
0.073767 0.000000 
0.243494 0.000000 
0.532694 0.000000 
-0.630486 0.000000 
-0.072110 0.000000 
0.180121 0.000000 
-1.109970 0.000000 
0.222014 0.000000 
0.425555 0.000000 
0.044072 0.000000 
0.295854 0.000000 
0.191576 0.000000 
0.212655 0.000000 
-0.137736 0.000000 
-0.353200 0.000000 
-0.086146 0.000000 
-0.445361 0.000000 
0.478985 0.000000 
0.028200 0.000000 
-0.231556 -0.000000 
0.044731 0.000000 
0.514484 0.000000 
-0.252951 0.000000 
-1.240355 -0.000000 
0.125107 0.000000 
-1.001237 0.000000 
0.117177 0.000000 
0.429138 0.000000 
0.098228 -0.000000 
-0.375225 -0.000000 
0.841649 0.000000 
0.410679 0.000000 
0.234797 0.000000 
-0.043981 -0.000000 
0.382420 0.000000 
-0.218676 0.000000 
-0.364721 -0.000000 
0.970030 0.000000 
-0.363661 0.000000 
0.607820 0.000000 
-0.290248 0.000000 
-0.532090 0.000000 
0.481022 -0.000000 
0.411765 0.000000 
0.264073 0.000000 
-0.325813 -0.000000 
-0.111991 0.000000 
-0.006337 0.000000 
-0.545277 0.000000 
-0.005481 -0.000000 
-0.194239 0.000000 
0.391624 0.000000 
0.056276 -0.000000 
-0.089508 -0.000000 
0.041076 0.000000 
-0.069731 0.000000 
-0.979928 0.000000 
0.043128 0.000000 
-0.520364 0.000000 
0.117631 -0.000000 
0.277601 0.000000 
0.085115 0.000000 
0.423463 0.000000 
0.582650 0.000000 
0.019040 0.000000 
0.892546 0.000000 
-0.022938 0.000000 
0.372859 0.000000 
-0.301668 0.000000 
0.159045 0.000000 
-0.224881 0.000000 
0.372651 0.000000 
-0.818797 0.000000 
-0.332007 -0.000000 
0.839454 0.000000 
0.174129 0.000000 
0.542682 0.000000 
-0.519178 0.000000 
0.450154 -0.000000 
0.357247 0.000000 
0.495242 0.000000 
0.759439 0.000000 
0.155385 0.000000 
0.325443 -0.000000 
0.207348 0.000000 
-0.681751 0.000000 
-0.251521 -0.000000 
0.252888 0.000000 
0.170800 0.000000 
-0.008027 0.000000 
-0.042234 0.000000 
0.790429 0.000000 
-0.480361 0.000000 
0.355228 0.000000 
-0.426421 0.000000 
-0.444152 0.000000 
0.104313 0.000000 
-0.000464 -0.000000 
0.509199 0.000000 
-0.051783 -0.000000 
0.691645 0.000000 
0.754776 0.000000 
-0.614310 0.000000 
0.137474 0.000000 
0.027723 0.000000 
0.014559 0.000000 
-0.843113 0.000000 
0.813385 0.000000 
0.529257 0.000000 
0.423911 0.000000 
-0.847243 0.000000 
0.600073 -0.000000 
-0.361793 -0.000000 
-0.299663 0.000000 
0.060157 0.000000 
-0.546646 0.000000 
1.265758 0.000000 
0.431752 0.000000 
-0.445048 0.000000 
-0.142939 0.000000 
0.063300 0.000000 
0.091664 0.000000 
0.105836 0.000000 
-0.254815 0.000000 
-0.707419 0.000000 
-0.222575 0.000000 
0.612045 0.000000 
0.389419 -0.000000 
0.822696 0.000000 
0.379500 0.000000 
0.739219 0.000000 
-0.853029 0.000000 
0.440513 0.000000 
0.024572 -0.000000 
0.540104 0.000000 
0.321648 0.000000 
0.078588 0.000000 
0.055913 -0.000000 
-0.505858 0.000000 
-0.832762 -0.000000 
-0.345306 0.000000 
-0.190607 0.000000 
-0.210638 0.000000 
-0.138743 0.000000 
-0.000934 -0.000000 
-0.791007 -0.000000 
0.199162 0.000000 
-0.001941 0.000000 
0.997975 0.000000 
0.412397 0.000000 
-0.191957 0.000000 
-0.390328 0.000000 
0.780673 0.000000 
-0.925518 0.000000 
-0.032315 0.000000 
0.894287 0.000000 
1.088160 0.000000 
0.450458 0.000000 
0.412340 -0.000000 
0.438188 0.000000 
0.583064 0.000000 
0.405684 0.000000 
1.679483 0.000000 
0.123902 -0.000000 
0.602284 0.000000 
0.055860 -0.000000 
0.138508 0.000000 
-0.820329 0.000000 
-0.261613 0.000000 
-0.523759 -0.000000 
-0.514698 0.000000 
-0.494129 0.000000 
-0.274012 0.000000 
-0.145231 0.000000 
-0.283866 0.000000 
0.223395 0.000000 
0.094295 0.000000 
0.127315 0.000000 
-0.895564 -0.000000 
-0.473118 0.000000 
0.088268 -0.000000 
-0.375494 -0.000000 
-0.099336 0.000000 
-0.568249 -0.000000 
0.447474 0.000000 
-0.835656 -0.000000 
-0.155202 0.000000 
-1.398079 -0.000000 
1.146555 0.000000 
-1.243327 0.000000 
0.491207 -0.000000 
-0.258591 0.000000 
0.181195 0.000000 
-1.012332 0.000000 
-0.564564 -0.000000 
0.198639 0.000000 
1.014874 0.000000 
-1.180749 0.000000 
0.598213 0.000000 
-0.085420 -0.000000 
-0.163230 0.000000 
0.075364 0.000000 
0.033618 0.000000 
-0.414323 0.000000 
-0.477184 0.000000 
0.690592 -0.000000 
0.689535 0.000000 
-0.111228 0.000000 
0.275566 -0.000000 
0.437860 0.000000 
-0.258342 0.000000 
0.549917 0.000000 
-0.057058 -0.000000 
-0.697947 0.000000 
-0.121975 0.000000 
0.509985 0.000000 
0.218407 -0.000000 
-1.020691 0.000000 
-0.394487 0.000000 
-0.308967 0.000000 
-0.128000 0.000000 
-0.114212 0.000000 
-0.761830 0.000000 
-0.006208 0.000000 
0.148215 0.000000 
0.904023 -0.000000 
0.400636 0.000000 
-0.691230 0.000000 
-0.468427 0.000000 
0.371008 0.000000 
-0.722173 0.000000 
-0.104120 0.000000 
0.335495 -0.000000 
-0.257524 0.000000 
0.602345 -0.000000 
-0.554643 0.000000 
0.688024 0.000000 
0.623312 -0.000000 
-0.123324 0.000000 
0.446831 -0.000000 
-0.535720 0.000000 
0.648960 -0.000000 
0.674124 0.000000 
-0.141808 -0.000000 
0.153065 0.000000 
-0.912332 0.000000 
0.324981 -0.000000 
-0.474831 0.000000 
-0.582163 0.000000 
-0.999486 0.000000 
-0.898367 0.000000 
-0.191943 0.000000 
0.233105 -0.000000 
0.560819 0.000000 
-0.659056 0.000000 
0.739289 0.000000 
-0.050172 -0.000000 
-0.450251 0.000000 
-0.232944 0.000000 
0.178058 0.000000 
-0.119251 0.000000 
-1.008051 -0.000000 
-0.418456 0.000000 
-0.998446 0.000000 
-0.111273 0.000000 
1.101088 -0.000000 
0.099398 0.000000 
-0.069568 -0.000000 
-0.003196 -0.000000 
-0.559410 0.000000 
-0.863935 0.000000 
0.753824 -0.000000 
0.610580 0.000000 
-0.271271 0.000000 
0.416082 -0.000000 
-0.237804 0.000000 
0.972058 0.000000 
1.210208 -0.000000 
-0.329002 0.000000 
-0.343763 0.000000 
-0.468589 0.000000 
-0.422510 0.000000 
-0.978938 0.000000 
0.054150 -0.000000 
0.047650 -0.000000 
-0.200038 0.000000 
-0.395123 -0.000000 
-0.270482 0.000000 
-1.032396 -0.000000 
-0.959465 -0.000000 
-0.500372 0.000000 
0.035839 -0.000000 
-0.545772 0.000000 
0.119773 0.000000 
-0.309973 -0.000000 
0.833358 0.000000 
0.718090 -0.000000 
-0.299991 -0.000000 
-0.289462 0.000000 
0.652063 0.000000 
-0.550679 -0.000000 
-0.652682 -0.000000 
0.481942 -0.000000 
-0.320246 0.000000 
0.028896 0.000000 
-0.128258 -0.000000 
1.029914 0.000000 
-0.867739 0.000000 
-0.352148 -0.000000 
0.195094 -0.000000 
1.021237 -0.000000 
0.465841 0.000000 
-0.083420 0.000000 
-0.117537 0.000000 
-0.851453 -0.000000 
1.101865 0.000000 
-0.769145 0.000000 
-0.256628 -0.000000 
0.260914 -0.000000 
0.607002 0.000000 
1.159171 0.000000 
0.240941 -0.000000 
-1.337134 0.000000 
0.556407 -0.000000 
-0.064047 0.000000 
0.477477 0.000000 
-0.665542 0.000000 
0.158244 0.000000 
0.402459 0.000000 
-0.383459 0.000000 
-0.119614 -0.000000 
-0.179993 0.000000 
0.008591 0.000000 
0.041969 0.000000 
0.535663 0.000000 
-0.019899 0.000000 
-0.588441 0.000000 
-0.743063 0.000000 
0.368182 0.000000 
0.450651 0.000000 
0.331747 -0.000000 
0.067080 -0.000000 
-0.285824 0.000000 
0.761996 -0.000000 
-0.243569 0.000000 
-0.307525 -0.000000 
0.059045 -0.000000 
-0.227654 0.000000 
-0.340585 -0.000000 
0.307152 0.000000 
0.257286 0.000000 
0.210114 0.000000 
1.020021 0.000000 
1.200738 0.000000 
0.843604 0.000000 
-0.471781 -0.000000 
1.128569 0.000000 
-0.625618 0.000000 
0.054339 0.000000 
0.470140 0.000000 
-0.283658 0.000000 
-0.055794 0.000000 
0.324683 0.000000 
-0.102449 -0.000000 
-0.770390 0.000000 
0.248352 -0.000000 
0.085784 0.000000 
0.059244 -0.000000 
0.235566 -0.000000 
0.735714 0.000000 
0.245632 0.000000 
-0.036584 0.000000 
-0.374895 0.000000 
-0.234113 -0.000000 
0.452287 -0.000000 
0.222828 -0.000000 
0.443340 0.000000 
-0.166249 0.000000 
-0.662141 -0.000000 
0.020953 0.000000 
-0.293287 0.000000 
-0.941506 0.000000 
-0.637101 0.000000 
0.744220 -0.000000 
0.070235 -0.000000 
-0.104900 -0.000000 
0.067042 -0.000000 
-0.467796 -0.000000 
-0.397692 0.000000 
0.589757 0.000000 
-0.629797 -0.000000 
0.261379 0.000000 
-0.130696 -0.000000 
-0.418949 -0.000000 
0.266383 0.000000 
0.463538 -0.000000 
0.390688 0.000000 
0.238074 -0.000000 
-0.305829 0.000000 
-0.487602 0.000000 
-0.657120 0.000000 
0.362843 0.000000 
1.285996 -0.000000 
-0.168438 0.000000 
-0.951425 -0.000000 
-0.145163 0.000000 
-0.092772 0.000000 
0.113697 -0.000000 
-0.360720 0.000000 
0.051270 0.000000 
0.137348 -0.000000 
0.774972 0.000000 
-0.584201 0.000000 
0.363365 0.000000 
1.168314 0.000000 
0.066125 -0.000000 
-0.257558 0.000000 
0.449569 -0.000000 
-0.024316 -0.000000 
0.736102 0.000000 
-0.538419 0.000000 
0.219157 -0.000000 
0.384332 0.000000 
0.137842 0.000000 
-0.145396 -0.000000 
0.183776 -0.000000 
1.024274 0.000000 
0.142717 0.000000 
-0.134530 0.000000 
0.167187 0.000000 
0.192147 0.000000 
0.609885 0.000000 
-0.081672 0.000000 
-0.474941 0.000000 
1.127978 0.000000 
0.025058 0.000000 
0.108920 0.000000 
-0.004883 0.000000 
-0.161623 0.000000 
0.363157 0.000000 
0.014600 0.000000 
0.025198 0.000000 
-0.308217 0.000000 
0.113052 -0.000000 
-0.145784 -0.000000 
0.069854 0.000000 
-0.049520 -0.000000 
-0.443700 0.000000 
-0.001948 -0.000000 
-0.117732 0.000000 
0.207137 0.000000 
-0.128173 0.000000 
-0.586252 0.000000 
-0.004255 0.000000 
0.559773 0.000000 
-0.310454 0.000000 
-0.698136 0.000000 
0.381601 0.000000 
0.286056 0.000000 
-0.918993 0.000000 
0.116942 -0.000000 
0.297173 -0.000000 
0.787957 0.000000 
0.345693 -0.000000 
0.431154 0.000000 
-0.445852 0.000000 
-0.190071 -0.000000 
-0.601710 0.000000 
0.463610 0.000000 
-0.603771 0.000000 
0.426646 0.000000 
0.778084 -0.000000 
0.099857 0.000000 
0.225835 -0.000000 
1.116328 0.000000 
0.121744 0.000000 
-0.071221 0.000000 
-0.016375 -0.000000 
0.086636 0.000000 
0.553854 0.000000 
0.231009 0.000000 
-0.659456 0.000000 
0.010397 -0.000000 
-0.663792 0.000000 
0.409626 0.000000 
-0.662988 -0.000000 
-0.328200 0.000000 
0.816292 -0.000000 
0.112933 0.000000 
-0.236847 0.000000 
-0.189656 -0.000000 
0.126148 0.000000 
-0.479072 -0.000000 
-0.203546 -0.000000 
0.147892 0.000000 
0.126622 -0.000000 
-0.107017 0.000000 
0.069133 0.000000 
-0.031313 -0.000000 
0.281431 -0.000000 
-0.859423 -0.000000 
0.739780 0.000000 
0.287857 0.000000 
-0.162654 0.000000 
0.302760 0.000000 
-0.024921 0.000000 
-0.230608 -0.000000 
-0.092838 0.000000 
0.004227 -0.000000 
0.291318 -0.000000 
-1.215081 0.000000 
0.757103 0.000000 
0.228580 0.000000 
0.243996 0.000000 
-0.443765 0.000000 
-0.227936 0.000000 
0.470650 -0.000000 
-0.732029 0.000000 
0.107183 -0.000000 
0.980075 0.000000 
0.376384 0.000000 
-0.812770 0.000000 
-0.410744 0.000000 
0.720768 -0.000000 
0.365275 -0.000000 
-0.165257 0.000000 
0.342851 0.000000 
0.420641 0.000000 
-0.449329 0.000000 
-0.052002 -0.000000 
-0.442523 0.000000 
-0.171795 0.000000 
0.440159 -0.000000 
-0.208697 0.000000 
-0.258478 0.000000 
0.336831 0.000000 
-0.324623 -0.000000 
0.015694 0.000000 
0.015752 0.000000 
0.385077 0.000000 
-1.020355 -0.000000 
0.351183 0.000000 
-0.242374 -0.000000 
-0.446352 0.000000 
-1.186707 0.000000 
0.026765 0.000000 
-0.255766 0.000000 
0.181001 0.000000 
0.197152 0.000000 
0.360849 0.000000 
-0.702526 0.000000 
0.074895 -0.000000 
0.481126 0.000000 
-0.737287 -0.000000 
-0.141910 0.000000 
-0.170212 0.000000 
-0.631375 -0.000000 
-0.506562 0.000000 
-1.110105 0.000000 
-0.397910 -0.000000 
0.022670 0.000000 
-0.309477 0.000000 
-0.085750 0.000000 
0.225593 0.000000 
0.062105 0.000000 
0.782690 0.000000 
-0.456524 0.000000 
-0.063825 0.000000 
-0.494440 0.000000 
-0.097501 0.000000 
0.681137 0.000000 
-1.064998 -0.000000 
-1.270415 -0.000000 
-0.206642 0.000000 
-0.183227 0.000000 
-0.141650 0.000000 
0.637753 0.000000 
0.181516 -0.000000 
0.404826 0.000000 
0.678398 -0.000000 
-0.293602 0.000000 
0.695668 0.000000 
0.132905 0.000000 
0.213605 -0.000000 
0.421549 -0.000000 
-0.827179 0.000000 
-0.174395 0.000000 
-0.241536 0.000000 
0.089550 0.000000 
-0.716815 0.000000 
0.200664 -0.000000 
0.198600 0.000000 
0.846156 0.000000 
-0.155551 0.000000 
0.173229 0.000000 
0.909493 0.000000 
-0.234591 0.000000 
-1.257443 0.000000 
-1.059993 -0.000000 
-0.117154 -0.000000 
0.792559 0.000000 
-0.567353 0.000000 
-0.602391 0.000000 
-0.303346 0.000000 
-0.350997 -0.000000 
-0.881867 0.000000 
0.054907 -0.000000 
-0.166189 0.000000 
-0.354033 0.000000 
0.757836 0.000000 
-0.341368 -0.000000 
-0.321230 -0.000000 
-0.232168 0.000000 
0.431157 0.000000 
0.265411 -0.000000 
0.046618 0.000000 
0.014797 0.000000 
-0.616489 0.000000 
-0.179590 0.000000 
0.779777 0.000000 
-0.010311 0.000000 
-0.830149 0.000000 
0.685961 0.000000 
0.122042 -0.000000 
-0.070036 0.000000 
-0.353107 0.000000 
0.145359 0.000000 
-0.280649 0.000000 
0.133382 0.000000 
-1.054913 0.000000 
0.060119 -0.000000 
-0.285515 -0.000000 
0.249187 -0.000000 
0.345136 0.000000 
-0.214334 0.000000 
0.285965 0.000000 
-0.865959 0.000000 
0.464573 0.000000 
0.374717 0.000000 
-0.083806 0.000000 
0.192009 0.000000 
-0.113036 0.000000 
0.025225 0.000000 
-0.079781 -0.000000 
0.293625 0.000000 
1.053133 -0.000000 
0.231365 0.000000 
1.002726 0.000000 
0.717219 -0.000000 
0.297122 -0.000000 
-0.369197 0.000000 
0.034340 -0.000000 
0.185027 0.000000 
-0.251391 0.000000 
-0.713716 -0.000000 
-0.035930 0.000000 
0.234310 0.000000 
-0.299613 0.000000 
0.401481 0.000000 
-0.007381 -0.000000 
0.308518 0.000000 
-1.069525 -0.000000 
-0.407513 -0.000000 
-0.554813 -0.000000 
0.031582 0.000000 
-0.513401 0.000000 
-0.095494 -0.000000 
0.484553 -0.000000 
-0.062951 -0.000000 
0.472630 0.000000 
0.196477 0.000000 
0.091448 0.000000 
0.335089 0.000000 
-0.070218 0.000000 
0.496427 0.000000 
0.303822 0.000000 
-0.150307 -0.000000 
-0.312880 0.000000 
0.787998 -0.000000 
0.072097 -0.000000 
0.107165 0.000000 
-0.341744 0.000000 
0.133033 -0.000000 
-0.230243 0.000000 
-0.528115 -0.000000 
0.794396 -0.000000 
0.157109 0.000000 
0.628600 -0.000000 
0.024314 -0.000000 
-0.802237 0.000000 
0.266319 0.000000 
-0.480802 0.000000 
0.410419 -0.000000 
0.805611 -0.000000 
0.150466 0.000000 
0.408430 0.000000 
0.540655 0.000000 
-0.538265 0.000000 
0.013079 0.000000 
0.035828 0.000000 
0.183346 0.000000 
-0.651889 0.000000 
0.543318 0.000000 
1.131551 0.000000 
0.602094 -0.000000 
-0.763344 -0.000000 
-0.137857 0.000000 
0.533878 0.000000 
0.050052 0.000000 
-0.361083 0.000000 
0.015908 0.000000 
-0.654740 -0.000000 
0.858384 0.000000 
-0.397418 0.000000 
0.379681 0.000000 
-0.136550 0.000000 
-0.395524 0.000000 
-0.387998 -0.000000 
-0.591560 0.000000 
1.240944 0.000000 
0.345264 -0.000000 
-0.205667 0.000000 
0.723815 0.000000 
-0.525260 0.000000 
-0.104219 0.000000 
0.660841 0.000000 
1.045130 -0.000000 
-0.340709 -0.000000 
1.130002 0.000000 
-0.011071 0.000000 
-0.024847 -0.000000 
0.124016 -0.000000 
-0.455401 0.000000 
-0.184826 0.000000 
0.367572 -0.000000 
1.206406 0.000000 
-0.006355 0.000000 
-0.228231 -0.000000 
-0.200808 0.000000 
0.202155 0.000000 
-0.035767 0.000000 
-0.589379 0.000000 
-0.635398 -0.000000 
-0.136647 0.000000 
0.508543 -0.000000 
-0.307035 -0.000000 
-0.374037 0.000000 
0.169527 0.000000 
0.918869 0.000000 
-0.013430 0.000000 
0.323605 0.000000 
0.757828 -0.000000 
0.215784 -0.000000 
0.247662 -0.000000 
-0.038320 -0.000000 
0.084424 -0.000000 
-0.518897 0.000000 
-0.544899 -0.000000 
-0.009026 0.000000 
0.403849 0.000000 
-0.053775 0.000000 
0.329939 -0.000000 
-0.236316 0.000000 
-0.902265 0.000000 
0.299475 -0.000000 
0.379093 -0.000000 
0.420852 0.000000 
0.121086 -0.000000 
-0.966249 0.000000 
-0.342597 0.000000 
0.528625 -0.000000 
0.929338 0.000000 
-0.189294 0.000000 
0.520311 -0.000000 
-0.004722 -0.000000 
0.151249 0.000000 
0.309493 0.000000 
-0.179066 0.000000 
-0.418358 -0.000000 
-0.928629 0.000000 
0.116904 0.000000 
0.196824 0.000000 
-0.910621 0.000000 
0.255036 0.000000 
-0.366205 0.000000 
0.372312 0.000000 
0.821249 0.000000 
-0.129176 0.000000 
0.470793 0.000000 
0.080116 0.000000 
0.570895 -0.000000 
0.099917 0.000000 
1.316591 0.000000 
0.883230 0.000000 
-0.009891 0.000000 
0.083180 0.000000 
0.095331 -0.000000 
0.810918 -0.000000 
-0.001553 0.000000 
-0.098524 -0.000000 
-0.059314 0.000000 
-0.618603 0.000000 
0.583227 -0.000000 
-0.649035 0.000000 
0.182133 -0.000000 
-0.819188 0.000000 
0.303892 0.000000 
0.362297 -0.000000 
0.849046 -0.000000 
0.367938 0.000000 
0.061639 0.000000 
-0.513088 -0.000000 
0.095889 0.000000 
-0.721764 0.000000 
0.286690 0.000000 
0.249453 0.000000 
-0.832330 -0.000000 
0.614475 0.000000 
0.187213 0.000000 
-0.225989 0.000000 
-0.026392 0.000000 
0.466433 0.000000 
0.402271 0.000000 
0.606605 0.000000 
0.034899 0.000000 
0.206241 -0.000000 
0.147663 0.000000 
0.368671 0.000000 
-0.475928 0.000000 
-0.237613 -0.000000 
0.247233 0.000000 
-1.240004 0.000000 
-0.110124 0.000000 
0.094523 -0.000000 
0.907672 -0.000000 
0.306431 0.000000 
0.107132 0.000000 
0.410435 0.000000 
-0.383756 -0.000000 
0.138688 0.000000 
0.442607 -0.000000 
0.708563 0.000000 
-0.446959 -0.000000 
0.765152 0.000000 
-0.648497 0.000000 
0.544138 0.000000 
0.245465 0.000000 
-1.248290 0.000000 
0.340903 0.000000 
0.859680 0.000000 
-0.529636 0.000000 
-0.827774 0.000000 
0.979528 0.000000 
0.141093 0.000000 
0.098570 -0.000000 
-0.075746 0.000000 
0.576141 0.000000 
-0.042107 0.000000 
-0.258847 0.000000 
-0.533046 -0.000000 
-0.137196 -0.000000 
-0.074591 0.000000 
0.043794 0.000000 
0.087528 0.000000 
0.390281 0.000000 
0.234399 0.000000 
-0.162360 -0.000000 
-0.631207 0.000000 
0.152013 -0.000000 
-0.477343 0.000000 
-0.293119 0.000000 
-0.481438 0.000000 
-0.408751 0.000000 
0.386349 0.000000 
-0.121919 -0.000000 
-0.320674 0.000000 
-0.060855 0.000000 
0.354673 0.000000 
-0.046836 -0.000000 
0.048442 0.000000 
-0.221110 0.000000 
0.341373 0.000000 
-0.093497 0.000000 
-0.584595 0.000000 
-0.759939 0.000000 
-0.529990 0.000000 
-0.930745 0.000000 
-0.153560 -0.000000 
-0.365484 0.000000 
0.115333 0.000000 
0.840653 -0.000000 
-1.014897 0.000000 
0.087562 0.000000 
0.469011 0.000000 
0.441298 0.000000 
0.864158 -0.000000 
0.577423 -0.000000 
0.578270 0.000000 
-0.340148 0.000000 
0.521155 0.000000 
-0.467314 -0.000000 
0.327838 -0.000000 
-0.507751 0.000000 
0.521295 -0.000000 
-0.595478 -0.000000 
0.182570 0.000000 
0.640904 -0.000000 
-0.192136 0.000000 
1.209814 0.000000 
0.457622 -0.000000 
-0.099790 0.000000 
0.248700 -0.000000 
-0.233750 -0.000000 
0.632746 -0.000000 
0.511136 0.000000 
0.501097 -0.000000 
-0.048290 0.000000 
1.123723 0.000000 
-0.255637 0.000000 
-0.295128 0.000000 
0.727008 -0.000000 
-0.944175 0.000000 
-0.039732 -0.000000 
-0.525641 0.000000 
-0.166950 0.000000 
-0.484377 0.000000 
-0.179170 0.000000 
-0.282522 0.000000 
0.243139 -0.000000 
-0.066250 -0.000000 
-0.421393 -0.000000 
-0.269795 -0.000000 
0.046964 0.000000 
-0.491144 0.000000 
-0.450612 0.000000 
0.058763 -0.000000 
-0.100303 -0.000000 
0.603433 0.000000 
-0.356049 0.000000 
-0.167808 -0.000000 
-0.923635 0.000000 
-0.200890 0.000000 
-0.092959 -0.000000 
-0.441482 0.000000 
0.497634 -0.000000 
0.466362 -0.000000 
-0.782160 -0.000000 
-0.555868 0.000000 
0.570236 0.000000 
-0.328245 0.000000 
-0.392085 0.000000 
-0.517640 0.000000 
-0.432712 0.000000 
-0.663060 0.000000 
0.061775 0.000000 
0.300249 0.000000 
0.263900 0.000000 
-0.067754 0.000000 
-0.095928 0.000000 
0.475751 -0.000000 
0.513565 0.000000 
-0.196506 0.000000 
-0.510153 0.000000 
0.078952 0.000000 
1.194997 0.000000 
-0.112202 0.000000 
-0.615272 -0.000000 
0.219173 0.000000 
0.420755 -0.000000 
-0.449605 -0.000000 
-0.245394 0.000000 
-0.071097 -0.000000 
-0.177085 -0.000000 
0.796119 0.000000 
0.208593 -0.000000 
-0.494704 0.000000 
-0.119904 0.000000 
0.320040 0.000000 
0.357878 -0.000000 
0.413393 0.000000 
0.501236 0.000000 
0.233616 0.000000 
-0.848895 0.000000 
-0.681354 0.000000 
-0.134592 -0.000000 
0.196375 -0.000000 
0.036147 0.000000 
0.899928 0.000000 
0.053956 0.000000 
0.524741 -0.000000 
1.089811 0.000000 
-0.045623 -0.000000 
0.378100 -0.000000 
0.664332 0.000000 
-0.197160 0.000000 
0.496837 -0.000000 
0.211914 0.000000 
0.004075 -0.000000 
0.373271 0.000000 
-0.002929 0.000000 
0.231177 -0.000000 
-0.580229 -0.000000 
0.154820 0.000000 
-0.126747 -0.000000 
0.400188 -0.000000 
0.483119 0.000000 
0.632345 0.000000 
0.331214 0.000000 
-0.631172 0.000000 
0.967170 0.000000 
-0.178314 0.000000 
-0.425569 -0.000000 
0.238154 0.000000 
-0.052562 -0.000000 
0.323341 -0.000000 
0.160328 -0.000000 
-1.164289 0.000000 
0.270603 0.000000 
-0.219487 0.000000 
0.948842 0.000000 
-0.438516 0.000000 
0.140002 -0.000000 
0.491558 0.000000 
-0.670862 0.000000 
0.374359 -0.000000 
0.337092 -0.000000 
-0.372524 0.000000 
-0.660903 0.000000 
-0.438966 0.000000 
0.401895 0.000000 
-0.432990 -0.000000 
-0.250803 0.000000 
-0.657368 0.000000 
-0.706465 -0.000000 
1.030831 -0.000000 
-0.471314 0.000000 
-0.872742 0.000000 
-0.551396 0.000000 
0.667963 -0.000000 
0.387372 0.000000 
0.462914 0.000000 
0.030333 -0.000000 
-0.394415 -0.000000 
1.002310 -0.000000 
-0.461447 0.000000 
-0.392027 0.000000 
-0.728533 -0.000000 
-1.152985 -0.000000 
-0.533490 0.000000 
1.602663 -0.000000 
-0.088149 0.000000 
-0.732012 0.000000 
-0.473291 0.000000 
-0.045362 0.000000 
-0.946168 0.000000 
0.423194 0.000000 
-0.040972 0.000000 
-0.500068 0.000000 
-0.806607 0.000000 
0.988031 0.000000 
0.308260 0.000000 
0.513184 0.000000 
-0.784398 0.000000 
0.119231 -0.000000 
-0.509221 0.000000 
0.429305 0.000000 
-0.137781 -0.000000 
0.571729 0.000000 
-0.014923 -0.000000 
-0.082136 0.000000 
1.615444 0.000000 
0.011929 0.000000 
0.712116 -0.000000 
0.242010 0.000000 
0.678292 0.000000 
0.588118 0.000000 
-0.167690 0.000000 
0.212527 0.000000 
0.350451 0.000000 
-1.112633 -0.000000 
0.243766 0.000000 
-0.581693 0.000000 
-0.555988 -0.000000 
-0.885413 0.000000 
0.065714 0.000000 
0.119204 -0.000000 
-0.532565 0.000000 
-0.583818 0.000000 
0.642137 0.000000 
-0.773514 0.000000 
-0.109813 0.000000 
-0.921906 0.000000 
-0.312992 0.000000 
-0.297400 0.000000 
0.570038 0.000000 
-0.589746 0.000000 
0.370025 0.000000 
0.321990 -0.000000 
0.219315 0.000000 
-0.399328 -0.000000 
0.430502 -0.000000 
-0.725369 -0.000000 
-0.767912 -0.000000 
-0.535931 -0.000000 
0.718940 0.000000 
-0.314229 0.000000 
0.136638 -0.000000 
-0.383576 0.000000 
-0.007043 -0.000000 
-0.075761 0.000000 
0.536821 0.000000 
-0.130127 0.000000 
0.180703 0.000000 
-0.282042 0.000000 
0.030737 0.000000 
0.434187 0.000000 
0.596539 0.000000 
0.434265 -0.000000 
0.517310 0.000000 
0.229000 0.000000 
0.020335 -0.000000 
-0.437246 0.000000 
0.158587 0.000000 
0.169079 0.000000 
-0.093879 0.000000 
-0.515913 0.000000 
1.096299 -0.000000 
-1.004886 0.000000 
-1.100111 0.000000 
0.025291 0.000000 
-0.371013 -0.000000 
-0.026358 0.000000 
0.363069 -0.000000 
-0.002883 0.000000 
-0.696884 0.000000 
0.130884 0.000000 
0.251877 0.000000 
0.097145 0.000000 
0.055445 0.000000 
0.231090 0.000000 
-0.344627 0.000000 
0.365096 0.000000 
-0.548726 0.000000 
-1.144519 -0.000000 
0.478169 0.000000 
0.889202 0.000000 
-0.701926 0.000000 
0.556942 0.000000 
0.248198 0.000000 
0.770816 0.000000 
1.005067 -0.000000 
0.898545 0.000000 
0.097333 -0.000000 
-0.499904 0.000000 
0.069746 0.000000 
-0.504410 -0.000000 
0.302644 -0.000000 
0.784425 -0.000000 
-0.438919 0.000000 
-0.074770 0.000000 
-0.017885 0.000000 
-0.108669 0.000000 
0.140960 0.000000 
-0.007522 0.000000 
-0.661542 -0.000000 
-0.275699 -0.000000 
-0.264907 -0.000000 
-0.522204 0.000000 
-0.163848 0.000000 
-0.598439 0.000000 
-0.463915 0.000000 
0.266505 0.000000 
-1.065282 0.000000 
-0.012862 0.000000 
0.463135 0.000000 
0.073862 0.000000 
-0.208509 0.000000 
0.395133 0.000000 
0.119936 0.000000 
-0.382672 0.000000 
-0.287980 0.000000 
1.088027 0.000000 
0.261657 -0.000000 
0.510695 0.000000 
-0.093304 0.000000 
-0.454511 0.000000 
0.584610 0.000000 
-0.340120 0.000000 
0.252617 0.000000 
0.185722 -0.000000 
0.374527 0.000000 
-0.454041 0.000000 
0.199431 0.000000 
-0.651048 0.000000 
0.967711 0.000000 
0.984646 0.000000 
1.293556 0.000000 
0.742802 -0.000000 
0.159414 -0.000000 
0.000881 -0.000000 
-0.572996 0.000000 
-0.189119 0.000000 
0.783891 -0.000000 
-0.043027 -0.000000 
-0.674760 -0.000000 
0.556571 0.000000 
-0.984390 0.000000 
0.048945 0.000000 
-0.397627 -0.000000 
-0.266460 0.000000 
-0.036643 0.000000 
0.116452 0.000000 
-0.100255 0.000000 
0.207159 -0.000000 
0.907527 0.000000 
-0.002386 -0.000000 
-0.665276 -0.000000 
-0.264804 0.000000 
0.787554 0.000000 
0.198888 0.000000 
0.072964 0.000000 
-0.183190 0.000000 
0.171067 0.000000 
0.251127 -0.000000 
-0.957385 0.000000 
-0.248094 0.000000 
-0.463631 -0.000000 
-0.194448 0.000000 
-0.212869 0.000000 
-0.035402 -0.000000 
0.079784 0.000000 
0.017269 0.000000 
0.339093 -0.000000 
-0.658427 -0.000000 
0.165446 -0.000000 
0.061807 0.000000 
0.271031 -0.000000 
-0.379124 0.000000 
-0.480072 -0.000000 
-0.980348 -0.000000 
0.785778 0.000000 
0.001374 0.000000 
0.490771 0.000000 
0.541477 -0.000000 
0.307427 0.000000 
0.209690 -0.000000 
0.379827 0.000000 
-0.481024 -0.000000 
0.834188 0.000000 
0.167272 -0.000000 
-1.140773 0.000000 
-0.426801 0.000000 
0.065217 -0.000000 
-0.136796 0.000000 
-0.654782 0.000000 
0.189763 -0.000000 
0.291257 0.000000 
-0.545968 0.000000 
0.289137 0.000000 
-0.624423 0.000000 
-0.106275 0.000000 
-0.130786 0.000000 
-0.418813 0.000000 
1.356272 0.000000 
1.064987 0.000000 
0.451214 0.000000 
-0.421513 0.000000 
0.421012 0.000000 
0.431385 0.000000 
-1.297708 -0.000000 
-0.892005 0.000000 
-0.646502 -0.000000 
-0.519665 0.000000 
-0.104598 -0.000000 
-1.143141 -0.000000 
0.098023 0.000000 
0.608410 0.000000 
0.500980 0.000000 
0.437293 0.000000 
-0.426216 -0.000000 
0.237930 -0.000000 
0.226868 -0.000000 
-0.481753 0.000000 
-0.702618 0.000000 
0.427311 -0.000000 
0.086210 0.000000 
-0.080561 0.000000 
-0.103386 -0.000000 
-0.155766 -0.000000 
0.366999 0.000000 
0.985784 0.000000 
0.139854 0.000000 
0.168783 0.000000 
0.227417 -0.000000 
-0.241578 0.000000 
0.124057 0.000000 
0.419777 -0.000000 
0.214225 -0.000000 
0.029757 0.000000 
0.178461 0.000000 
-0.385604 0.000000 
-0.514852 0.000000 
-0.310149 0.000000 
-0.668443 0.000000 
-0.032199 0.000000 
0.212128 0.000000 
-0.420325 0.000000 
-0.141159 0.000000 
0.418071 0.000000 
-0.236032 0.000000 
0.737837 0.000000 
-0.130540 -0.000000 
-0.874070 -0.000000 
0.107283 -0.000000 
0.308784 0.000000 
0.693448 0.000000 
0.539694 0.000000 
-0.065910 -0.000000 
0.354210 -0.000000 
1.072752 0.000000 
0.238088 0.000000 
1.151497 -0.000000 
-0.410834 0.000000 
0.059061 -0.000000 
0.370156 -0.000000 
0.539829 0.000000 
-0.797176 0.000000 
-0.139948 0.000000 
-0.150283 0.000000 
-1.951094 -0.000000 
-0.420314 0.000000 
-0.481754 0.000000 
0.163403 -0.000000 
-0.473957 0.000000 
1.032810 0.000000 
-1.313266 -0.000000 
-0.390389 -0.000000 
0.418928 0.000000 
0.521519 0.000000 
-0.932742 0.000000 
-0.419304 -0.000000 
-1.135952 -0.000000 
0.520574 0.000000 
0.121844 -0.000000 
-0.112660 -0.000000 
-0.295115 0.000000 
-0.113929 0.000000 
-0.839299 -0.000000 
-0.271217 0.000000 
0.524817 -0.000000 
0.629415 -0.000000 
-0.336678 0.000000 
-0.461950 -0.000000 
-0.106953 0.000000 
-0.181170 0.000000 
0.406784 0.000000 
-0.719592 -0.000000 
0.151575 0.000000 
-0.020263 0.000000 
-0.440543 0.000000 
0.083280 0.000000 
1.073276 -0.000000 
0.061624 0.000000 
0.358382 0.000000 
-0.781461 0.000000 
0.098660 -0.000000 
-1.081473 0.000000 
0.248658 0.000000 
0.462794 0.000000 
0.494626 -0.000000 
0.672773 0.000000 
-0.659309 -0.000000 
-0.401850 0.000000 
0.398219 0.000000 
-0.184890 -0.000000 
-1.156873 0.000000 
-0.777680 0.000000 
0.740091 -0.000000 
-0.397539 0.000000 
-1.338170 0.000000 
-0.312927 0.000000 
0.102127 0.000000 
-0.751569 0.000000 
0.551035 0.000000 
-0.495812 0.000000 
0.237082 0.000000 
-0.043706 0.000000 
-0.663395 0.000000 
-0.413215 -0.000000 
0.359071 0.000000 
-0.262517 0.000000 
-0.201127 -0.000000 
0.913488 0.000000 
-0.327605 0.000000 
0.278174 0.000000 
-0.550955 0.000000 
0.052041 -0.000000 
0.042083 0.000000 
-0.116971 -0.000000 
-1.140158 -0.000000 
-0.056595 0.000000 
-0.264478 0.000000 
-0.288152 -0.000000 
0.278241 0.000000 
0.175496 0.000000 
-0.605161 -0.000000 
-0.007935 -0.000000 
-0.234283 0.000000 
0.480060 0.000000 
0.305857 0.000000 
-0.261564 0.000000 
-0.890866 -0.000000 
0.772827 0.000000 
0.700161 0.000000 
0.033326 0.000000 
0.239532 -0.000000 
-0.488034 -0.000000 
0.097191 0.000000 
-0.217957 0.000000 
0.700328 0.000000 
-0.433283 0.000000 
-0.131386 0.000000 
-0.391714 0.000000 
0.601812 -0.000000 
0.684865 0.000000 
0.395717 -0.000000 
-0.156964 0.000000 
-0.280056 -0.000000 
0.326817 0.000000 
-0.178141 -0.000000 
0.209081 0.000000 
0.244688 -0.000000 
-0.520893 0.000000 
-0.789720 0.000000 
0.629796 0.000000 
-0.153768 -0.000000 
-0.967364 0.000000 
0.108099 0.000000 
0.270195 0.000000 
-0.636373 0.000000 
0.288974 -0.000000 
-0.534671 0.000000 
-0.680334 0.000000 
0.972827 0.000000 
-0.838066 -0.000000 
-0.363312 -0.000000 
-0.023410 0.000000 
0.146614 -0.000000 
-0.356093 0.000000 
-0.547094 -0.000000 
0.799547 0.000000 
0.066449 0.000000 
0.208370 -0.000000 
0.363449 0.000000 
-0.650157 0.000000 
-0.170483 -0.000000 
1.210202 0.000000 
-0.119408 0.000000 
0.244462 0.000000 
-1.075015 0.000000 
-0.316544 -0.000000 
0.331781 0.000000 
-0.384623 0.000000 
-0.189759 0.000000 
-0.208467 0.000000 
0.125477 0.000000 
-0.589721 -0.000000 
0.509393 0.000000 
0.271070 0.000000 
-0.693372 -0.000000 
-0.065006 -0.000000 
-0.592990 0.000000 
0.073596 0.000000 
-0.707004 0.000000 
0.376965 0.000000 
0.305908 0.000000 
-0.007316 0.000000 
-0.327457 -0.000000 
-0.317373 0.000000 
-0.275192 0.000000 
-0.329942 0.000000 
-0.234341 0.000000 
-0.069806 0.000000 
0.562639 0.000000 
-1.079344 0.000000 
-0.440707 0.000000 
0.355678 0.000000 
-0.298281 0.000000 
-0.617389 -0.000000 
-0.021217 0.000000 
0.437447 -0.000000 
-0.547267 -0.000000 
-0.118264 -0.000000 
0.485000 0.000000 
-0.127055 -0.000000 
1.009742 0.000000 
0.871476 -0.000000 
-0.817209 0.000000 
-0.795949 0.000000 
0.128627 0.000000 
0.091989 -0.000000 
0.546828 0.000000 
0.140495 -0.000000 
-0.287411 0.000000 
0.545140 0.000000 
0.428130 0.000000 
0.093348 0.000000 
0.386879 -0.000000 
-0.873490 0.000000 
0.123100 0.000000 
0.131974 0.000000 
0.216096 0.000000 
0.139940 0.000000 
0.816522 -0.000000 
-0.892523 0.000000 
0.576402 0.000000 
0.488318 -0.000000 
-0.429057 0.000000 
0.586923 -0.000000 
0.386791 0.000000 
-0.049015 0.000000 
0.571044 0.000000 
-0.233855 0.000000 
0.110862 0.000000 
-0.875172 -0.000000 
-0.518084 0.000000 
-0.423752 0.000000 
0.463119 0.000000 
-0.403522 -0.000000 
0.528913 0.000000 
-0.470582 0.000000 
0.109561 0.000000 
-0.465281 0.000000 
-0.079974 0.000000 
0.713277 0.000000 
-0.091573 0.000000 
0.056320 0.000000 
-0.644450 0.000000 
0.497895 0.000000 
-0.621997 0.000000 
0.304769 0.000000 
-0.661472 -0.000000 
-0.575098 -0.000000 
0.071127 0.000000 
-0.436204 0.000000 
-0.386921 0.000000 
0.601869 -0.000000 
-0.096869 0.000000 
0.069147 -0.000000 
-0.703230 -0.000000 
0.307677 0.000000 
-0.000821 0.000000 
-0.474232 -0.000000 
-0.273050 -0.000000 
-0.440334 0.000000 
-0.516929 -0.000000 
0.304634 0.000000 
0.219905 0.000000 
0.128665 0.000000 
-0.500372 0.000000 
-0.230258 0.000000 
0.423923 0.000000 
-0.457697 0.000000 
-0.260195 -0.000000 
0.336630 -0.000000 
-0.265856 -0.000000 
-0.286643 -0.000000 
-0.341766 -0.000000 
-0.128617 -0.000000 
-0.466432 -0.000000 
-0.158276 0.000000 
-0.608457 0.000000 
-0.108037 0.000000 
-0.246490 0.000000 
-0.079574 0.000000 
0.105296 0.000000 
-0.017560 0.000000 
-0.187006 -0.000000 
-0.280628 0.000000 
1.351549 -0.000000 
0.645240 0.000000 
0.663543 0.000000 
-0.318196 0.000000 
0.504589 0.000000 
-1.513803 -0.000000 
0.730882 0.000000 
0.442761 0.000000 
-0.057722 0.000000 
-1.155758 -0.000000 
-0.134188 -0.000000 
-1.542706 0.000000 
-0.200056 -0.000000 
0.121890 0.000000 
-0.411593 -0.000000 
0.319375 0.000000 
-0.343300 0.000000 
0.064828 0.000000 
0.778322 0.000000 
-0.440168 0.000000 
-0.563812 0.000000 
0.460877 0.000000 
1.016249 0.000000 
-0.230381 0.000000 
0.001763 0.000000 
-1.142847 0.000000 
-0.460125 0.000000 
0.281015 -0.000000 
0.787155 0.000000 
-0.460543 -0.000000 
0.276513 0.000000 
-0.814341 -0.000000 
0.215328 0.000000 
-0.036549 -0.000000 
-0.421797 0.000000 
-0.044824 -0.000000 
0.223243 0.000000 
0.961836 0.000000 
0.278556 0.000000 
-0.034381 0.000000 
-0.671039 0.000000 
-0.701551 0.000000 
-0.735565 -0.000000 
0.206907 -0.000000 
-0.401691 0.000000 
0.152442 -0.000000 
-0.275916 -0.000000 
0.063942 0.000000 
-0.400386 -0.000000 
-1.693735 0.000000 
0.569842 -0.000000 
0.549503 0.000000 
0.193503 0.000000 
-0.235783 -0.000000 
-0.259550 -0.000000 
-0.260791 -0.000000 
-0.047321 0.000000 
-0.776789 0.000000 
-0.033100 0.000000 
-0.033296 0.000000 
-0.146702 0.000000 
0.263661 0.000000 
-0.413202 0.000000 
-0.422211 0.000000 
0.054358 -0.000000 
-1.271412 -0.000000 
-0.199941 -0.000000 
-0.369899 0.000000 
0.312166 -0.000000 
-0.402169 0.000000 
0.016568 0.000000 
1.432159 0.000000 
0.142422 0.000000 
-0.275282 0.000000 
0.869946 0.000000 
0.128756 0.000000 
0.800515 -0.000000 
-0.481731 0.000000 
-0.768297 0.000000 
0.261265 0.000000 
-0.210571 -0.000000 
0.943099 0.000000 
-0.119130 0.000000 
0.096808 0.000000 
-0.097831 0.000000 
-0.728373 0.000000 
0.328967 0.000000 
0.893427 0.000000 
0.238070 0.000000 
0.250570 -0.000000 
0.354942 0.000000 
-0.427458 0.000000 
0.018627 0.000000 
-0.628129 -0.000000 
-0.731558 0.000000 
-0.473419 0.000000 
0.008669 -0.000000 
-0.177247 0.000000 
0.156167 0.000000 
-0.422187 -0.000000 
0.457432 0.000000 
-0.251127 0.000000 
0.734357 0.000000 
-0.407429 0.000000 
-0.639579 0.000000 
0.232275 0.000000 
0.142471 0.000000 
-0.314031 0.000000 
0.502342 0.000000 
1.071640 -0.000000 
0.501078 0.000000 
0.333488 0.000000 
-0.576180 -0.000000 
-0.765094 0.000000 
0.223090 0.000000 
0.408912 -0.000000 
0.183321 0.000000 
0.604336 -0.000000 
0.701106 0.000000 
-0.148580 0.000000 
-0.208768 0.000000 
0.325398 -0.000000 
-0.379241 0.000000 
0.287656 0.000000 
-0.963193 0.000000 
0.780786 0.000000 
0.491627 0.000000 
0.136749 0.000000 
-0.232251 -0.000000 
-0.311103 -0.000000 
-0.423392 0.000000 
0.627209 -0.000000 
-0.186308 0.000000 
0.070491 0.000000 
0.358416 0.000000 
0.843001 0.000000 
-0.095147 0.000000 
-0.412502 -0.000000 
0.535736 0.000000 
-0.529855 0.000000 
0.311492 0.000000 
-0.090857 0.000000 
-0.027486 0.000000 
-0.555596 0.000000 
0.288556 0.000000 
-0.117391 0.000000 
-0.012479 0.000000 
0.417229 -0.000000 
-0.228361 -0.000000 
0.433815 -0.000000 
0.265859 -0.000000 
-0.480800 0.000000 
0.679543 0.000000 
0.332454 -0.000000 
-0.046531 0.000000 
-0.172172 0.000000 
-0.085910 0.000000 
-0.260917 0.000000 
-0.013265 0.000000 
0.455900 0.000000 
0.653377 0.000000 
0.580064 -0.000000 
-0.012062 0.000000 
-0.144104 -0.000000 
-0.004478 0.000000 
-0.059172 -0.000000 
0.265047 0.000000 
0.470572 -0.000000 
-1.209962 -0.000000 
-1.140900 0.000000 
-0.741712 -0.000000 
-0.158240 0.000000 
1.044953 0.000000 
-0.046724 0.000000 
0.164542 -0.000000 
-1.031543 0.000000 
0.015643 0.000000 
1.071021 -0.000000 
0.135759 -0.000000 
0.435208 0.000000 
-0.046789 0.000000 
0.718121 0.000000 
-0.233884 0.000000 
1.277868 0.000000 
-0.031262 0.000000 
-0.366714 0.000000 
0.617645 -0.000000 
0.305813 -0.000000 
-0.307532 0.000000 
0.139998 0.000000 
0.328982 -0.000000 
-0.391196 0.000000 
0.083939 0.000000 
0.090710 0.000000 
-0.080690 -0.000000 
0.659933 0.000000 
0.112228 -0.000000 
-0.770465 0.000000 
-0.667957 0.000000 
0.414140 0.000000 
0.016718 0.000000 
0.468522 -0.000000 
-0.847053 -0.000000 
-0.451540 0.000000 
-0.286973 0.000000 
0.014134 0.000000 
0.427567 0.000000 
0.779222 0.000000 
-0.179804 0.000000 
0.763191 0.000000 
0.594075 0.000000 
0.347513 0.000000 
0.255518 0.000000 
0.266410 0.000000 
-0.725585 -0.000000 
-0.347394 0.000000 
0.073971 0.000000 
-0.190369 0.000000 
-0.179592 -0.000000 
0.039329 0.000000 
0.115265 -0.000000 
-0.055552 0.000000 
0.920258 0.000000 
0.005296 0.000000 
-0.107967 -0.000000 
-0.462366 -0.000000 
0.437609 0.000000 
-0.008451 0.000000 
0.809939 0.000000 
0.446843 0.000000 
0.087470 0.000000 
-1.127871 0.000000 
-0.303209 -0.000000 
-0.567582 0.000000 
-1.294423 0.000000 
0.294959 0.000000 
0.415805 -0.000000 
-0.366640 0.000000 
0.027594 0.000000 
0.559118 0.000000 
0.334071 0.000000 
0.586105 0.000000 
0.067423 0.000000 
0.247803 0.000000 
-0.944577 0.000000 
-0.188867 0.000000 
0.860789 0.000000 
0.322987 -0.000000 
0.010945 0.000000 
0.426603 0.000000 
0.465620 0.000000 
-0.060426 -0.000000 
-0.516805 0.000000 
-0.201100 0.000000 
-0.065985 -0.000000 
0.615444 -0.000000 
-0.228767 0.000000 
0.592963 0.000000 
-0.818027 0.000000 
-0.305725 -0.000000 
0.725242 0.000000 
0.503556 0.000000 
0.226963 0.000000 
0.049938 -0.000000 
0.039158 0.000000 
-0.476872 0.000000 
-0.389113 -0.000000 
0.034925 0.000000 
-0.258289 0.000000 
-0.668646 -0.000000 
