-2.023785 2.023785 
0.000000 0.500000 -0.068060 
0.000000 0.000000 0.000000 

0.326983 -0.000000 
-0.640077 0.000000 
0.452425 0.000000 
-0.097438 -0.000000 
0.018299 0.000000 
-0.467952 0.000000 
-0.149280 0.000000 
0.412258 0.000000 
-0.088071 0.000000 
0.667521 -0.000000 
-0.029784 0.000000 
-0.504972 0.000000 
0.369103 0.000000 
-0.001220 -0.000000 
0.359811 0.000000 
0.586525 0.000000 
-0.440353 0.000000 
0.369208 0.000000 
-0.866537 0.000000 
1.101894 0.000000 
0.617216 0.000000 
-0.093590 -0.000000 
-1.276908 -0.000000 
0.635469 0.000000 
0.597295 -0.000000 
-0.348058 0.000000 
-0.282285 0.000000 
-0.312785 0.000000 
0.402322 0.000000 
-0.784110 0.000000 
-0.405431 0.000000 
0.113865 0.000000 
-0.182421 0.000000 
-0.440151 0.000000 
0.037652 0.000000 
0.302313 -0.000000 
-0.215780 0.000000 
-0.893427 -0.000000 
0.234595 0.000000 
-0.687159 0.000000 
0.209811 0.000000 
0.617252 0.000000 
-0.782797 0.000000 
0.507871 0.000000 
0.118434 0.000000 
-0.048588 -0.000000 
-0.079360 0.000000 
-0.240293 -0.000000 
0.362726 0.000000 
-0.499120 -0.000000 
-0.008153 -0.000000 
-0.384630 0.000000 
-0.279812 -0.000000 
0.369153 -0.000000 
-0.063498 -0.000000 
0.637673 0.000000 
-0.689860 0.000000 
-0.438771 -0.000000 
0.190943 -0.000000 
-0.896229 0.000000 
0.504107 0.000000 
-0.279526 0.000000 
-0.306707 0.000000 
-0.151619 0.000000 
0.874885 -0.000000 
-0.118408 0.000000 
-0.006535 0.000000 
-0.705105 0.000000 
0.009077 0.000000 
-0.431341 -0.000000 
0.394831 -0.000000 
-0.023291 0.000000 
-0.493045 0.000000 
-0.803131 0.000000 
-0.085021 -0.000000 
0.103400 0.000000 
0.324561 0.000000 
-0.338848 0.000000 
-0.101002 0.000000 
-0.329691 0.000000 
-0.705640 -0.000000 
0.129632 -0.000000 
0.273121 -0.000000 
-0.389226 0.000000 
0.839446 0.000000 
-0.493466 0.000000 
0.402418 -0.000000 
0.109873 -0.000000 
-0.384894 0.000000 
0.112779 0.000000 
-0.154862 -0.000000 
-0.028445 -0.000000 
0.051728 0.000000 
0.048384 0.000000 
0.275986 -0.000000 
-0.100147 0.000000 
-0.092432 -0.000000 
-0.424996 0.000000 
-0.794570 -0.000000 
-1.114041 0.000000 
0.639212 -0.000000 
-0.235936 -0.000000 
-0.859173 0.000000 
0.031107 -0.000000 
0.305510 0.000000 
-0.423465 0.000000 
0.192238 0.000000 
-0.576441 -0.000000 
-0.060760 -0.000000 
-1.297888 0.000000 
0.272491 -0.000000 
-1.311190 -0.000000 
0.141122 -0.000000 
0.451787 0.000000 
-0.309472 -0.000000 
-0.645230 0.000000 
-0.181026 0.000000 
-0.354540 0.000000 
-0.006008 -0.000000 
-0.189152 -0.000000 
0.359516 -0.000000 
0.051908 0.000000 
-0.484439 0.000000 
-0.984954 0.000000 
-0.168904 -0.000000 
-0.436913 0.000000 
0.006324 0.000000 
0.391156 -0.000000 
-0.794673 -0.000000 
-0.956187 0.000000 
-0.138819 0.000000 
0.073225 0.000000 
-0.351171 -0.000000 
1.451768 0.000000 
0.362624 0.000000 
-0.287913 0.000000 
0.229962 -0.000000 
-0.356755 -0.000000 
-0.488654 0.000000 
1.210871 0.000000 
-0.606686 -0.000000 
0.105558 0.000000 
-0.269495 0.000000 
-0.206639 0.000000 
-0.626841 0.000000 
-0.301597 -0.000000 
0.392792 0.000000 
-0.106265 0.000000 
-0.355752 0.000000 
-0.273834 0.000000 
-0.608275 0.000000 
0.279437 0.000000 
-0.676235 0.000000 
-0.031528 0.000000 
-0.088046 -0.000000 
-0.030378 0.000000 
-0.059704 0.000000 
-0.370527 -0.000000 
0.828517 0.000000 
0.515774 -0.000000 
-0.588830 0.000000 
-0.512800 0.000000 
-0.715840 0.000000 
0.251135 -0.000000 
0.398781 0.000000 
0.472330 -0.000000 
0.034679 0.000000 
0.351456 0.000000 
0.305683 -0.000000 
0.440467 0.000000 
0.676074 0.000000 
0.416983 0.000000 
-0.030809 0.000000 
0.456749 -0.000000 
-0.173532 0.000000 
-0.061957 0.000000 
0.166725 0.000000 
-0.043948 0.000000 
-0.049173 -0.000000 
-0.011129 0.000000 
0.284829 -0.000000 
-0.578121 0.000000 
-0.036589 0.000000 
0.829881 0.000000 
-0.198269 0.000000 
-0.170035 0.000000 
0.578438 0.000000 
-0.396724 0.000000 
0.458720 0.000000 
0.952657 0.000000 
-0.838706 0.000000 
-0.876688 0.000000 
-0.963309 0.000000 
-0.028795 0.000000 
0.362879 0.000000 
-0.480607 0.000000 
0.122436 0.000000 
0.284671 0.000000 
0.690761 0.000000 
-0.164278 -0.000000 
0.176022 0.000000 
0.042367 -0.000000 
0.629695 0.000000 
0.139265 0.000000 
0.319192 0.000000 
-0.983341 0.000000 
-1.151286 -0.000000 
-0.279953 -0.000000 
-0.789562 0.000000 
-0.159090 -0.000000 
-0.458831 0.000000 
0.400530 0.000000 
-0.956116 0.000000 
-0.219687 0.000000 
0.192320 0.000000 
-0.624356 -0.000000 
0.719143 -0.000000 
0.371335 0.000000 
-0.524920 0.000000 
-0.161694 0.000000 
0.102633 -0.000000 
-0.460217 0.000000 
0.726967 -0.000000 
-0.323693 0.000000 
0.684050 -0.000000 
-0.334834 0.000000 
0.686733 -0.000000 
-0.432826 -0.000000 
-0.014608 0.000000 
-0.114830 0.000000 
0.049105 0.000000 
-0.215377 0.000000 
-0.151595 -0.000000 
-1.048549 0.000000 
-0.446937 -0.000000 
-0.027413 0.000000 
0.185119 0.000000 
-0.419526 -0.000000 
-0.008856 -0.000000 
0.860297 -0.000000 
0.137653 0.000000 
0.223567 -0.000000 
0.191974 0.000000 
0.381720 -0.000000 
-0.137304 -0.000000 
0.532691 0.000000 
-0.300609 -0.000000 
-0.372602 -0.000000 
-0.371927 0.000000 
-0.411714 0.000000 
0.883870 0.000000 
-0.048051 -0.000000 
-0.807077 0.000000 
1.034338 -0.000000 
0.399239 0.000000 
-0.731304 -0.000000 
