-2.023785 2.023785 
0.000000 0.500000 0.000685 
0.000000 0.000000 0.000000 

0.732923 -0.000000 
-0.389851 0.000000 
-0.672115 0.000000 
0.511726 -0.000000 
0.820037 0.000000 
-0.021596 -0.000000 
0.360362 0.000000 
0.134809 0.000000 
0.395892 0.000000 
-0.588603 -0.000000 
0.515010 0.000000 
-0.068544 -0.000000 
0.503010 -0.000000 
0.492097 0.000000 
-0.580553 0.000000 
-0.470636 -0.000000 
0.387744 -0.000000 
-0.950239 0.000000 
0.900581 -0.000000 
0.504625 0.000000 
0.615714 -0.000000 
-1.288249 0.000000 
0.869924 0.000000 
0.148215 -0.000000 
-0.774122 0.000000 
-0.430434 -0.000000 
0.145947 0.000000 
-0.420126 -0.000000 
-1.120351 -0.000000 
-0.037947 0.000000 
0.195606 0.000000 
1.065680 0.000000 
0.351565 0.000000 
0.214751 0.000000 
-0.076411 0.000000 
-0.072671 0.000000 
0.570746 0.000000 
0.110326 0.000000 
1.282230 0.000000 
-0.217632 0.000000 
0.778061 0.000000 
-0.101776 0.000000 
-0.108070 0.000000 
-0.215990 -0.000000 
0.055115 0.000000 
-0.092100 0.000000 
0.325227 0.000000 
-0.427025 0.000000 
0.005849 0.000000 
0.580753 -0.000000 
0.300029 0.000000 
-0.007885 -0.000000 
0.519760 0.000000 
-0.076071 -0.000000 
1.087948 -0.000000 
-0.868607 0.000000 
-0.147688 0.000000 
-1.185681 0.000000 
-0.182553 -0.000000 
-0.801328 -0.000000 
-0.144847 0.000000 
-0.211426 0.000000 
0.338726 -0.000000 
-0.618011 0.000000 
0.275886 0.000000 
0.177382 0.000000 
-0.374985 -0.000000 
0.058985 0.000000 
0.002167 -0.000000 
-0.692290 -0.000000 
0.396189 0.000000 
0.511199 0.000000 
-0.194581 0.000000 
0.756512 -0.000000 
0.900791 -0.000000 
0.007493 0.000000 
-0.012227 0.000000 
-0.048053 0.000000 
0.073513 0.000000 
-1.186358 0.000000 
0.082594 0.000000 
-0.103444 0.000000 
0.493974 0.000000 
-0.576927 -0.000000 
-0.728795 0.000000 
0.825482 -0.000000 
-0.089258 0.000000 
0.291405 -0.000000 
-0.161556 0.000000 
-0.335265 0.000000 
0.544988 0.000000 
-0.548928 0.000000 
-0.114994 0.000000 
0.367133 -0.000000 
0.515292 -0.000000 
0.016189 0.000000 
0.280200 -0.000000 
0.077850 0.000000 
-0.036717 0.000000 
0.217370 -0.000000 
0.394097 0.000000 
-0.312724 0.000000 
0.103447 0.000000 
0.350065 0.000000 
0.118828 0.000000 
-0.523184 0.000000 
-0.569322 0.000000 
1.010715 -0.000000 
0.456496 -0.000000 
0.460597 0.000000 
0.252538 -0.000000 
0.413378 0.000000 
0.221735 0.000000 
-0.139865 0.000000 
0.320745 0.000000 
1.006640 0.000000 
-0.273338 0.000000 
-0.040757 0.000000 
-0.798461 -0.000000 
0.341085 -0.000000 
0.892236 0.000000 
0.165967 -0.000000 
0.423896 0.000000 
0.658453 -0.000000 
-0.181971 0.000000 
-0.708818 0.000000 
-0.290140 0.000000 
0.037097 0.000000 
-0.953751 0.000000 
0.267314 0.000000 
-0.378346 0.000000 
-0.355731 0.000000 
-0.842199 0.000000 
-0.022856 -0.000000 
-0.569186 0.000000 
0.394715 -0.000000 
0.363489 -0.000000 
-0.319728 0.000000 
-1.150970 0.000000 
-0.382320 0.000000 
0.349380 0.000000 
0.521391 -0.000000 
-0.374571 0.000000 
0.388966 0.000000 
-0.400246 0.000000 
-0.115317 -0.000000 
0.638390 0.000000 
-1.245273 0.000000 
0.313247 -0.000000 
-0.405879 0.000000 
0.022304 0.000000 
1.129560 -0.000000 
0.111936 -0.000000 
-0.557522 0.000000 
0.078883 0.000000 
-0.179938 0.000000 
-0.096751 0.000000 
0.093351 0.000000 
0.045577 0.000000 
0.542858 -0.000000 
-0.153751 -0.000000 
-0.514593 0.000000 
0.166362 -0.000000 
1.014974 0.000000 
0.927730 0.000000 
-0.752067 0.000000 
-0.247287 0.000000 
-0.640683 0.000000 
-0.201757 -0.000000 
0.746443 0.000000 
0.311020 -0.000000 
-0.023271 0.000000 
-1.191985 0.000000 
-1.149339 -0.000000 
0.136701 0.000000 
-0.038590 -0.000000 
0.982897 -0.000000 
-0.168212 -0.000000 
-0.304999 0.000000 
-0.284450 -0.000000 
-0.021811 0.000000 
-0.227403 0.000000 
-0.145090 0.000000 
-0.021443 -0.000000 
0.085706 -0.000000 
0.248285 0.000000 
-0.308153 0.000000 
-0.773376 -0.000000 
0.381488 0.000000 
-0.874570 -0.000000 
0.272813 -0.000000 
0.359406 0.000000 
0.088540 0.000000 
-0.025173 -0.000000 
-0.043535 0.000000 
1.085682 -0.000000 
-1.065909 -0.000000 
0.058515 0.000000 
0.053268 -0.000000 
-0.767031 0.000000 
-1.085780 0.000000 
-0.057380 -0.000000 
-0.687223 0.000000 
0.170672 0.000000 
-0.016098 0.000000 
-0.298004 0.000000 
-0.083309 0.000000 
-0.275687 0.000000 
0.003911 0.000000 
0.569954 0.000000 
-0.284537 0.000000 
0.278816 0.000000 
0.403902 0.000000 
0.415780 0.000000 
-0.306228 0.000000 
0.322589 0.000000 
0.405637 0.000000 
-0.396766 -0.000000 
-0.148679 0.000000 
0.261034 0.000000 
-0.301409 0.000000 
-0.832843 0.000000 
0.542913 0.000000 
1.364329 0.000000 
0.294840 0.000000 
-0.039219 0.000000 
-0.187954 -0.000000 
0.465244 -0.000000 
0.162343 0.000000 
0.120365 0.000000 
-0.040266 -0.000000 
-0.035281 -0.000000 
0.434251 0.000000 
-0.780245 0.000000 
0.026499 -0.000000 
-0.360921 0.000000 
-0.264913 0.000000 
0.163066 0.000000 
-0.965702 0.000000 
0.237296 0.000000 
-0.516946 0.000000 
0.520927 -0.000000 
-0.306173 0.000000 
0.632901 0.000000 
-0.779653 0.000000 
0.524296 0.000000 
0.757189 -0.000000 
-0.003097 0.000000 
0.650355 0.000000 
-0.792085 0.000000 
-0.177766 -0.000000 
-0.303248 0.000000 
-0.246975 -0.000000 
-0.228331 0.000000 
-0.466517 0.000000 
-0.080033 0.000000 
