-2.313114 2.313114 
0.000000 0.500000 -0.001858 
0.000000 0.000000 0.000000 

0.847758 0.000000 
0.320857 0.000000 
-0.396454 0.000000 
0.054266 0.000000 
-0.119325 0.000000 
-0.140243 0.000000 
-0.475523 0.000000 
-0.345794 0.000000 
0.270457 0.000000 
0.303481 0.000000 
0.046813 0.000000 
-0.488725 0.000000 
0.303173 -0.000000 
0.862749 -0.000000 
0.867536 -0.000000 
-0.809774 0.000000 
1.157614 -0.000000 
0.490613 0.000000 
0.197202 0.000000 
-0.280070 0.000000 
-1.059241 -0.000000 
0.617208 -0.000000 
-0.742187 0.000000 
0.024321 -0.000000 
0.541447 -0.000000 
0.125674 0.000000 
0.118601 -0.000000 
-0.404641 -0.000000 
0.653545 -0.000000 
-0.298148 0.000000 
0.542115 0.000000 
-0.381385 -0.000000 
-0.425347 0.000000 
0.560207 -0.000000 
0.160770 0.000000 
-0.026496 0.000000 
0.048277 0.000000 
-0.226096 0.000000 
0.320967 0.000000 
0.893817 0.000000 
0.254977 0.000000 
0.058026 -0.000000 
1.533610 0.000000 
0.119282 -0.000000 
-0.134439 0.000000 
-0.507529 0.000000 
0.340375 0.000000 
0.208335 0.000000 
-0.361207 -0.000000 
-0.309339 -0.000000 
0.411813 0.000000 
0.798587 0.000000 
0.191203 0.000000 
-0.595673 0.000000 
0.880098 0.000000 
0.846105 0.000000 
-0.038303 -0.000000 
-0.878706 0.000000 
0.208554 -0.000000 
-0.041950 0.000000 
0.170024 0.000000 
0.047577 0.000000 
-0.974638 -0.000000 
0.533149 0.000000 
0.115457 0.000000 
0.282911 0.000000 
-0.037797 0.000000 
-0.027316 0.000000 
0.238357 0.000000 
-0.285752 0.000000 
0.072432 0.000000 
-0.202108 0.000000 
-0.307087 0.000000 
0.244853 -0.000000 
-0.459607 0.000000 
0.080468 0.000000 
-0.035563 0.000000 
0.193280 0.000000 
-0.002743 -0.000000 
0.290084 -0.000000 
-0.611330 -0.000000 
0.592258 -0.000000 
-0.163188 0.000000 
-0.281065 -0.000000 
-0.139204 0.000000 
-0.811865 -0.000000 
0.193406 0.000000 
0.131244 -0.000000 
-0.595644 0.000000 
0.209097 -0.000000 
0.533772 -0.000000 
0.817224 -0.000000 
-0.523954 -0.000000 
1.028267 -0.000000 
-0.138259 0.000000 
0.504970 -0.000000 
-0.635108 0.000000 
-0.113831 -0.000000 
-0.786822 0.000000 
-0.533795 0.000000 
0.369841 0.000000 
0.412266 0.000000 
1.412487 0.000000 
-0.134263 0.000000 
-0.079795 0.000000 
0.150980 0.000000 
-0.365459 -0.000000 
-0.193847 0.000000 
0.326662 0.000000 
-0.331142 0.000000 
0.677506 0.000000 
0.257835 0.000000 
-0.375745 0.000000 
-0.144063 0.000000 
0.133874 -0.000000 
0.054423 0.000000 
-0.264348 -0.000000 
-0.476864 0.000000 
-0.794445 0.000000 
-0.800440 0.000000 
-0.149482 0.000000 
-0.079079 0.000000 
-0.789011 0.000000 
0.281532 0.000000 
-0.703096 0.000000 
0.814396 0.000000 
0.411179 -0.000000 
0.299159 -0.000000 
-0.157265 -0.000000 
-0.765191 0.000000 
-0.317488 0.000000 
0.101552 0.000000 
-0.313701 0.000000 
0.198701 -0.000000 
-0.052816 -0.000000 
-0.037267 -0.000000 
-0.288266 -0.000000 
0.506951 0.000000 
-0.097243 0.000000 
0.394645 0.000000 
0.114775 -0.000000 
-0.221293 0.000000 
-0.908250 -0.000000 
-0.043739 -0.000000 
0.296619 0.000000 
-0.462766 -0.000000 
-1.173865 0.000000 
0.319879 0.000000 
0.913304 0.000000 
-0.388691 0.000000 
-0.168154 0.000000 
0.088171 -0.000000 
-0.040023 -0.000000 
-0.163660 0.000000 
0.019203 -0.000000 
0.115805 0.000000 
0.555015 0.000000 
0.226093 -0.000000 
0.311981 -0.000000 
-0.025286 0.000000 
-0.731564 0.000000 
0.170514 -0.000000 
-0.187911 0.000000 
0.509378 -0.000000 
-0.332574 0.000000 
0.377418 -0.000000 
0.356657 0.000000 
0.257880 0.000000 
0.324104 -0.000000 
1.130337 -0.000000 
-0.751866 -0.000000 
-0.101234 -0.000000 
-0.086816 0.000000 
0.979650 0.000000 
-0.282915 0.000000 
0.406494 -0.000000 
0.097066 0.000000 
0.497739 -0.000000 
-0.685766 0.000000 
0.561197 -0.000000 
-0.118936 -0.000000 
0.158138 0.000000 
-0.246184 0.000000 
-0.277811 0.000000 
-0.187624 -0.000000 
-0.488010 -0.000000 
-1.983509 0.000000 
-0.250586 -0.000000 
0.208197 0.000000 
-0.251590 0.000000 
0.224469 0.000000 
0.414412 0.000000 
-0.047591 0.000000 
-0.389948 0.000000 
-0.865240 0.000000 
0.452296 0.000000 
-0.292389 0.000000 
-0.400335 0.000000 
0.899072 0.000000 
0.425506 0.000000 
0.751908 -0.000000 
0.476364 -0.000000 
-0.259503 -0.000000 
0.073965 -0.000000 
0.303637 0.000000 
0.776290 0.000000 
-0.587858 -0.000000 
0.448167 0.000000 
-0.406690 0.000000 
-0.682160 0.000000 
0.937609 -0.000000 
-0.900084 0.000000 
0.291113 -0.000000 
0.391422 -0.000000 
-0.362290 0.000000 
-0.414704 0.000000 
0.908927 0.000000 
0.294408 -0.000000 
0.155706 0.000000 
-0.295869 -0.000000 
0.444677 0.000000 
0.040769 -0.000000 
0.505537 -0.000000 
-0.749963 -0.000000 
0.510851 -0.000000 
0.001515 0.000000 
-0.268294 0.000000 
-0.796229 -0.000000 
0.731779 0.000000 
-0.313390 0.000000 
0.006877 0.000000 
0.250516 0.000000 
-0.087591 0.000000 
0.360456 -0.000000 
0.549461 0.000000 
0.090403 -0.000000 
-1.112478 -0.000000 
0.448129 0.000000 
0.509063 0.000000 
-0.147348 -0.000000 
0.177041 -0.000000 
0.048508 0.000000 
0.169014 -0.000000 
-0.031885 0.000000 
0.217760 0.000000 
-0.337455 0.000000 
0.545930 0.000000 
-1.158553 -0.000000 
1.173646 0.000000 
0.022643 -0.000000 
-0.547362 0.000000 
-0.242223 -0.000000 
0.439919 0.000000 
-0.256099 0.000000 
-0.266817 -0.000000 
0.597471 -0.000000 
-0.115278 0.000000 
0.349032 -0.000000 
0.045990 0.000000 
0.927528 0.000000 
0.386596 0.000000 
-0.759418 0.000000 
-0.324159 -0.000000 
-0.896593 -0.000000 
-0.226212 0.000000 
0.092949 -0.000000 
0.510294 0.000000 
-0.072916 -0.000000 
0.670381 0.000000 
1.138122 0.000000 
-0.447499 0.000000 
0.417830 0.000000 
0.115343 -0.000000 
0.694010 0.000000 
-0.189826 -0.000000 
-0.135205 0.000000 
0.724091 -0.000000 
0.353799 0.000000 
0.806140 0.000000 
-0.354862 0.000000 
0.038110 -0.000000 
0.840950 0.000000 
0.786867 0.000000 
0.393670 0.000000 
0.474636 0.000000 
0.208360 0.000000 
0.445921 0.000000 
0.917873 -0.000000 
0.514365 0.000000 
0.159699 0.000000 
0.398050 0.000000 
1.017822 0.000000 
-0.273757 0.000000 
-0.077935 0.000000 
0.176222 0.000000 
-0.114878 0.000000 
-0.047347 0.000000 
0.903441 -0.000000 
-0.571122 -0.000000 
-0.282377 0.000000 
1.050714 0.000000 
-0.334939 0.000000 
-0.301036 0.000000 
-0.050462 -0.000000 
-0.761094 0.000000 
0.277214 0.000000 
0.746860 -0.000000 
0.262155 0.000000 
0.511148 -0.000000 
0.370120 -0.000000 
0.187647 0.000000 
1.057353 -0.000000 
0.611900 0.000000 
-0.727224 0.000000 
0.156142 -0.000000 
-0.326353 0.000000 
-0.142587 -0.000000 
-0.033654 0.000000 
-0.200018 -0.000000 
-0.923181 0.000000 
-0.072123 -0.000000 
-0.196365 0.000000 
0.018707 -0.000000 
-0.282601 -0.000000 
0.869292 0.000000 
-0.018012 -0.000000 
0.380054 0.000000 
-0.523983 0.000000 
0.176598 -0.000000 
0.300485 0.000000 
-0.091509 0.000000 
0.554108 -0.000000 
-0.051562 -0.000000 
0.177502 0.000000 
0.801879 0.000000 
-0.068684 0.000000 
-1.032731 -0.000000 
0.453150 0.000000 
0.428279 -0.000000 
-0.632573 0.000000 
-0.707306 0.000000 
-0.151408 0.000000 
0.413842 0.000000 
0.412673 -0.000000 
0.655902 0.000000 
-1.309500 0.000000 
-0.282612 0.000000 
0.469830 0.000000 
0.313913 -0.000000 
0.159602 0.000000 
-0.385653 0.000000 
-0.038468 0.000000 
0.180055 -0.000000 
-0.654145 0.000000 
0.357088 0.000000 
0.651289 -0.000000 
0.305706 -0.000000 
0.954391 0.000000 
0.550766 -0.000000 
0.070133 -0.000000 
0.327340 0.000000 
-0.014570 0.000000 
0.528299 0.000000 
-0.067990 -0.000000 
0.117266 0.000000 
0.681494 0.000000 
-0.426661 0.000000 
-0.579975 0.000000 
-0.076183 -0.000000 
0.006014 0.000000 
-0.261077 0.000000 
-0.521598 -0.000000 
0.923428 -0.000000 
0.157796 -0.000000 
-0.626291 -0.000000 
-0.613017 -0.000000 
0.306600 -0.000000 
-0.604067 -0.000000 
-0.021604 0.000000 
0.457186 0.000000 
0.512565 0.000000 
0.595080 0.000000 
-0.149401 0.000000 
-1.086216 -0.000000 
-0.149141 0.000000 
0.374436 0.000000 
-1.102338 -0.000000 
-0.258774 -0.000000 
0.272296 -0.000000 
0.360396 -0.000000 
0.199724 0.000000 
-0.633512 -0.000000 
-0.225599 0.000000 
-0.431458 0.000000 
0.583613 0.000000 
0.198627 0.000000 
-0.691512 0.000000 
-1.222049 -0.000000 
0.922917 -0.000000 
0.456339 0.000000 
-0.045798 -0.000000 
-0.609224 -0.000000 
-0.253493 0.000000 
1.078191 -0.000000 
-0.190710 0.000000 
0.125226 0.000000 
0.063774 -0.000000 
-0.599306 0.000000 
-0.101973 0.000000 
0.682404 0.000000 
0.159951 -0.000000 
-0.065118 -0.000000 
0.219342 -0.000000 
-0.404790 -0.000000 
0.352886 0.000000 
0.391156 0.000000 
0.536496 0.000000 
-0.321700 -0.000000 
0.163692 0.000000 
-0.154792 -0.000000 
0.605237 0.000000 
0.785945 0.000000 
-0.564480 0.000000 
-0.567365 -0.000000 
0.747331 0.000000 
-0.362937 0.000000 
0.263930 -0.000000 
0.691627 -0.000000 
-0.665456 0.000000 
0.261336 -0.000000 
-0.003174 0.000000 
-0.358631 0.000000 
0.647093 0.000000 
0.529368 0.000000 
0.316306 -0.000000 
-0.029197 0.000000 
-0.107898 0.000000 
0.547364 0.000000 
0.021225 0.000000 
0.165403 0.000000 
-1.047528 0.000000 
0.052597 -0.000000 
-0.447804 0.000000 
-0.117526 -0.000000 
0.994506 0.000000 
0.292863 0.000000 
0.543795 0.000000 
0.285010 0.000000 
0.469389 0.000000 
-0.041349 0.000000 
0.235142 0.000000 
0.412500 0.000000 
0.142458 -0.000000 
-0.692975 0.000000 
0.128433 -0.000000 
0.743852 0.000000 
-0.341760 0.000000 
0.815354 -0.000000 
-0.764807 0.000000 
0.800688 -0.000000 
-0.864043 0.000000 
0.201515 0.000000 
0.329001 -0.000000 
-0.202517 0.000000 
-0.033162 0.000000 
0.141060 0.000000 
0.022814 0.000000 
0.387081 0.000000 
0.554963 0.000000 
-0.646771 0.000000 
0.586215 -0.000000 
-0.163593 -0.000000 
-0.445899 -0.000000 
0.339820 0.000000 
0.843581 0.000000 
0.129101 0.000000 
0.365670 0.000000 
0.602677 0.000000 
-0.557468 -0.000000 
-0.088410 0.000000 
0.127846 0.000000 
0.125775 -0.000000 
0.330942 -0.000000 
0.335435 0.000000 
0.148235 -0.000000 
0.012568 -0.000000 
-0.334134 -0.000000 
-0.346940 -0.000000 
-0.466454 0.000000 
0.221583 -0.000000 
0.321064 -0.000000 
-0.336495 0.000000 
-0.718522 -0.000000 
-0.121525 0.000000 
0.138781 0.000000 
0.072595 0.000000 
-0.570367 0.000000 
-0.253405 -0.000000 
-0.029771 -0.000000 
0.220118 -0.000000 
0.119755 -0.000000 
-0.702328 0.000000 
0.515661 0.000000 
-0.747115 0.000000 
-0.827797 -0.000000 
-0.111248 -0.000000 
0.051125 0.000000 
-1.500224 0.000000 
-0.229878 0.000000 
0.152366 0.000000 
-0.238890 0.000000 
-0.302183 0.000000 
-0.641236 -0.000000 
-0.383824 0.000000 
0.224191 0.000000 
-0.695399 -0.000000 
-0.117191 0.000000 
0.413616 0.000000 
0.148267 -0.000000 
-0.136906 0.000000 
-1.020991 0.000000 
0.046825 0.000000 
0.363268 -0.000000 
0.274889 -0.000000 
-0.056862 0.000000 
-0.741724 -0.000000 
0.597430 0.000000 
-0.196994 0.000000 
-0.706648 -0.000000 
-0.609525 0.000000 
-0.161024 0.000000 
0.112944 0.000000 
-0.282436 0.000000 
0.846078 0.000000 
-0.063609 0.000000 
-0.657317 0.000000 
0.597222 0.000000 
0.370753 0.000000 
0.199346 0.000000 
0.261413 0.000000 
-0.224310 -0.000000 
0.253913 0.000000 
-0.203132 0.000000 
0.103675 0.000000 
0.152926 0.000000 
0.685000 0.000000 
0.975141 0.000000 
-0.385869 -0.000000 
-0.105291 0.000000 
-0.396009 0.000000 
-0.320341 -0.000000 
0.948430 -0.000000 
-0.559119 0.000000 
-0.749646 0.000000 
-0.147838 0.000000 
-0.236821 0.000000 
0.740407 -0.000000 
0.229607 0.000000 
0.500310 0.000000 
-0.019290 0.000000 
0.448514 -0.000000 
-0.203969 0.000000 
-0.067386 -0.000000 
-0.537856 0.000000 
-0.442062 -0.000000 
0.267472 0.000000 
0.673184 0.000000 
-1.209403 0.000000 
-0.529161 0.000000 
0.393383 0.000000 
1.127867 0.000000 
0.441296 -0.000000 
-0.128526 0.000000 
-0.783177 -0.000000 
-0.182507 -0.000000 
0.465723 0.000000 
0.689906 0.000000 
-1.018104 0.000000 
-0.258269 0.000000 
0.489141 0.000000 
0.064154 -0.000000 
0.177539 0.000000 
0.164408 -0.000000 
0.369265 0.000000 
0.693486 -0.000000 
-0.849968 0.000000 
-0.402238 0.000000 
0.384764 -0.000000 
-0.785015 0.000000 
-0.693596 0.000000 
-0.412176 0.000000 
-0.380348 -0.000000 
-0.356536 0.000000 
-0.167033 -0.000000 
0.794828 0.000000 
0.445059 0.000000 
0.581940 0.000000 
0.976752 0.000000 
-1.056658 0.000000 
0.294205 0.000000 
-0.187772 0.000000 
-0.500274 0.000000 
-0.274624 -0.000000 
0.023893 0.000000 
0.029459 0.000000 
1.414256 -0.000000 
-0.149527 0.000000 
0.271734 0.000000 
0.084980 -0.000000 
0.598006 -0.000000 
0.501923 0.000000 
0.647002 -0.000000 
-0.002709 -0.000000 
0.223293 0.000000 
-0.208790 0.000000 
-0.155372 0.000000 
-0.188424 0.000000 
-0.380993 0.000000 
0.511573 0.000000 
-0.168154 0.000000 
-0.591819 0.000000 
-0.491357 0.000000 
0.290213 -0.000000 
0.558986 -0.000000 
0.176071 -0.000000 
0.256108 -0.000000 
0.720126 -0.000000 
-0.693290 0.000000 
-0.006867 0.000000 
-1.099866 0.000000 
-0.422586 -0.000000 
-0.890041 0.000000 
0.761694 -0.000000 
0.025436 -0.000000 
-0.817410 -0.000000 
-0.027097 -0.000000 
1.060225 -0.000000 
0.292946 -0.000000 
0.344094 -0.000000 
-0.003878 -0.000000 
0.044646 0.000000 
-0.138368 0.000000 
-0.192803 0.000000 
-0.302439 0.000000 
-0.026603 0.000000 
0.258421 0.000000 
1.226529 0.000000 
-0.116576 -0.000000 
0.553958 0.000000 
0.381217 0.000000 
-0.162882 0.000000 
-0.739299 0.000000 
-0.145485 -0.000000 
-0.066675 0.000000 
0.577557 0.000000 
-0.604377 -0.000000 
-0.189330 0.000000 
0.447825 0.000000 
-0.167244 0.000000 
-1.026165 0.000000 
0.289677 -0.000000 
-0.028130 0.000000 
-0.748266 0.000000 
0.327023 -0.000000 
-1.643322 -0.000000 
-0.798708 0.000000 
-0.143568 0.000000 
-0.407495 -0.000000 
-0.720497 -0.000000 
-1.155323 -0.000000 
-0.259384 0.000000 
0.301980 -0.000000 
-0.842685 0.000000 
-0.314918 0.000000 
0.239130 0.000000 
0.592783 0.000000 
-0.169837 0.000000 
0.863051 0.000000 
-0.347216 -0.000000 
1.408492 -0.000000 
-0.931145 0.000000 
-0.039529 0.000000 
-0.289469 -0.000000 
-0.007022 -0.000000 
-0.501027 0.000000 
-0.825882 -0.000000 
0.068524 0.000000 
-0.330886 0.000000 
-0.462901 0.000000 
-0.644559 0.000000 
0.803530 0.000000 
-0.918597 0.000000 
0.081104 -0.000000 
0.839586 0.000000 
-0.342567 -0.000000 
0.149904 -0.000000 
-0.211956 0.000000 
-0.153045 0.000000 
0.231494 0.000000 
0.299216 0.000000 
0.428667 0.000000 
0.228794 -0.000000 
1.007222 0.000000 
-0.497815 -0.000000 
0.265789 0.000000 
-0.348535 0.000000 
-0.473052 0.000000 
-0.540641 0.000000 
-0.698784 -0.000000 
0.840655 0.000000 
1.676690 -0.000000 
-0.351535 -0.000000 
0.382168 -0.000000 
-0.237897 0.000000 
0.238020 0.000000 
0.393198 -0.000000 
0.186288 -0.000000 
0.373131 0.000000 
0.528679 -0.000000 
1.130352 0.000000 
0.210208 -0.000000 
-0.287902 -0.000000 
-0.245622 0.000000 
0.736462 0.000000 
0.415402 0.000000 
-1.049171 0.000000 
0.061772 0.000000 
-1.154493 0.000000 
-0.360205 -0.000000 
0.149999 -0.000000 
-0.373015 0.000000 
0.851453 0.000000 
-0.018507 0.000000 
-0.295868 0.000000 
0.760916 0.000000 
0.906218 -0.000000 
0.235831 -0.000000 
0.155816 -0.000000 
0.289690 0.000000 
-0.337898 -0.000000 
-0.055876 0.000000 
0.589703 -0.000000 
0.517855 0.000000 
0.820850 0.000000 
0.224418 0.000000 
-0.166816 0.000000 
-0.215746 -0.000000 
-0.139724 0.000000 
0.130463 0.000000 
-0.172579 0.000000 
-0.083582 0.000000 
0.305652 0.000000 
-0.440588 0.000000 
0.031555 0.000000 
0.174667 -0.000000 
0.760143 0.000000 
-0.537786 0.000000 
-0.558748 0.000000 
0.243863 0.000000 
0.159720 0.000000 
0.237234 0.000000 
0.167293 -0.000000 
-0.104841 0.000000 
-0.267239 -0.000000 
0.184766 -0.000000 
0.019860 0.000000 
-0.116724 0.000000 
0.476914 0.000000 
0.054311 0.000000 
0.405455 0.000000 
-0.121291 0.000000 
-0.252803 -0.000000 
0.078764 0.000000 
0.174181 0.000000 
-0.683593 0.000000 
0.170803 0.000000 
0.748223 0.000000 
-0.090487 0.000000 
0.591305 0.000000 
-0.732975 0.000000 
0.854447 0.000000 
0.337346 0.000000 
0.193752 0.000000 
0.065996 0.000000 
-0.378697 -0.000000 
0.167552 0.000000 
-0.063505 0.000000 
0.431352 -0.000000 
0.090350 0.000000 
-0.528170 -0.000000 
-0.486996 0.000000 
-0.424233 0.000000 
0.422144 -0.000000 
-0.586839 -0.000000 
1.061754 0.000000 
0.159437 0.000000 
-0.203563 -0.000000 
1.137042 0.000000 
-1.045166 0.000000 
-0.453160 0.000000 
-0.052397 -0.000000 
-0.096453 0.000000 
0.308388 0.000000 
-0.056851 -0.000000 
-0.298830 -0.000000 
-0.263008 0.000000 
-0.070043 0.000000 
0.215359 0.000000 
0.322655 0.000000 
-0.461740 -0.000000 
0.258667 0.000000 
-0.093764 -0.000000 
-0.495171 0.000000 
-1.194402 0.000000 
0.806727 -0.000000 
0.658745 -0.000000 
-0.017573 0.000000 
-0.006532 -0.000000 
0.029435 0.000000 
0.275776 0.000000 
-0.570369 -0.000000 
1.105148 -0.000000 
0.316399 0.000000 
0.306180 0.000000 
0.392337 0.000000 
-0.219420 0.000000 
0.805617 -0.000000 
-0.271529 -0.000000 
0.430941 0.000000 
-0.155051 0.000000 
0.633369 0.000000 
0.432286 -0.000000 
0.287055 0.000000 
0.563919 0.000000 
0.062957 -0.000000 
-0.110776 -0.000000 
0.446202 0.000000 
-0.223297 -0.000000 
0.097391 0.000000 
-0.115663 0.000000 
0.279707 0.000000 
0.231068 0.000000 
-0.078303 0.000000 
-0.952665 0.000000 
-0.187265 -0.000000 
-0.622993 0.000000 
0.025957 0.000000 
0.186429 -0.000000 
0.340868 0.000000 
0.477595 -0.000000 
-0.016086 -0.000000 
-0.887629 -0.000000 
0.203479 0.000000 
-0.259154 0.000000 
-0.506859 0.000000 
0.023550 0.000000 
0.448332 0.000000 
0.371757 0.000000 
0.244931 0.000000 
0.228626 0.000000 
0.483466 0.000000 
-0.304996 0.000000 
-0.302803 0.000000 
-0.414953 -0.000000 
-0.225025 -0.000000 
0.787415 -0.000000 
0.441587 -0.000000 
-0.157532 -0.000000 
-0.611657 0.000000 
-0.026279 0.000000 
-0.314485 0.000000 
0.079929 -0.000000 
-0.498794 -0.000000 
-0.590944 -0.000000 
-0.540672 0.000000 
0.503347 0.000000 
0.187411 0.000000 
1.351592 0.000000 
0.118813 -0.000000 
0.929785 0.000000 
0.277288 0.000000 
0.743663 0.000000 
-0.300602 -0.000000 
-0.874130 0.000000 
-0.093756 -0.000000 
-0.590170 0.000000 
-0.052417 -0.000000 
0.114919 0.000000 
0.011562 0.000000 
0.658817 0.000000 
-0.339335 -0.000000 
-0.412217 -0.000000 
-0.828207 0.000000 
-0.121560 -0.000000 
-0.816276 0.000000 
0.589665 0.000000 
-0.280753 0.000000 
0.456081 -0.000000 
-0.430231 -0.000000 
-0.506738 0.000000 
-0.731973 0.000000 
-0.274269 0.000000 
-0.524009 0.000000 
-0.651307 0.000000 
-0.097511 0.000000 
1.181672 0.000000 
-0.033230 -0.000000 
0.052136 0.000000 
0.013466 -0.000000 
0.461067 0.000000 
-0.024266 -0.000000 
-0.489912 0.000000 
0.189075 0.000000 
-0.415858 0.000000 
0.514896 -0.000000 
-0.272830 -0.000000 
0.478104 0.000000 
0.637642 -0.000000 
-0.549730 0.000000 
0.924065 0.000000 
0.693634 0.000000 
-0.168691 0.000000 
-0.278091 0.000000 
0.191057 0.000000 
0.412596 -0.000000 
-0.122541 0.000000 
0.495368 0.000000 
0.203707 0.000000 
-0.438863 0.000000 
0.303516 0.000000 
-0.719484 -0.000000 
0.764018 0.000000 
0.686806 -0.000000 
0.369230 0.000000 
0.147313 -0.000000 
-1.043397 -0.000000 
0.214441 -0.000000 
-0.697403 0.000000 
-0.853362 0.000000 
0.133105 0.000000 
-0.430000 -0.000000 
-0.233667 0.000000 
0.451653 0.000000 
-0.658765 -0.000000 
-0.488134 0.000000 
-0.495494 0.000000 
0.453335 -0.000000 
-0.686649 -0.000000 
-0.803856 0.000000 
-0.550501 -0.000000 
-0.096963 0.000000 
0.522208 0.000000 
-0.311778 0.000000 
-0.154465 0.000000 
0.569703 -0.000000 
0.955247 0.000000 
-1.217220 0.000000 
0.124545 0.000000 
-0.118353 0.000000 
-0.446929 0.000000 
-0.038926 -0.000000 
0.563097 0.000000 
0.463442 0.000000 
0.143316 0.000000 
0.248523 0.000000 
0.257686 -0.000000 
-0.116786 0.000000 
0.729570 0.000000 
0.374109 0.000000 
-0.604912 0.000000 
0.472025 0.000000 
-0.584589 0.000000 
0.883526 0.000000 
-0.649338 -0.000000 
0.504426 -0.000000 
0.675842 0.000000 
0.088430 -0.000000 
-0.371602 0.000000 
-0.934569 0.000000 
-0.365366 0.000000 
-0.270158 -0.000000 
0.754097 0.000000 
-0.097900 0.000000 
-0.066430 0.000000 
0.475919 -0.000000 
-0.133275 0.000000 
0.365324 0.000000 
-0.204312 0.000000 
0.607952 -0.000000 
-0.198670 -0.000000 
0.417756 0.000000 
0.278495 -0.000000 
0.022683 0.000000 
-0.420559 0.000000 
-0.827432 0.000000 
-0.417698 0.000000 
-0.388972 0.000000 
-0.841261 0.000000 
-0.148667 0.000000 
0.256770 0.000000 
0.036035 0.000000 
0.860768 -0.000000 
0.454143 0.000000 
-0.465782 0.000000 
-0.341859 0.000000 
-0.486024 0.000000 
0.804444 0.000000 
0.953214 0.000000 
-0.160702 0.000000 
-0.069955 0.000000 
-0.133708 0.000000 
0.189833 -0.000000 
-0.224569 -0.000000 
-0.435926 0.000000 
0.510058 0.000000 
0.396887 0.000000 
-0.080414 -0.000000 
-0.325876 0.000000 
-0.101647 -0.000000 
0.044990 0.000000 
0.071407 -0.000000 
-0.097518 0.000000 
0.691784 -0.000000 
0.152671 -0.000000 
0.157387 0.000000 
-0.310118 -0.000000 
-0.618101 0.000000 
0.075697 0.000000 
0.406991 0.000000 
0.340633 0.000000 
0.089302 0.000000 
-0.137058 0.000000 
-0.787108 0.000000 
-0.415129 0.000000 
0.140502 0.000000 
-0.003389 0.000000 
-0.193360 0.000000 
0.198146 0.000000 
0.026625 -0.000000 
0.653645 -0.000000 
-0.601820 0.000000 
-0.038188 0.000000 
0.738247 -0.000000 
-0.802263 0.000000 
0.302049 0.000000 
-1.113347 0.000000 
-0.109132 0.000000 
-0.372391 0.000000 
0.049536 -0.000000 
-0.683979 0.000000 
-0.064163 -0.000000 
-0.605573 0.000000 
0.310362 0.000000 
-0.173619 0.000000 
-0.000226 -0.000000 
0.389008 -0.000000 
-0.150208 0.000000 
-0.311602 0.000000 
-0.787108 0.000000 
-0.060994 -0.000000 
0.994212 0.000000 
0.172315 0.000000 
0.393828 0.000000 
0.473224 0.000000 
0.591848 0.000000 
-0.171945 0.000000 
0.307081 0.000000 
-0.240077 0.000000 
0.043971 0.000000 
-0.305890 0.000000 
0.077462 0.000000 
0.915567 0.000000 
-0.833857 0.000000 
0.607003 -0.000000 
0.180980 0.000000 
-0.395137 0.000000 
-0.810576 -0.000000 
0.049307 0.000000 
0.372557 0.000000 
-0.315976 0.000000 
0.085515 -0.000000 
0.241669 0.000000 
-0.316249 0.000000 
0.662442 0.000000 
0.145627 0.000000 
-0.789943 0.000000 
0.206422 0.000000 
0.314564 -0.000000 
0.127620 -0.000000 
-0.323099 0.000000 
0.171813 0.000000 
-0.294768 -0.000000 
0.094868 -0.000000 
0.232882 0.000000 
-0.327186 0.000000 
-0.181664 -0.000000 
-0.544315 0.000000 
-0.281816 -0.000000 
-0.128240 0.000000 
-0.418557 -0.000000 
0.227553 0.000000 
-0.910744 0.000000 
-0.572940 -0.000000 
-0.490585 0.000000 
0.637943 0.000000 
0.245330 0.000000 
-0.354742 0.000000 
0.106081 0.000000 
-0.241311 0.000000 
0.527907 -0.000000 
-0.637722 -0.000000 
0.338182 -0.000000 
-0.217084 0.000000 
0.593137 0.000000 
0.265159 0.000000 
-0.054490 0.000000 
0.227567 0.000000 
-0.624751 0.000000 
-0.041385 -0.000000 
0.403165 -0.000000 
-0.062263 -0.000000 
0.693601 0.000000 
0.161485 0.000000 
-0.398256 0.000000 
0.089061 -0.000000 
0.824067 -0.000000 
0.008159 0.000000 
0.143057 0.000000 
0.332074 0.000000 
-0.653706 -0.000000 
-0.164276 0.000000 
0.347663 0.000000 
-0.492294 -0.000000 
0.641628 0.000000 
-0.093971 0.000000 
0.067376 0.000000 
-0.300240 0.000000 
-0.300875 0.000000 
0.492825 -0.000000 
-0.346748 0.000000 
-0.169587 0.000000 
0.036246 0.000000 
-0.851203 -0.000000 
-0.572065 0.000000 
-0.279763 -0.000000 
0.051133 0.000000 
0.403139 0.000000 
1.171330 0.000000 
-0.122632 0.000000 
-0.190278 0.000000 
-0.172975 0.000000 
0.347133 0.000000 
0.401844 -0.000000 
-0.085187 0.000000 
0.104325 0.000000 
-0.129557 -0.000000 
-0.390954 -0.000000 
0.715838 0.000000 
-0.516512 0.000000 
-0.113165 0.000000 
-0.257176 -0.000000 
0.456286 -0.000000 
-0.208461 0.000000 
-0.540776 0.000000 
-0.257600 -0.000000 
-0.235524 0.000000 
0.344056 -0.000000 
-0.351909 -0.000000 
0.453010 0.000000 
0.615169 -0.000000 
-0.031884 0.000000 
-0.639759 0.000000 
-0.623556 0.000000 
-1.087552 0.000000 
-0.501125 0.000000 
-0.590468 -0.000000 
-0.501387 0.000000 
0.019573 0.000000 
-0.507284 0.000000 
-0.663328 -0.000000 
-0.183238 0.000000 
-0.447828 0.000000 
0.013439 0.000000 
-0.317674 0.000000 
-0.475267 -0.000000 
0.258619 0.000000 
0.089206 0.000000 
-0.315556 0.000000 
0.655222 -0.000000 
0.611337 -0.000000 
0.206148 0.000000 
0.096235 0.000000 
-0.683603 0.000000 
-0.011016 0.000000 
0.010457 0.000000 
0.772989 0.000000 
0.652994 0.000000 
0.483601 0.000000 
-0.354721 0.000000 
0.084296 0.000000 
1.387941 -0.000000 
0.418449 0.000000 
-0.449972 -0.000000 
-0.098912 0.000000 
0.736630 -0.000000 
-0.002637 0.000000 
-0.294048 0.000000 
0.057880 0.000000 
0.086371 0.000000 
-0.070063 0.000000 
-0.661235 0.000000 
-0.359386 -0.000000 
0.419022 -0.000000 
-0.789512 -0.000000 
0.350366 0.000000 
-0.762734 -0.000000 
0.201295 -0.000000 
-0.699980 0.000000 
-0.149381 0.000000 
-0.503692 0.000000 
-1.123618 -0.000000 
0.045867 0.000000 
0.016137 0.000000 
-0.472771 -0.000000 
-0.599928 0.000000 
0.292374 0.000000 
-0.605040 -0.000000 
0.319193 0.000000 
-0.737272 0.000000 
0.017253 0.000000 
-0.341161 0.000000 
-0.676520 0.000000 
0.735167 -0.000000 
0.001683 -0.000000 
-0.567375 0.000000 
0.128349 0.000000 
0.312353 -0.000000 
0.913842 -0.000000 
-1.508306 0.000000 
-0.086457 0.000000 
0.035359 0.000000 
-0.384148 0.000000 
1.022211 0.000000 
0.398927 -0.000000 
-0.147220 0.000000 
0.123077 0.000000 
-0.815387 0.000000 
1.081749 -0.000000 
0.248291 -0.000000 
-0.669074 0.000000 
0.429499 -0.000000 
0.298991 0.000000 
-0.203924 0.000000 
0.549212 0.000000 
0.152307 0.000000 
-0.454268 0.000000 
-0.096690 0.000000 
-0.070815 0.000000 
-0.545501 -0.000000 
-0.154575 0.000000 
0.483842 -0.000000 
0.815897 -0.000000 
0.516229 0.000000 
0.561907 0.000000 
-0.319556 0.000000 
0.018881 -0.000000 
-0.313350 0.000000 
-0.067144 0.000000 
-0.760931 0.000000 
0.108634 0.000000 
-0.194440 0.000000 
-0.968556 -0.000000 
0.225871 -0.000000 
0.856645 0.000000 
1.133263 -0.000000 
0.549375 -0.000000 
-0.625079 0.000000 
-0.611236 0.000000 
-0.983552 -0.000000 
0.260323 0.000000 
0.721456 -0.000000 
0.181256 0.000000 
-0.156985 0.000000 
0.179430 0.000000 
-0.326239 0.000000 
-0.154065 0.000000 
0.431725 0.000000 
0.048051 -0.000000 
-1.447119 0.000000 
-0.191555 -0.000000 
0.307898 -0.000000 
0.068237 0.000000 
-0.393778 0.000000 
0.391379 0.000000 
-1.016968 -0.000000 
-0.712916 -0.000000 
0.199210 -0.000000 
0.215886 0.000000 
0.082744 0.000000 
0.526308 -0.000000 
-0.177111 0.000000 
0.319426 0.000000 
-0.315617 -0.000000 
0.423076 0.000000 
-0.633695 -0.000000 
0.172273 -0.000000 
0.392724 0.000000 
0.661945 -0.000000 
0.020559 0.000000 
-0.350292 0.000000 
-0.368033 -0.000000 
1.612601 -0.000000 
0.300537 0.000000 
-0.002127 0.000000 
-0.960821 0.000000 
-0.529275 0.000000 
0.096398 -0.000000 
0.554123 0.000000 
-0.138169 -0.000000 
0.197575 0.000000 
0.365156 0.000000 
0.150899 0.000000 
-0.243846 0.000000 
-0.207645 0.000000 
0.185706 0.000000 
-0.362197 0.000000 
-0.405443 0.000000 
0.007566 0.000000 
0.109481 0.000000 
0.375960 -0.000000 
-0.432807 -0.000000 
-0.116876 0.000000 
0.099825 -0.000000 
0.352747 -0.000000 
-0.649096 -0.000000 
-0.375871 0.000000 
-0.327284 0.000000 
-0.453759 -0.000000 
-0.551405 0.000000 
-0.135755 -0.000000 
0.231584 0.000000 
0.552658 0.000000 
0.120030 0.000000 
0.706379 0.000000 
0.193686 -0.000000 
0.254763 0.000000 
0.407733 0.000000 
0.127138 0.000000 
-0.217295 0.000000 
-1.044048 0.000000 
-0.022326 0.000000 
0.316019 0.000000 
0.647590 -0.000000 
0.764851 -0.000000 
0.552490 0.000000 
0.036489 -0.000000 
-0.526343 -0.000000 
0.159534 0.000000 
-0.458742 -0.000000 
0.180878 0.000000 
-0.058594 0.000000 
0.277563 0.000000 
0.077390 0.000000 
-1.209626 0.000000 
0.295346 0.000000 
-0.293482 -0.000000 
0.254550 0.000000 
-0.404234 0.000000 
0.122179 0.000000 
-0.664778 0.000000 
-0.601722 0.000000 
0.699273 -0.000000 
0.678623 -0.000000 
-0.000184 0.000000 
-0.518919 0.000000 
0.101454 0.000000 
-0.427511 0.000000 
-0.601947 0.000000 
-0.427326 -0.000000 
0.504003 0.000000 
0.018916 0.000000 
0.608880 0.000000 
0.500562 -0.000000 
-0.608991 0.000000 
-0.151334 0.000000 
0.295046 0.000000 
-0.623465 0.000000 
-0.475476 0.000000 
0.343803 0.000000 
0.229281 0.000000 
0.368587 0.000000 
0.115480 -0.000000 
0.146016 -0.000000 
0.405954 0.000000 
0.119042 -0.000000 
-0.997982 0.000000 
0.067227 0.000000 
-0.139203 -0.000000 
0.275719 0.000000 
0.310790 0.000000 
-0.243848 0.000000 
0.170653 -0.000000 
0.496057 -0.000000 
1.240421 0.000000 
0.224731 0.000000 
0.034707 0.000000 
-0.183324 0.000000 
0.165966 0.000000 
0.162916 -0.000000 
-0.103941 -0.000000 
-0.048184 -0.000000 
-0.258170 -0.000000 
0.076058 -0.000000 
-0.169679 0.000000 
0.448324 -0.000000 
-0.885689 0.000000 
0.870538 0.000000 
-0.731899 -0.000000 
0.092171 0.000000 
-0.092976 0.000000 
-0.067997 0.000000 
0.310783 0.000000 
0.600911 0.000000 
-0.526839 0.000000 
0.267198 0.000000 
-0.149599 -0.000000 
0.401559 -0.000000 
-0.226705 0.000000 
0.021353 0.000000 
0.932832 0.000000 
0.829840 -0.000000 
0.413032 0.000000 
-0.601153 0.000000 
-0.205559 -0.000000 
-0.160429 0.000000 
0.232676 0.000000 
0.097102 -0.000000 
0.012437 -0.000000 
-0.532104 -0.000000 
-0.870186 0.000000 
0.275264 0.000000 
-0.090179 -0.000000 
0.729703 0.000000 
-0.120984 -0.000000 
0.417855 -0.000000 
0.061582 -0.000000 
0.251206 -0.000000 
-0.229759 0.000000 
-0.725381 0.000000 
0.313051 0.000000 
-0.595465 -0.000000 
0.545997 -0.000000 
-0.364412 -0.000000 
-0.288985 -0.000000 
0.927559 0.000000 
0.747842 0.000000 
-0.161232 0.000000 
0.325375 0.000000 
-0.499899 -0.000000 
0.308876 0.000000 
-0.220221 0.000000 
-0.814292 -0.000000 
0.300105 -0.000000 
-0.147636 0.000000 
0.511042 0.000000 
0.207011 -0.000000 
-0.931119 -0.000000 
0.472508 -0.000000 
-0.097154 0.000000 
-0.446569 0.000000 
-0.155969 0.000000 
-0.521385 -0.000000 
0.771569 0.000000 
-0.176952 -0.000000 
-0.706075 0.000000 
-0.109185 -0.000000 
-0.094514 0.000000 
-0.069271 0.000000 
0.144970 0.000000 
-0.192840 0.000000 
0.485578 -0.000000 
-0.143742 0.000000 
-0.730591 0.000000 
-0.177696 0.000000 
0.419550 0.000000 
-0.061048 0.000000 
0.769453 0.000000 
0.691696 -0.000000 
-0.522380 0.000000 
-0.640152 -0.000000 
-0.016398 0.000000 
0.231216 0.000000 
-0.076861 0.000000 
1.296329 -0.000000 
-0.312230 0.000000 
-0.707187 0.000000 
0.282947 0.000000 
-0.700313 -0.000000 
-0.207691 -0.000000 
-0.482958 -0.000000 
-0.100496 0.000000 
0.756088 -0.000000 
0.303962 0.000000 
-0.744934 0.000000 
0.216018 -0.000000 
-0.264356 0.000000 
-0.232569 0.000000 
-1.494011 0.000000 
0.251268 0.000000 
0.608288 0.000000 
0.077635 0.000000 
0.742911 0.000000 
0.321564 -0.000000 
-0.131783 0.000000 
0.331503 0.000000 
-0.172266 0.000000 
-0.119352 0.000000 
-0.202094 -0.000000 
-0.193335 0.000000 
0.455405 -0.000000 
-0.163536 0.000000 
0.773073 0.000000 
0.327698 -0.000000 
-0.090812 0.000000 
-0.338907 -0.000000 
-0.001797 0.000000 
-0.018021 0.000000 
0.797482 0.000000 
-0.755314 -0.000000 
0.104649 -0.000000 
0.385389 -0.000000 
0.276381 0.000000 
0.097468 0.000000 
0.596129 0.000000 
0.756316 0.000000 
-0.044223 0.000000 
0.555894 0.000000 
-0.867683 0.000000 
0.351755 0.000000 
0.122181 -0.000000 
0.141794 0.000000 
-0.627228 0.000000 
-0.679118 0.000000 
0.524978 0.000000 
0.468334 0.000000 
0.233308 0.000000 
0.694874 0.000000 
1.022991 -0.000000 
-0.842402 -0.000000 
-0.373818 -0.000000 
-0.351560 0.000000 
-0.534116 0.000000 
-0.950418 -0.000000 
-0.345966 0.000000 
0.435497 0.000000 
0.257043 0.000000 
-0.164141 0.000000 
-0.209891 0.000000 
-0.337237 0.000000 
0.362638 0.000000 
-0.526932 0.000000 
0.435658 -0.000000 
0.030662 0.000000 
0.212429 0.000000 
-0.790568 -0.000000 
-0.115039 0.000000 
0.116217 -0.000000 
0.161383 0.000000 
-0.515050 0.000000 
-0.440330 -0.000000 
-0.577626 -0.000000 
-0.026636 0.000000 
0.134488 -0.000000 
0.199012 -0.000000 
-0.563981 0.000000 
0.007338 -0.000000 
-0.445520 -0.000000 
0.122481 0.000000 
-0.568995 -0.000000 
-0.317086 0.000000 
-0.029530 -0.000000 
0.461221 0.000000 
-1.108599 0.000000 
-0.053861 0.000000 
0.477415 0.000000 
-0.122588 -0.000000 
0.186982 -0.000000 
-0.401115 0.000000 
-0.313937 0.000000 
0.472541 0.000000 
-0.813123 0.000000 
-0.760499 -0.000000 
0.947571 0.000000 
-0.735709 -0.000000 
-0.355567 -0.000000 
-0.122236 0.000000 
0.097432 0.000000 
-0.187796 0.000000 
0.685834 0.000000 
-0.765924 0.000000 
0.192515 0.000000 
-0.519623 -0.000000 
0.217864 -0.000000 
-0.032757 0.000000 
0.257480 0.000000 
-0.263244 -0.000000 
-1.115395 -0.000000 
0.823195 0.000000 
-0.001114 -0.000000 
-0.524068 0.000000 
-0.635658 0.000000 
0.055846 0.000000 
-0.392051 0.000000 
-0.504078 0.000000 
-0.093260 -0.000000 
0.252103 0.000000 
-0.461791 0.000000 
0.377238 0.000000 
-0.985610 0.000000 
-0.825416 -0.000000 
-0.327982 -0.000000 
-0.082255 0.000000 
-0.311581 -0.000000 
0.071670 0.000000 
0.167348 -0.000000 
0.107540 -0.000000 
0.266519 0.000000 
0.920769 0.000000 
-0.507630 0.000000 
0.031088 -0.000000 
0.023234 0.000000 
-0.618075 -0.000000 
-0.047628 0.000000 
-0.432860 0.000000 
-0.288534 0.000000 
0.071643 -0.000000 
-1.153003 0.000000 
0.189162 0.000000 
0.010418 0.000000 
1.064998 -0.000000 
-0.584628 0.000000 
0.048792 -0.000000 
0.845068 -0.000000 
-0.753803 0.000000 
-0.830007 -0.000000 
-1.014948 0.000000 
0.408979 -0.000000 
0.283617 0.000000 
-0.108348 0.000000 
-0.648868 -0.000000 
-0.260911 -0.000000 
0.193858 0.000000 
0.415446 0.000000 
-0.379789 0.000000 
0.490477 0.000000 
0.027823 0.000000 
0.758431 0.000000 
0.095629 -0.000000 
-0.072298 0.000000 
-0.370473 -0.000000 
-0.222481 0.000000 
-0.226400 0.000000 
-0.843074 0.000000 
-0.486430 0.000000 
-0.333841 0.000000 
-0.200618 0.000000 
-0.147427 -0.000000 
0.072224 0.000000 
0.368493 0.000000 
-0.063613 0.000000 
0.495444 0.000000 
0.038012 0.000000 
0.416160 0.000000 
0.162758 -0.000000 
-0.171595 0.000000 
-0.140438 0.000000 
-0.816743 0.000000 
0.277374 0.000000 
0.438312 0.000000 
-0.249015 0.000000 
0.238566 0.000000 
0.693454 0.000000 
-0.877509 0.000000 
0.485191 -0.000000 
-0.414076 -0.000000 
0.904833 0.000000 
-0.058514 -0.000000 
0.198302 0.000000 
0.010180 0.000000 
-0.275357 -0.000000 
0.123751 0.000000 
0.247981 0.000000 
0.401339 0.000000 
-0.007215 0.000000 
-0.368936 0.000000 
-0.326467 0.000000 
-0.373188 0.000000 
-0.410853 0.000000 
0.228013 0.000000 
-0.346300 -0.000000 
0.124910 -0.000000 
-0.542714 -0.000000 
-0.350450 -0.000000 
-0.380884 0.000000 
-0.198935 0.000000 
-0.315373 0.000000 
-0.695890 0.000000 
0.041127 0.000000 
-0.104369 0.000000 
0.498329 0.000000 
0.595136 0.000000 
0.136915 0.000000 
0.068838 0.000000 
0.027319 0.000000 
-0.698598 0.000000 
0.881384 0.000000 
-0.278137 0.000000 
-0.168045 0.000000 
-0.377634 -0.000000 
-0.225447 -0.000000 
0.121564 0.000000 
0.254687 -0.000000 
0.511567 -0.000000 
0.504787 0.000000 
-0.187280 0.000000 
-0.075990 0.000000 
-0.065174 0.000000 
0.323422 0.000000 
0.068362 0.000000 
-0.058192 -0.000000 
-0.120904 -0.000000 
0.616383 -0.000000 
0.171616 0.000000 
-0.571091 -0.000000 
-0.435730 0.000000 
0.637619 -0.000000 
0.446365 0.000000 
-0.347457 0.000000 
-0.041747 0.000000 
-0.014097 0.000000 
-0.485290 0.000000 
-0.579186 0.000000 
-0.203463 0.000000 
0.067055 -0.000000 
-0.442117 -0.000000 
-0.171452 0.000000 
-0.487876 0.000000 
-0.656698 0.000000 
0.664012 0.000000 
-0.103442 0.000000 
-0.116455 0.000000 
-0.387728 0.000000 
-0.720391 0.000000 
0.356078 0.000000 
0.017674 0.000000 
-0.306987 0.000000 
-0.079263 -0.000000 
0.469114 -0.000000 
-1.576216 -0.000000 
-0.799413 0.000000 
0.174118 0.000000 
-0.093514 -0.000000 
-0.380274 0.000000 
0.199769 0.000000 
-0.002914 0.000000 
0.399112 -0.000000 
-0.746122 -0.000000 
-0.653651 0.000000 
0.333020 -0.000000 
-0.712471 0.000000 
0.871026 0.000000 
0.907015 0.000000 
0.561344 -0.000000 
0.272604 -0.000000 
0.296341 -0.000000 
-0.111687 0.000000 
-0.078003 -0.000000 
-1.170276 0.000000 
0.286153 0.000000 
0.327279 0.000000 
-0.081307 0.000000 
-1.004044 0.000000 
-0.280231 0.000000 
-0.442014 0.000000 
0.351025 0.000000 
-0.647756 -0.000000 
-0.181574 0.000000 
-0.032125 0.000000 
0.103314 0.000000 
-0.644623 0.000000 
-0.111276 0.000000 
-0.574364 0.000000 
0.035777 0.000000 
-0.066078 0.000000 
-0.812068 0.000000 
-0.287413 0.000000 
0.099715 -0.000000 
-0.710539 -0.000000 
-0.021468 -0.000000 
0.532983 0.000000 
-0.792412 -0.000000 
-0.195284 0.000000 
-0.185007 0.000000 
0.221732 -0.000000 
0.008618 0.000000 
-0.466706 0.000000 
-0.194230 0.000000 
-0.267210 -0.000000 
-0.691238 -0.000000 
0.285759 0.000000 
-0.511889 0.000000 
-0.200339 0.000000 
0.345671 0.000000 
0.306594 0.000000 
0.926530 0.000000 
-0.610420 -0.000000 
0.021094 0.000000 
-0.464521 0.000000 
1.001563 -0.000000 
-0.153958 -0.000000 
-0.317689 0.000000 
-0.486658 -0.000000 
-0.289016 0.000000 
-0.216120 0.000000 
-0.437916 0.000000 
-0.324396 -0.000000 
-0.343802 0.000000 
-0.514550 0.000000 
0.088607 0.000000 
0.867586 -0.000000 
-0.141648 0.000000 
-0.271487 -0.000000 
-0.895930 0.000000 
-0.502708 0.000000 
0.037476 0.000000 
-0.271567 0.000000 
-0.501828 -0.000000 
-0.405590 -0.000000 
-0.812376 0.000000 
-0.057998 0.000000 
0.061453 -0.000000 
0.159802 0.000000 
0.020815 -0.000000 
0.254649 0.000000 
-0.797710 0.000000 
0.448926 0.000000 
-0.360033 -0.000000 
0.366282 -0.000000 
-0.296623 0.000000 
0.009509 0.000000 
0.290392 0.000000 
-0.389336 -0.000000 
-0.571446 -0.000000 
0.135855 0.000000 
0.166802 0.000000 
-0.005132 0.000000 
-0.297485 -0.000000 
-0.238354 0.000000 
0.206965 -0.000000 
-1.118298 0.000000 
0.512800 -0.000000 
-0.069675 0.000000 
0.424177 -0.000000 
-0.467209 0.000000 
-1.297545 0.000000 
-0.467932 0.000000 
1.134440 -0.000000 
0.973259 -0.000000 
-0.180238 -0.000000 
-0.200914 0.000000 
-0.557902 0.000000 
-0.045458 0.000000 
0.020833 0.000000 
0.477789 0.000000 
0.139083 0.000000 
0.592142 0.000000 
-0.685983 0.000000 
-0.261990 0.000000 
0.272957 -0.000000 
0.025620 -0.000000 
-0.494289 0.000000 
1.194018 0.000000 
-0.051024 0.000000 
-0.520206 -0.000000 
-0.351254 0.000000 
0.376471 0.000000 
0.007880 -0.000000 
0.392440 -0.000000 
-0.149527 0.000000 
-0.370186 0.000000 
-0.397477 0.000000 
0.173864 0.000000 
-0.534928 0.000000 
0.291838 -0.000000 
0.339128 -0.000000 
-0.800329 0.000000 
-0.189816 0.000000 
0.508501 0.000000 
0.672473 0.000000 
0.134343 0.000000 
-0.273760 -0.000000 
0.457487 0.000000 
0.277700 0.000000 
0.147126 0.000000 
0.050569 0.000000 
0.080912 0.000000 
0.004198 0.000000 
-0.526432 0.000000 
0.678932 0.000000 
0.022632 0.000000 
0.801804 -0.000000 
-0.389401 0.000000 
-0.560168 0.000000 
0.308506 0.000000 
0.354389 0.000000 
0.212489 0.000000 
0.362720 -0.000000 
-0.258499 0.000000 
0.140934 -0.000000 
-0.450130 0.000000 
-0.532636 0.000000 
-0.300429 -0.000000 
0.533117 0.000000 
0.016990 -0.000000 
0.185765 -0.000000 
0.623607 0.000000 
-0.237624 0.000000 
0.429031 0.000000 
-0.186206 -0.000000 
-0.205537 0.000000 
-0.683988 0.000000 
0.236033 -0.000000 
-0.689670 0.000000 
-0.119689 -0.000000 
0.178839 -0.000000 
-0.071588 0.000000 
-0.289036 0.000000 
-0.436882 -0.000000 
-0.217869 0.000000 
0.377124 0.000000 
-0.144649 -0.000000 
1.362306 0.000000 
0.351256 0.000000 
-0.046431 0.000000 
0.108659 0.000000 
-1.671430 0.000000 
0.444550 0.000000 
1.266290 -0.000000 
0.315476 -0.000000 
-0.134076 0.000000 
-0.154686 0.000000 
0.545514 0.000000 
-0.117093 -0.000000 
0.379299 -0.000000 
0.227675 -0.000000 
-0.088838 -0.000000 
-0.287271 -0.000000 
0.492439 0.000000 
-0.086703 0.000000 
-0.294885 0.000000 
0.481428 0.000000 
0.581195 0.000000 
0.246871 -0.000000 
-0.029223 0.000000 
0.296369 -0.000000 
-0.162290 -0.000000 
0.748951 -0.000000 
-0.366880 0.000000 
-0.743115 0.000000 
0.346514 0.000000 
0.035520 0.000000 
-0.040888 -0.000000 
0.511737 0.000000 
-0.589121 0.000000 
0.494232 -0.000000 
0.740383 0.000000 
-0.395586 -0.000000 
0.406595 0.000000 
0.184527 0.000000 
0.045123 0.000000 
0.663054 -0.000000 
0.040965 0.000000 
0.373557 0.000000 
-0.820620 0.000000 
0.329070 0.000000 
-0.418819 -0.000000 
0.350475 0.000000 
-0.489699 -0.000000 
0.359113 0.000000 
0.548273 0.000000 
0.241190 0.000000 
0.415698 0.000000 
-0.631553 -0.000000 
-0.311420 0.000000 
0.367123 0.000000 
-0.048411 0.000000 
-0.277566 -0.000000 
-0.136697 0.000000 
0.007069 -0.000000 
-0.408312 -0.000000 
0.055815 0.000000 
0.541261 0.000000 
-0.523074 0.000000 
0.112732 -0.000000 
0.157396 0.000000 
0.050848 0.000000 
-0.384712 0.000000 
0.022552 0.000000 
-0.467753 0.000000 
0.083606 -0.000000 
0.380931 -0.000000 
-0.318825 0.000000 
0.221701 0.000000 
0.411028 0.000000 
-0.196368 -0.000000 
0.055065 0.000000 
0.731033 0.000000 
0.932844 0.000000 
-0.257625 0.000000 
-0.209311 0.000000 
0.550134 0.000000 
0.060235 0.000000 
-0.194972 0.000000 
0.195506 0.000000 
0.031447 0.000000 
-0.152731 -0.000000 
-0.199601 0.000000 
1.425154 -0.000000 
-0.444757 0.000000 
0.038082 -0.000000 
0.901605 0.000000 
-0.808697 0.000000 
0.353542 0.000000 
-0.127657 -0.000000 
-0.316575 0.000000 
0.394095 0.000000 
0.499190 0.000000 
-0.646500 0.000000 
0.398810 0.000000 
-0.581993 -0.000000 
0.202642 -0.000000 
-0.193877 -0.000000 
0.628425 0.000000 
-0.299430 0.000000 
-0.353886 0.000000 
0.140076 0.000000 
-1.181695 -0.000000 
-0.356255 0.000000 
-0.277214 0.000000 
0.026732 -0.000000 
0.334886 0.000000 
0.043421 0.000000 
0.163994 0.000000 
-0.426659 -0.000000 
0.034671 0.000000 
0.091991 0.000000 
-0.024769 0.000000 
-1.194510 0.000000 
0.280190 0.000000 
-0.495118 0.000000 
0.498302 0.000000 
-0.603963 0.000000 
-0.413501 0.000000 
-0.241069 0.000000 
-0.406042 -0.000000 
-0.343325 -0.000000 
-0.443223 0.000000 
0.952733 -0.000000 
-0.634938 0.000000 
0.579301 -0.000000 
0.460085 0.000000 
-0.487372 -0.000000 
-0.279520 0.000000 
-0.022345 0.000000 
-0.836122 0.000000 
1.364424 0.000000 
0.634528 -0.000000 
-0.249906 0.000000 
-0.532826 -0.000000 
0.623576 0.000000 
-0.267134 0.000000 
0.366268 0.000000 
0.523138 0.000000 
-0.317585 -0.000000 
0.213939 -0.000000 
0.879766 0.000000 
0.330841 0.000000 
-0.189627 0.000000 
-0.290216 0.000000 
0.333111 0.000000 
0.918338 -0.000000 
0.482762 0.000000 
-0.287124 0.000000 
-0.120744 0.000000 
0.631226 -0.000000 
-0.559392 0.000000 
-0.561648 -0.000000 
-0.420013 -0.000000 
0.664745 0.000000 
-0.175094 0.000000 
-0.044300 0.000000 
-0.507304 -0.000000 
-0.543508 0.000000 
0.325525 0.000000 
-0.298570 0.000000 
0.983133 -0.000000 
-0.645180 0.000000 
0.239348 -0.000000 
0.194157 -0.000000 
0.209680 0.000000 
0.341993 0.000000 
0.094071 0.000000 
0.272459 -0.000000 
0.613467 0.000000 
-0.754130 0.000000 
-0.843413 0.000000 
0.142213 -0.000000 
0.302847 0.000000 
0.506326 0.000000 
0.521677 0.000000 
0.103986 0.000000 
-0.659753 0.000000 
-0.602088 -0.000000 
0.950582 0.000000 
0.461751 0.000000 
0.665008 0.000000 
0.494119 0.000000 
0.052162 -0.000000 
0.023255 0.000000 
-0.239703 0.000000 
-0.541352 0.000000 
-0.147003 -0.000000 
0.739859 0.000000 
-0.235458 -0.000000 
0.698076 -0.000000 
-1.079911 -0.000000 
0.184880 0.000000 
0.064574 0.000000 
0.066874 -0.000000 
0.210674 -0.000000 
0.342708 0.000000 
-0.237735 -0.000000 
0.080362 0.000000 
0.413797 0.000000 
-0.045459 0.000000 
-0.441306 -0.000000 
0.337355 0.000000 
0.444756 0.000000 
-0.299125 0.000000 
-1.536417 -0.000000 
-0.476147 0.000000 
-0.093894 0.000000 
0.891445 0.000000 
-0.280346 -0.000000 
-0.191895 0.000000 
-0.311088 0.000000 
1.299626 -0.000000 
-0.202734 0.000000 
0.205435 0.000000 
0.110679 -0.000000 
0.007225 0.000000 
0.522571 0.000000 
0.238457 0.000000 
-0.386483 0.000000 
-0.467784 0.000000 
-0.586639 -0.000000 
-0.715433 -0.000000 
0.719440 0.000000 
0.124603 -0.000000 
0.966651 0.000000 
0.200468 0.000000 
0.854017 -0.000000 
0.250324 0.000000 
0.687296 0.000000 
0.123217 -0.000000 
-0.316225 0.000000 
0.025824 0.000000 
0.611892 -0.000000 
0.043369 0.000000 
0.734514 0.000000 
0.100084 0.000000 
1.008312 0.000000 
0.352833 -0.000000 
-0.074713 -0.000000 
-0.653667 0.000000 
0.327119 0.000000 
0.054589 0.000000 
0.045037 -0.000000 
-0.853058 0.000000 
-1.016045 0.000000 
-1.095492 0.000000 
-0.999659 0.000000 
-0.181384 -0.000000 
-0.578764 0.000000 
0.295856 0.000000 
0.243042 0.000000 
0.590865 -0.000000 
-0.579183 -0.000000 
0.089673 0.000000 
-0.498872 0.000000 
0.474350 0.000000 
-0.178988 0.000000 
0.269241 0.000000 
-0.091299 0.000000 
0.137571 0.000000 
0.695770 0.000000 
0.779493 -0.000000 
-0.762481 0.000000 
-0.341389 -0.000000 
-0.261094 -0.000000 
-0.694080 0.000000 
-0.257986 -0.000000 
-0.523533 0.000000 
-0.587941 -0.000000 
-0.324732 -0.000000 
-0.597380 0.000000 
-0.267552 0.000000 
0.310202 -0.000000 
-0.358219 0.000000 
0.369575 0.000000 
0.782726 0.000000 
0.200709 0.000000 
-0.065774 -0.000000 
0.065011 0.000000 
0.660695 0.000000 
0.223222 -0.000000 
0.103429 0.000000 
0.416326 -0.000000 
-0.595218 0.000000 
0.298412 0.000000 
-0.293198 0.000000 
1.222031 0.000000 
-1.253116 0.000000 
0.770939 0.000000 
-0.011904 0.000000 
-0.170730 -0.000000 
-0.647860 0.000000 
0.581394 0.000000 
0.516747 -0.000000 
0.088914 0.000000 
0.956249 0.000000 
0.120864 0.000000 
0.512217 0.000000 
-0.156236 0.000000 
-0.646797 0.000000 
0.244457 -0.000000 
-0.215173 0.000000 
0.938747 0.000000 
-0.103268 0.000000 
0.635086 0.000000 
-0.247767 0.000000 
-0.473050 0.000000 
0.408150 0.000000 
0.327857 -0.000000 
0.094598 0.000000 
0.041517 0.000000 
0.737665 0.000000 
0.214140 0.000000 
0.053384 -0.000000 
0.245906 0.000000 
0.240796 -0.000000 
0.260418 0.000000 
0.030604 0.000000 
0.870321 0.000000 
0.029049 0.000000 
0.023466 0.000000 
-0.583469 0.000000 
0.543395 0.000000 
0.686365 0.000000 
-0.189763 0.000000 
-0.444436 0.000000 
0.300947 -0.000000 
0.280257 0.000000 
0.328149 0.000000 
-0.254487 0.000000 
-0.092084 0.000000 
-0.365258 0.000000 
-0.562580 0.000000 
-0.154690 -0.000000 
-0.333073 0.000000 
-0.216838 0.000000 
-0.125597 0.000000 
0.400132 0.000000 
0.084445 -0.000000 
0.382618 0.000000 
-0.754083 0.000000 
-0.111647 0.000000 
0.465431 0.000000 
-0.012296 0.000000 
0.463576 0.000000 
-0.832185 0.000000 
-0.080017 0.000000 
-0.569395 0.000000 
-0.587584 0.000000 
0.199149 -0.000000 
-0.363864 0.000000 
-0.936925 -0.000000 
-1.139932 0.000000 
0.540526 0.000000 
-0.060206 0.000000 
0.097046 -0.000000 
0.358421 0.000000 
0.641317 0.000000 
-0.622706 0.000000 
0.599900 0.000000 
0.132713 0.000000 
0.238034 0.000000 
0.182024 0.000000 
0.247311 0.000000 
0.155853 0.000000 
-0.053482 -0.000000 
0.228209 0.000000 
-0.229073 -0.000000 
-0.102237 0.000000 
-0.059077 0.000000 
0.694743 0.000000 
0.014499 0.000000 
-0.183609 0.000000 
0.377276 0.000000 
0.403339 0.000000 
-0.432778 -0.000000 
-0.779236 0.000000 
0.702295 0.000000 
0.009907 0.000000 
-0.501655 0.000000 
-1.233684 0.000000 
-0.606898 0.000000 
-0.184138 -0.000000 
0.126241 0.000000 
-0.306287 -0.000000 
-1.105979 0.000000 
-0.379578 0.000000 
-0.146680 -0.000000 
0.430195 0.000000 
-0.448641 -0.000000 
-0.121473 -0.000000 
-0.279066 -0.000000 
0.342150 0.000000 
0.408437 -0.000000 
0.062510 0.000000 
0.506065 0.000000 
0.214644 -0.000000 
0.266494 0.000000 
0.433308 -0.000000 
1.019727 0.000000 
0.852690 0.000000 
-0.091901 0.000000 
-0.283798 0.000000 
0.202413 -0.000000 
-0.061522 0.000000 
-0.292247 -0.000000 
0.639079 0.000000 
0.010215 0.000000 
-0.019213 0.000000 
0.595133 -0.000000 
0.815811 0.000000 
-0.262383 -0.000000 
-0.527857 0.000000 
0.057124 0.000000 
-0.396138 0.000000 
0.052480 0.000000 
-0.446256 0.000000 
0.128942 0.000000 
0.017259 0.000000 
-0.474204 0.000000 
0.171634 0.000000 
-0.336462 -0.000000 
-0.213068 0.000000 
0.021075 -0.000000 
-0.957969 0.000000 
0.059682 0.000000 
-0.565647 0.000000 
0.868696 -0.000000 
-0.148413 0.000000 
-0.054382 0.000000 
0.352384 0.000000 
0.351810 0.000000 
-0.307466 -0.000000 
-0.149368 0.000000 
-0.529428 0.000000 
0.411429 0.000000 
-0.187419 0.000000 
0.405403 0.000000 
0.146383 -0.000000 
0.062715 0.000000 
-0.246341 0.000000 
0.212338 0.000000 
-0.433015 -0.000000 
0.184947 0.000000 
0.392708 0.000000 
1.499014 0.000000 
0.676458 -0.000000 
0.547238 -0.000000 
-0.065036 0.000000 
-0.539298 -0.000000 
0.664366 0.000000 
0.176060 -0.000000 
-0.059879 0.000000 
0.807596 0.000000 
0.817742 0.000000 
0.601853 -0.000000 
-0.526903 0.000000 
-0.009108 -0.000000 
-0.200370 0.000000 
-0.552372 0.000000 
1.238740 0.000000 
0.456306 -0.000000 
-0.624890 0.000000 
0.427975 0.000000 
0.407351 0.000000 
-0.907829 0.000000 
0.443228 0.000000 
-0.043608 -0.000000 
0.501219 -0.000000 
-0.786544 0.000000 
0.452199 -0.000000 
-0.016394 -0.000000 
0.449550 0.000000 
0.566528 0.000000 
-1.190148 0.000000 
-0.693863 -0.000000 
0.530525 -0.000000 
-1.194611 0.000000 
0.374024 -0.000000 
-0.061474 -0.000000 
-0.657210 0.000000 
0.075201 -0.000000 
-0.906982 -0.000000 
0.593254 0.000000 
-0.574217 0.000000 
0.050190 0.000000 
-0.208587 -0.000000 
0.562729 0.000000 
-0.065146 -0.000000 
-0.454847 0.000000 
0.109802 0.000000 
0.020240 -0.000000 
0.569960 -0.000000 
0.189032 0.000000 
-0.906770 0.000000 
0.232962 -0.000000 
0.410065 0.000000 
-0.111840 0.000000 
-0.574208 0.000000 
-0.056707 -0.000000 
-0.431476 0.000000 
-0.248472 -0.000000 
0.013487 0.000000 
0.270019 0.000000 
0.715630 0.000000 
0.220489 -0.000000 
0.028408 0.000000 
-0.364865 -0.000000 
0.296843 0.000000 
0.048532 0.000000 
0.903219 0.000000 
-0.616791 0.000000 
-0.682554 0.000000 
0.003670 0.000000 
0.103594 0.000000 
0.215112 0.000000 
-0.073410 0.000000 
0.221693 -0.000000 
-0.077099 0.000000 
0.107330 0.000000 
-0.193916 -0.000000 
-0.103427 0.000000 
0.422736 0.000000 
0.244263 -0.000000 
0.129922 0.000000 
0.517848 -0.000000 
0.553567 0.000000 
-0.490905 -0.000000 
-0.294877 -0.000000 
-0.895821 0.000000 
-0.656190 0.000000 
0.172026 0.000000 
0.530284 0.000000 
-0.286050 0.000000 
-0.375485 0.000000 
0.006110 -0.000000 
-0.232832 0.000000 
0.029581 0.000000 
0.613813 0.000000 
0.003042 0.000000 
0.718963 -0.000000 
0.984156 0.000000 
-0.280893 -0.000000 
0.326499 0.000000 
-0.357232 0.000000 
-0.119688 -0.000000 
0.297923 0.000000 
-0.235533 0.000000 
-0.154489 -0.000000 
0.245238 0.000000 
-0.178880 0.000000 
-0.151999 0.000000 
0.006356 0.000000 
0.157167 0.000000 
1.130659 0.000000 
-0.628219 -0.000000 
-0.172617 -0.000000 
-0.872971 -0.000000 
-0.318092 -0.000000 
0.156573 -0.000000 
0.012328 0.000000 
-0.301350 0.000000 
0.452379 0.000000 
-0.303308 0.000000 
0.275898 0.000000 
-0.472878 0.000000 
-0.285072 0.000000 
-0.172742 0.000000 
-0.363060 0.000000 
-0.556309 0.000000 
0.075768 0.000000 
0.026160 0.000000 
0.217776 -0.000000 
-1.336665 -0.000000 
-0.000908 0.000000 
-0.794904 -0.000000 
-0.583561 -0.000000 
-0.359753 0.000000 
0.785815 0.000000 
0.991056 0.000000 
-0.517635 0.000000 
-0.005469 0.000000 
0.483658 0.000000 
-0.440073 0.000000 
0.520976 0.000000 
-0.006477 0.000000 
0.061653 0.000000 
0.027562 0.000000 
-0.196987 0.000000 
0.025893 0.000000 
-0.039979 0.000000 
-0.134707 0.000000 
1.108684 0.000000 
-0.551231 0.000000 
0.096768 0.000000 
0.926063 -0.000000 
0.254401 -0.000000 
-0.211954 0.000000 
-0.198465 0.000000 
-0.057893 0.000000 
-0.407339 0.000000 
-0.717600 -0.000000 
-0.868214 -0.000000 
0.541896 -0.000000 
-0.138957 -0.000000 
-0.708423 0.000000 
-0.305532 -0.000000 
0.890531 0.000000 
0.208296 0.000000 
0.592892 0.000000 
0.116738 -0.000000 
0.433310 0.000000 
-0.618544 -0.000000 
-0.116003 -0.000000 
-1.572434 0.000000 
-0.039745 0.000000 
0.053475 -0.000000 
-0.451452 0.000000 
-0.552999 0.000000 
-0.832171 0.000000 
-1.016883 0.000000 
0.007358 -0.000000 
0.816184 0.000000 
0.185561 0.000000 
-0.229584 -0.000000 
0.001511 -0.000000 
0.312504 0.000000 
-0.211940 0.000000 
0.196380 -0.000000 
0.073203 0.000000 
0.128685 -0.000000 
-0.796075 0.000000 
-0.493940 -0.000000 
0.000661 0.000000 
-0.347176 0.000000 
0.249467 -0.000000 
-0.608257 -0.000000 
-0.306100 -0.000000 
0.667804 0.000000 
0.026680 0.000000 
0.552169 0.000000 
0.472984 0.000000 
0.957792 0.000000 
-0.249440 0.000000 
0.042121 0.000000 
1.199666 0.000000 
-0.008891 0.000000 
0.479090 -0.000000 
0.040609 -0.000000 
-0.081492 -0.000000 
-0.094148 -0.000000 
-0.331215 0.000000 
-0.894350 0.000000 
-0.790334 0.000000 
-0.089544 -0.000000 
-0.483038 0.000000 
0.015424 0.000000 
0.368208 0.000000 
0.015159 0.000000 
-0.465635 0.000000 
0.111675 0.000000 
-0.401193 -0.000000 
-0.781473 0.000000 
0.862044 -0.000000 
0.885378 -0.000000 
-0.051541 0.000000 
-0.618699 -0.000000 
-0.006828 0.000000 
-0.137520 0.000000 
-0.523644 -0.000000 
-0.688518 0.000000 
-0.628509 0.000000 
-0.318433 -0.000000 
-0.402854 -0.000000 
0.150223 0.000000 
-0.765721 -0.000000 
-0.132725 -0.000000 
-0.336251 0.000000 
0.205122 0.000000 
-0.649035 0.000000 
-0.311118 -0.000000 
-0.641088 -0.000000 
0.583998 0.000000 
0.194585 0.000000 
-0.601442 -0.000000 
0.634421 0.000000 
0.112949 -0.000000 
-0.634917 0.000000 
0.409288 -0.000000 
-0.182152 0.000000 
-0.244403 0.000000 
0.635280 0.000000 
0.543150 -0.000000 
-0.209744 0.000000 
-0.291923 -0.000000 
0.284553 -0.000000 
-0.157983 0.000000 
-0.248669 0.000000 
0.335604 0.000000 
0.531999 -0.000000 
-0.389916 0.000000 
-0.108991 0.000000 
-0.431195 0.000000 
-0.585312 0.000000 
0.109191 0.000000 
-0.108011 0.000000 
-0.604281 -0.000000 
0.078704 0.000000 
0.410599 0.000000 
0.170814 0.000000 
-0.067879 0.000000 
-0.487605 0.000000 
0.674435 0.000000 
-0.078863 -0.000000 
-0.388309 0.000000 
0.338318 -0.000000 
-0.957233 -0.000000 
0.164837 0.000000 
0.101750 -0.000000 
-0.204596 0.000000 
-0.414351 0.000000 
0.106417 0.000000 
0.263530 -0.000000 
0.142340 0.000000 
-0.315518 -0.000000 
-1.492218 0.000000 
0.318645 0.000000 
0.904156 0.000000 
-1.035447 -0.000000 
0.106663 0.000000 
1.241520 0.000000 
-0.352568 0.000000 
-0.649301 0.000000 
0.201541 0.000000 
-0.116920 0.000000 
-0.626772 -0.000000 
0.553206 0.000000 
0.368143 0.000000 
0.053115 -0.000000 
-0.176483 0.000000 
0.773491 0.000000 
0.106991 -0.000000 
-0.732357 0.000000 
0.640722 -0.000000 
0.030858 0.000000 
0.506095 -0.000000 
-0.260497 0.000000 
-0.713633 0.000000 
-0.083362 0.000000 
-0.839352 0.000000 
0.666905 0.000000 
0.547887 0.000000 
-0.719975 0.000000 
-0.260533 -0.000000 
-0.335712 0.000000 
0.335236 -0.000000 
0.269526 0.000000 
0.670760 0.000000 
0.425190 0.000000 
-0.285513 0.000000 
0.632865 -0.000000 
0.318096 -0.000000 
-0.193552 0.000000 
-0.097919 0.000000 
-0.992787 0.000000 
-0.036452 0.000000 
-0.551427 0.000000 
1.287614 0.000000 
-0.121904 0.000000 
-0.264451 0.000000 
-0.237369 0.000000 
-0.260676 0.000000 
-0.336601 0.000000 
-0.617571 0.000000 
-0.513716 0.000000 
-0.246155 -0.000000 
0.097959 -0.000000 
-0.145154 0.000000 
-0.861582 0.000000 
-0.431286 0.000000 
-0.347073 -0.000000 
-0.741519 0.000000 
-0.672042 0.000000 
-0.287148 -0.000000 
0.164972 0.000000 
0.181177 -0.000000 
-0.142102 -0.000000 
0.570830 -0.000000 
-0.633203 0.000000 
-0.626938 0.000000 
0.074520 -0.000000 
0.710100 -0.000000 
0.115654 0.000000 
0.621536 -0.000000 
0.117204 -0.000000 
0.534201 0.000000 
0.962704 -0.000000 
0.403998 0.000000 
-0.161675 0.000000 
-0.100115 0.000000 
0.034965 -0.000000 
0.068934 -0.000000 
-1.025869 0.000000 
0.318499 0.000000 
0.592614 0.000000 
0.719033 0.000000 
0.083557 0.000000 
0.305949 0.000000 
-0.508586 0.000000 
-0.848488 -0.000000 
-0.262505 -0.000000 
-0.161964 -0.000000 
0.640199 0.000000 
0.103685 -0.000000 
-0.134049 0.000000 
1.201327 0.000000 
-0.486794 -0.000000 
0.141718 0.000000 
0.664559 0.000000 
0.545748 0.000000 
-0.258349 0.000000 
-0.119488 0.000000 
0.290491 0.000000 
-0.195979 0.000000 
0.557485 -0.000000 
-0.399807 0.000000 
-0.292520 0.000000 
0.170876 0.000000 
-0.357044 0.000000 
-0.309265 -0.000000 
0.315829 -0.000000 
0.106592 -0.000000 
-0.751048 -0.000000 
0.043360 0.000000 
0.527455 0.000000 
-0.180007 -0.000000 
-0.472964 -0.000000 
-0.056466 -0.000000 
-0.692830 0.000000 
-0.461070 0.000000 
0.282080 0.000000 
-0.409100 0.000000 
-0.630498 -0.000000 
-0.410488 -0.000000 
-0.304159 0.000000 
0.084992 0.000000 
0.180961 0.000000 
0.364760 0.000000 
0.224076 0.000000 
-0.889816 -0.000000 
0.879366 -0.000000 
0.277530 0.000000 
-0.323191 0.000000 
0.634047 -0.000000 
0.584592 0.000000 
-0.416640 0.000000 
-0.623128 -0.000000 
-0.263130 0.000000 
0.129874 0.000000 
0.937006 -0.000000 
-0.062172 0.000000 
-0.095718 -0.000000 
-0.543875 0.000000 
0.247547 0.000000 
0.030034 0.000000 
0.752126 -0.000000 
0.064700 -0.000000 
0.456776 0.000000 
0.413415 0.000000 
0.618933 0.000000 
0.525971 0.000000 
0.340182 0.000000 
0.128393 0.000000 
-0.254035 0.000000 
0.446938 0.000000 
-0.388257 -0.000000 
0.052463 0.000000 
-0.087871 0.000000 
-0.228843 -0.000000 
-0.390264 0.000000 
-0.525959 -0.000000 
0.615524 -0.000000 
0.537317 0.000000 
0.599704 -0.000000 
0.127654 0.000000 
1.080626 0.000000 
-0.260081 0.000000 
-0.533716 0.000000 
-0.270294 0.000000 
-0.793152 0.000000 
0.202256 -0.000000 
-0.273520 -0.000000 
-0.270646 0.000000 
0.257625 0.000000 
0.253232 0.000000 
-0.263148 -0.000000 
-0.213202 0.000000 
-0.354951 0.000000 
-0.298089 0.000000 
0.644077 -0.000000 
0.041678 -0.000000 
-0.109065 0.000000 
-0.006060 -0.000000 
-0.197277 0.000000 
-0.176901 0.000000 
-0.194839 0.000000 
-0.240950 -0.000000 
-0.783247 -0.000000 
-0.725727 0.000000 
0.512152 0.000000 
0.858115 0.000000 
0.020579 0.000000 
-0.342776 0.000000 
0.244282 0.000000 
-0.107585 0.000000 
0.100320 0.000000 
0.076990 0.000000 
0.077243 0.000000 
-0.509812 0.000000 
0.491164 0.000000 
-0.469783 0.000000 
0.126476 0.000000 
-0.641126 0.000000 
0.497108 -0.000000 
-0.142062 0.000000 
0.135212 0.000000 
-0.572311 0.000000 
-0.968914 0.000000 
0.487225 0.000000 
-0.032712 -0.000000 
0.041085 0.000000 
1.083389 0.000000 
0.757504 -0.000000 
0.305907 -0.000000 
-0.045549 0.000000 
-0.450958 -0.000000 
-0.186743 0.000000 
0.684065 0.000000 
-0.217928 0.000000 
0.395335 -0.000000 
-0.255178 -0.000000 
0.893246 0.000000 
-0.493827 0.000000 
-0.717788 0.000000 
-0.747230 0.000000 
0.446340 0.000000 
0.188180 0.000000 
0.317612 -0.000000 
0.214540 0.000000 
0.213843 -0.000000 
0.196523 -0.000000 
0.378406 -0.000000 
-0.136234 0.000000 
0.610385 -0.000000 
-0.504717 0.000000 
-0.921921 -0.000000 
0.663682 0.000000 
-1.317912 0.000000 
0.064289 0.000000 
-1.158282 -0.000000 
-0.285854 0.000000 
1.014986 0.000000 
0.100388 0.000000 
-0.833656 -0.000000 
-0.063808 -0.000000 
-0.080044 0.000000 
-0.143233 0.000000 
-0.503247 0.000000 
0.360552 -0.000000 
-0.242155 0.000000 
1.497659 -0.000000 
0.721703 0.000000 
0.714205 0.000000 
-0.205437 0.000000 
0.068828 0.000000 
-0.518071 0.000000 
-0.079071 0.000000 
-1.173909 0.000000 
-0.130168 -0.000000 
0.274992 0.000000 
-0.268218 -0.000000 
-0.388055 -0.000000 
0.326922 0.000000 
-0.322788 0.000000 
-0.392127 0.000000 
0.574240 -0.000000 
0.103257 0.000000 
0.078364 -0.000000 
-0.057611 0.000000 
0.006366 -0.000000 
-0.110085 0.000000 
0.161071 -0.000000 
-0.273189 0.000000 
0.472852 0.000000 
0.386264 0.000000 
0.742319 0.000000 
0.452975 0.000000 
-1.053523 -0.000000 
-0.509519 0.000000 
-0.166150 -0.000000 
0.110925 0.000000 
-0.404060 0.000000 
0.545619 0.000000 
0.105377 0.000000 
0.507749 -0.000000 
-0.006447 0.000000 
-1.035018 0.000000 
0.120648 0.000000 
-0.298302 0.000000 
-0.316876 0.000000 
-1.297941 0.000000 
0.155256 0.000000 
0.073965 -0.000000 
-0.501140 0.000000 
-0.298828 0.000000 
0.380052 0.000000 
-0.170126 0.000000 
-0.192288 0.000000 
-1.031497 0.000000 
-0.056546 0.000000 
-0.386230 0.000000 
1.160736 -0.000000 
0.182014 0.000000 
0.199799 0.000000 
0.438668 0.000000 
0.153267 -0.000000 
-0.350515 0.000000 
-0.350812 -0.000000 
0.775494 0.000000 
-0.218321 0.000000 
-0.537548 0.000000 
-0.356141 0.000000 
-0.053913 0.000000 
0.080142 0.000000 
-0.176878 0.000000 
-0.418418 -0.000000 
-0.543312 0.000000 
-0.281819 0.000000 
0.317155 0.000000 
0.534758 0.000000 
-0.046507 0.000000 
0.267795 -0.000000 
0.446162 -0.000000 
0.577235 0.000000 
0.295626 0.000000 
0.999323 -0.000000 
0.520760 0.000000 
0.037149 0.000000 
0.585806 0.000000 
-0.999181 0.000000 
0.125848 -0.000000 
0.035614 0.000000 
0.657185 -0.000000 
0.674715 0.000000 
-0.675740 -0.000000 
-0.040721 0.000000 
0.554708 0.000000 
0.047752 0.000000 
-0.508939 0.000000 
0.142086 -0.000000 
1.309084 -0.000000 
-0.184834 0.000000 
0.047125 -0.000000 
0.244264 -0.000000 
0.020030 0.000000 
0.198930 0.000000 
0.780129 0.000000 
-0.054083 -0.000000 
-1.173111 0.000000 
-0.030023 0.000000 
0.108724 -0.000000 
0.818872 0.000000 
0.043255 0.000000 
0.292619 0.000000 
-0.816487 0.000000 
1.373857 0.000000 
-0.270558 0.000000 
0.075545 0.000000 
0.664377 -0.000000 
0.291131 0.000000 
-0.153753 -0.000000 
0.273373 0.000000 
-0.231349 0.000000 
0.514135 0.000000 
-1.138761 -0.000000 
-0.466980 0.000000 
0.211168 0.000000 
-0.183825 0.000000 
0.548637 0.000000 
0.473195 0.000000 
-0.120260 0.000000 
0.606676 0.000000 
0.525745 0.000000 
-0.119452 -0.000000 
-0.059727 0.000000 
0.716599 -0.000000 
1.270646 0.000000 
-0.399577 0.000000 
-0.643989 0.000000 
0.687541 -0.000000 
0.276497 0.000000 
0.076616 0.000000 
-0.096340 0.000000 
0.012325 -0.000000 
-0.376366 0.000000 
-0.195060 0.000000 
-0.210555 0.000000 
0.728406 -0.000000 
-0.173350 -0.000000 
-0.414915 -0.000000 
0.624792 -0.000000 
-0.002419 0.000000 
0.346137 0.000000 
-0.566730 0.000000 
-0.081540 0.000000 
0.828971 0.000000 
-0.039836 -0.000000 
-0.569785 0.000000 
-0.105862 0.000000 
-0.091309 0.000000 
0.513604 0.000000 
0.122562 0.000000 
0.231369 0.000000 
-0.080932 -0.000000 
-0.441905 -0.000000 
0.334060 0.000000 
0.152422 -0.000000 
-0.250523 0.000000 
0.175553 -0.000000 
0.484600 -0.000000 
-0.344813 0.000000 
-0.216499 -0.000000 
0.069347 0.000000 
0.696907 0.000000 
-0.385460 -0.000000 
-0.839237 -0.000000 
0.099418 -0.000000 
0.323454 0.000000 
0.397741 0.000000 
0.478181 -0.000000 
-0.370331 0.000000 
-0.298281 -0.000000 
0.373153 0.000000 
-0.261050 0.000000 
-1.386677 -0.000000 
0.096735 0.000000 
-0.276197 -0.000000 
0.264975 0.000000 
0.130652 0.000000 
0.791975 0.000000 
0.485276 0.000000 
-0.747060 0.000000 
-0.114281 0.000000 
0.312811 -0.000000 
0.315678 0.000000 
0.456798 0.000000 
0.358653 0.000000 
-0.512973 0.000000 
-0.519516 0.000000 
-0.095203 0.000000 
-0.311911 0.000000 
0.562614 -0.000000 
-0.060254 -0.000000 
0.385339 0.000000 
-0.297932 0.000000 
0.742753 0.000000 
-0.408382 0.000000 
0.441612 -0.000000 
-0.538331 0.000000 
-0.070861 0.000000 
0.417217 -0.000000 
-0.718463 0.000000 
-0.850970 0.000000 
0.180885 0.000000 
0.092700 0.000000 
-1.315016 0.000000 
0.159355 0.000000 
-0.017168 0.000000 
0.098785 -0.000000 
0.086574 0.000000 
-0.664525 0.000000 
-0.597726 0.000000 
-0.135137 0.000000 
1.279733 0.000000 
0.318825 0.000000 
0.378123 -0.000000 
-0.633306 0.000000 
0.077785 0.000000 
-0.117150 -0.000000 
0.185684 -0.000000 
0.725844 -0.000000 
-0.243508 -0.000000 
0.029828 0.000000 
-0.052643 0.000000 
-0.287338 0.000000 
-0.275955 0.000000 
-0.177095 0.000000 
-0.218511 -0.000000 
0.110586 0.000000 
-0.451073 -0.000000 
-0.496078 0.000000 
0.647658 0.000000 
-0.046682 0.000000 
-0.291026 -0.000000 
0.189910 0.000000 
-0.647553 0.000000 
-0.193546 -0.000000 
0.438376 0.000000 
0.237653 0.000000 
-0.117713 0.000000 
-0.125390 0.000000 
0.755217 -0.000000 
-0.717541 -0.000000 
-0.461322 0.000000 
0.171492 -0.000000 
0.214210 0.000000 
0.901924 0.000000 
0.020132 -0.000000 
-0.673928 0.000000 
-0.572254 0.000000 
-0.002604 0.000000 
-1.039920 0.000000 
-0.808133 0.000000 
0.518823 0.000000 
-0.081563 0.000000 
-0.560306 0.000000 
-0.321468 -0.000000 
0.336167 0.000000 
0.609475 0.000000 
0.506184 -0.000000 
0.015032 0.000000 
0.574049 0.000000 
-0.155608 0.000000 
0.448458 0.000000 
-0.625183 0.000000 
-0.117756 -0.000000 
0.236450 0.000000 
0.697498 0.000000 
-0.667567 -0.000000 
-0.756339 -0.000000 
-0.563006 -0.000000 
0.868655 0.000000 
0.360603 -0.000000 
-0.027000 0.000000 
-0.909878 0.000000 
-0.058149 0.000000 
-0.321299 0.000000 
0.273438 0.000000 
0.294374 0.000000 
0.353212 0.000000 
-1.225077 -0.000000 
-0.171351 -0.000000 
-0.730409 0.000000 
0.019396 0.000000 
0.424437 -0.000000 
-0.457546 0.000000 
1.104513 -0.000000 
0.089965 0.000000 
0.324062 -0.000000 
-0.681445 0.000000 
0.454315 0.000000 
0.260547 0.000000 
0.393752 0.000000 
-0.006012 0.000000 
0.135249 -0.000000 
0.165696 -0.000000 
0.232014 -0.000000 
0.387419 0.000000 
-0.974856 0.000000 
0.518123 0.000000 
-0.367004 0.000000 
1.329666 0.000000 
-0.532223 -0.000000 
-0.005640 -0.000000 
-0.260274 0.000000 
0.091232 0.000000 
0.337717 0.000000 
0.361302 0.000000 
0.011252 -0.000000 
-0.534317 -0.000000 
0.023351 0.000000 
-0.567376 0.000000 
0.613926 -0.000000 
-0.250204 0.000000 
-1.023299 0.000000 
-0.885876 0.000000 
-0.506629 0.000000 
1.027377 -0.000000 
0.113686 0.000000 
0.192387 -0.000000 
-0.070774 -0.000000 
0.474645 0.000000 
-0.078313 0.000000 
-0.478228 -0.000000 
0.043150 -0.000000 
-0.603148 0.000000 
-0.277922 0.000000 
0.668938 0.000000 
1.573614 0.000000 
0.161220 0.000000 
-0.507025 -0.000000 
-0.595065 0.000000 
0.342523 0.000000 
-0.605839 0.000000 
0.230293 0.000000 
0.118874 0.000000 
-0.917776 0.000000 
0.092609 -0.000000 
-0.930768 0.000000 
-0.682442 -0.000000 
0.646405 0.000000 
-0.101768 -0.000000 
-0.069356 -0.000000 
0.720103 0.000000 
-1.148871 -0.000000 
0.095822 0.000000 
1.595347 -0.000000 
-1.244213 0.000000 
0.064001 0.000000 
-0.534439 -0.000000 
-0.062223 0.000000 
-0.101418 0.000000 
-0.127838 0.000000 
-0.488552 0.000000 
-0.120253 0.000000 
0.370098 0.000000 
-0.258429 0.000000 
0.556026 0.000000 
0.232686 0.000000 
0.582229 0.000000 
-0.181449 -0.000000 
-0.788246 0.000000 
0.118790 0.000000 
-0.418255 -0.000000 
0.517940 0.000000 
0.717887 -0.000000 
-0.181110 0.000000 
-0.120068 -0.000000 
-0.113748 -0.000000 
-0.327163 -0.000000 
-0.017697 -0.000000 
-0.327824 0.000000 
0.226236 -0.000000 
0.168269 0.000000 
0.130326 0.000000 
-0.490382 0.000000 
0.865156 0.000000 
0.451444 0.000000 
0.206892 0.000000 
0.317007 -0.000000 
-0.247714 0.000000 
0.493183 0.000000 
-0.289554 0.000000 
-1.197207 0.000000 
-0.095586 -0.000000 
0.229761 0.000000 
-0.136509 -0.000000 
-0.017294 0.000000 
0.463383 0.000000 
0.041764 0.000000 
-0.013522 -0.000000 
-0.087760 0.000000 
-0.179625 0.000000 
-0.144653 -0.000000 
-0.672385 0.000000 
-0.655735 0.000000 
-0.051420 -0.000000 
-0.399835 0.000000 
-0.091097 -0.000000 
-0.194031 0.000000 
-0.175531 -0.000000 
1.143632 0.000000 
0.291639 0.000000 
-0.027471 -0.000000 
0.514853 -0.000000 
0.129466 -0.000000 
0.371250 0.000000 
-0.172832 -0.000000 
-0.407707 -0.000000 
-0.631163 0.000000 
0.304692 -0.000000 
-0.111300 0.000000 
0.559237 0.000000 
-0.379965 0.000000 
-0.438519 0.000000 
-0.018688 -0.000000 
-0.274397 0.000000 
0.344483 0.000000 
0.267270 -0.000000 
0.602976 0.000000 
0.295334 0.000000 
0.163232 0.000000 
0.215079 -0.000000 
0.247850 0.000000 
0.113614 0.000000 
-0.063222 0.000000 
0.443511 0.000000 
-0.092764 0.000000 
-0.067735 -0.000000 
-0.012479 -0.000000 
-0.333100 0.000000 
1.096532 0.000000 
-0.557220 0.000000 
0.177254 0.000000 
-0.260949 0.000000 
0.721715 -0.000000 
-0.025378 0.000000 
0.774361 0.000000 
0.788335 0.000000 
0.049349 -0.000000 
0.899228 0.000000 
-0.529481 0.000000 
-0.232550 -0.000000 
-0.923989 0.000000 
0.009549 0.000000 
-0.176838 0.000000 
-0.084523 -0.000000 
-0.470205 0.000000 
0.000127 0.000000 
0.319813 0.000000 
-0.108893 0.000000 
1.146697 0.000000 
0.223389 -0.000000 
-0.058879 0.000000 
-0.215696 0.000000 
-0.761391 -0.000000 
0.577844 0.000000 
0.105151 0.000000 
-0.383183 0.000000 
-0.285524 0.000000 
-1.113888 0.000000 
-0.521482 0.000000 
0.001387 -0.000000 
-0.054759 -0.000000 
0.498307 0.000000 
0.500567 0.000000 
-0.586610 -0.000000 
-0.728241 -0.000000 
-0.556224 0.000000 
-0.142337 -0.000000 
-0.414031 0.000000 
0.097633 0.000000 
-0.075357 0.000000 
0.625350 -0.000000 
-0.510981 0.000000 
-0.418877 -0.000000 
-0.774319 0.000000 
0.228942 0.000000 
0.214977 -0.000000 
0.089273 0.000000 
-0.460204 0.000000 
1.049777 0.000000 
-0.709821 0.000000 
-0.361757 0.000000 
-0.531302 -0.000000 
0.624664 0.000000 
0.080107 0.000000 
0.106096 0.000000 
0.518418 0.000000 
-0.219786 -0.000000 
0.221868 -0.000000 
-0.374409 -0.000000 
0.890270 0.000000 
-0.195859 -0.000000 
-0.059302 0.000000 
-0.880862 -0.000000 
0.278393 0.000000 
0.334752 0.000000 
-0.316537 0.000000 
-0.166936 0.000000 
0.214842 0.000000 
0.459003 0.000000 
-0.415601 -0.000000 
0.461373 0.000000 
-0.094284 0.000000 
-0.142420 0.000000 
0.072255 -0.000000 
0.703871 0.000000 
-0.237481 0.000000 
0.091918 0.000000 
-1.030118 -0.000000 
-0.095721 0.000000 
-0.113589 0.000000 
0.613717 -0.000000 
-0.329745 0.000000 
0.024770 0.000000 
-0.185719 0.000000 
0.448298 0.000000 
0.456892 0.000000 
-0.491351 -0.000000 
-0.310953 0.000000 
0.160565 -0.000000 
-0.707102 0.000000 
0.245005 -0.000000 
-0.956092 0.000000 
0.238770 -0.000000 
1.027931 0.000000 
-0.318676 0.000000 
-0.095287 0.000000 
-0.259111 0.000000 
0.040221 0.000000 
0.787698 0.000000 
-0.751745 0.000000 
-0.432052 -0.000000 
0.910958 0.000000 
0.591891 0.000000 
-0.181436 0.000000 
-0.003044 -0.000000 
0.098666 -0.000000 
0.004250 0.000000 
-0.377308 0.000000 
-0.382299 -0.000000 
-0.276263 0.000000 
0.584221 -0.000000 
0.208481 -0.000000 
0.125437 0.000000 
0.099488 -0.000000 
0.704922 -0.000000 
-0.600515 0.000000 
0.209322 0.000000 
0.800596 0.000000 
-0.576870 -0.000000 
0.950405 0.000000 
-0.041715 0.000000 
-0.226413 0.000000 
0.404228 -0.000000 
0.382399 0.000000 
-0.371263 0.000000 
-0.016159 0.000000 
-0.580452 -0.000000 
-0.369597 0.000000 
-0.317823 -0.000000 
0.030452 -0.000000 
1.559326 0.000000 
0.484859 0.000000 
-0.064453 0.000000 
-0.405821 0.000000 
0.449935 0.000000 
0.020403 -0.000000 
-0.297177 0.000000 
0.022519 0.000000 
-0.353631 0.000000 
-1.085170 0.000000 
0.745535 -0.000000 
0.566208 0.000000 
-0.515921 -0.000000 
0.143786 -0.000000 
0.076292 -0.000000 
-0.074993 0.000000 
0.294759 0.000000 
0.182201 -0.000000 
-0.301770 0.000000 
-0.508308 0.000000 
0.397620 0.000000 
1.240949 0.000000 
-0.610628 0.000000 
-0.232967 0.000000 
0.217836 0.000000 
0.059492 0.000000 
0.676789 0.000000 
-0.244907 0.000000 
-0.599521 0.000000 
0.177959 -0.000000 
0.229391 0.000000 
0.701019 0.000000 
0.042822 -0.000000 
-0.251161 -0.000000 
-0.438862 0.000000 
-0.393962 0.000000 
0.310149 -0.000000 
0.342354 0.000000 
-0.562070 0.000000 
0.214095 0.000000 
-0.093452 0.000000 
-0.079052 0.000000 
0.079046 0.000000 
0.061314 0.000000 
0.478496 0.000000 
-0.493352 0.000000 
-0.837127 0.000000 
-0.917777 0.000000 
0.012378 -0.000000 
0.056470 0.000000 
-0.714117 -0.000000 
-0.280767 -0.000000 
-0.472523 0.000000 
-0.451099 -0.000000 
-0.195039 -0.000000 
-1.234618 -0.000000 
-0.525032 0.000000 
-0.483678 -0.000000 
-0.755256 -0.000000 
0.180192 0.000000 
0.021347 -0.000000 
-0.197317 -0.000000 
-0.426849 0.000000 
-0.113268 0.000000 
0.067151 0.000000 
0.042929 -0.000000 
-1.000660 0.000000 
-0.821493 -0.000000 
0.357975 -0.000000 
0.178161 0.000000 
-0.383516 0.000000 
0.424183 0.000000 
0.598221 0.000000 
0.953063 0.000000 
0.402358 0.000000 
0.459300 0.000000 
0.912984 -0.000000 
0.020888 0.000000 
0.465147 0.000000 
0.217561 0.000000 
-0.153269 0.000000 
-0.017919 -0.000000 
0.525342 0.000000 
-0.155153 0.000000 
0.302074 0.000000 
0.343176 0.000000 
-0.159059 0.000000 
-0.425599 0.000000 
0.412843 0.000000 
0.208372 0.000000 
0.434186 0.000000 
0.434092 0.000000 
0.135078 0.000000 
0.317406 -0.000000 
0.223073 0.000000 
0.065595 0.000000 
-0.691449 0.000000 
-0.157756 0.000000 
-0.027522 -0.000000 
0.524622 0.000000 
0.586428 0.000000 
-0.687818 0.000000 
-0.404025 0.000000 
-0.172300 0.000000 
0.644894 0.000000 
-0.024946 0.000000 
-0.608017 -0.000000 
-0.159809 0.000000 
0.640254 0.000000 
0.450627 0.000000 
-0.247937 -0.000000 
-0.547373 -0.000000 
-0.203012 0.000000 
0.358113 -0.000000 
0.059415 0.000000 
0.129691 0.000000 
0.250826 -0.000000 
0.085082 0.000000 
0.148796 0.000000 
-0.068345 -0.000000 
0.290389 -0.000000 
-0.383839 0.000000 
0.235686 0.000000 
-0.360265 0.000000 
-0.478775 -0.000000 
0.289134 0.000000 
-0.082431 0.000000 
-0.851897 0.000000 
-0.861245 0.000000 
0.445450 0.000000 
0.316938 0.000000 
-0.940552 -0.000000 
0.277326 0.000000 
0.254587 0.000000 
0.157528 0.000000 
-0.128144 0.000000 
-0.536960 0.000000 
0.391814 -0.000000 
1.142642 -0.000000 
-0.420706 0.000000 
0.120748 0.000000 
-0.274881 0.000000 
0.366142 0.000000 
0.111806 0.000000 
-0.164720 0.000000 
0.485764 0.000000 
-0.073548 0.000000 
-0.278066 0.000000 
0.005446 0.000000 
-0.198843 -0.000000 
0.226191 0.000000 
0.050273 0.000000 
0.355953 0.000000 
0.250355 -0.000000 
1.470533 0.000000 
0.212812 0.000000 
0.120064 0.000000 
-0.198665 0.000000 
0.086707 0.000000 
-1.028429 -0.000000 
0.178405 0.000000 
0.312583 -0.000000 
0.015506 -0.000000 
-0.269315 -0.000000 
0.026330 0.000000 
-0.767319 -0.000000 
-0.479856 0.000000 
-0.530954 0.000000 
0.051409 -0.000000 
0.493932 0.000000 
-0.361685 0.000000 
-0.211523 -0.000000 
0.483347 -0.000000 
-0.034932 0.000000 
0.681217 0.000000 
0.065575 0.000000 
0.409612 0.000000 
0.960061 -0.000000 
-0.014708 0.000000 
0.587459 -0.000000 
-0.119109 0.000000 
-0.181813 0.000000 
0.271189 0.000000 
0.363828 0.000000 
-0.281418 0.000000 
-0.039198 -0.000000 
-0.829524 0.000000 
-0.391333 -0.000000 
-0.508131 0.000000 
-0.262293 0.000000 
0.142896 0.000000 
-0.464664 0.000000 
1.039329 0.000000 
0.569725 0.000000 
0.107574 0.000000 
-0.521755 0.000000 
0.272899 -0.000000 
0.310575 -0.000000 
0.840065 0.000000 
0.578298 -0.000000 
0.079105 0.000000 
-0.407709 -0.000000 
0.467501 0.000000 
0.636285 0.000000 
-0.473868 0.000000 
0.321557 0.000000 
0.209720 -0.000000 
0.315732 -0.000000 
-0.285203 0.000000 
-0.660368 0.000000 
0.092430 -0.000000 
-0.237425 -0.000000 
0.699655 0.000000 
-0.868032 0.000000 
0.194621 0.000000 
-0.094402 0.000000 
0.150057 0.000000 
0.438424 0.000000 
-0.100523 -0.000000 
-0.797114 -0.000000 
-0.076249 0.000000 
-0.340711 -0.000000 
0.403337 -0.000000 
-0.148489 0.000000 
0.171906 0.000000 
-0.149283 -0.000000 
-0.663915 0.000000 
-0.078311 -0.000000 
0.431290 0.000000 
0.556877 -0.000000 
-0.149405 -0.000000 
0.807190 0.000000 
-0.453428 0.000000 
0.483862 -0.000000 
-1.162863 0.000000 
-0.488278 0.000000 
0.016451 -0.000000 
0.708250 0.000000 
-0.017612 -0.000000 
-0.332784 -0.000000 
-0.187397 0.000000 
0.880846 0.000000 
-0.538897 -0.000000 
0.155016 0.000000 
0.486354 0.000000 
0.473681 0.000000 
-0.337602 -0.000000 
-0.879506 -0.000000 
0.306039 0.000000 
0.123764 -0.000000 
0.493765 0.000000 
0.809488 -0.000000 
-0.667009 -0.000000 
-0.083242 0.000000 
-0.300745 0.000000 
0.598240 0.000000 
0.779867 0.000000 
-0.165748 -0.000000 
-0.121639 -0.000000 
-0.014104 0.000000 
0.385640 -0.000000 
-0.504811 -0.000000 
-0.910266 -0.000000 
0.166467 -0.000000 
0.256244 0.000000 
-0.179695 0.000000 
-0.039167 0.000000 
0.751712 -0.000000 
1.197474 -0.000000 
0.619078 0.000000 
-0.480460 -0.000000 
-0.008743 0.000000 
0.420180 0.000000 
0.246967 0.000000 
0.065936 0.000000 
-0.037991 0.000000 
0.369050 -0.000000 
0.371104 -0.000000 
0.094348 0.000000 
-0.543063 0.000000 
-0.190995 0.000000 
-0.080888 0.000000 
-0.323430 0.000000 
0.311233 0.000000 
0.225792 0.000000 
-0.282679 0.000000 
-0.368248 0.000000 
-0.459407 0.000000 
-0.562866 -0.000000 
-0.404640 0.000000 
-0.379660 -0.000000 
-0.341120 0.000000 
0.994841 0.000000 
0.383766 0.000000 
1.308226 -0.000000 
0.094099 -0.000000 
-0.593451 -0.000000 
0.188451 0.000000 
-1.417961 0.000000 
-0.082826 -0.000000 
-1.036209 0.000000 
0.962912 0.000000 
0.249306 0.000000 
-0.128129 -0.000000 
0.710669 -0.000000 
-0.334018 -0.000000 
-0.174778 0.000000 
-1.003287 -0.000000 
0.044846 0.000000 
0.383822 -0.000000 
-0.512018 -0.000000 
-0.959607 0.000000 
0.325945 0.000000 
-0.816184 -0.000000 
0.350467 0.000000 
0.180093 0.000000 
-0.265812 -0.000000 
0.548339 0.000000 
-0.461513 -0.000000 
-0.442000 -0.000000 
0.471350 0.000000 
-0.207926 0.000000 
0.172579 -0.000000 
0.896348 -0.000000 
-0.125861 0.000000 
-0.355725 -0.000000 
0.257553 0.000000 
0.148971 -0.000000 
-0.440122 -0.000000 
0.623690 0.000000 
-0.096033 0.000000 
0.949444 0.000000 
-0.287447 -0.000000 
-0.294932 0.000000 
0.664169 0.000000 
-0.522383 0.000000 
0.264861 0.000000 
-0.696620 -0.000000 
-0.198436 0.000000 
0.040255 0.000000 
0.169722 -0.000000 
-0.452768 0.000000 
0.470699 0.000000 
-0.558166 -0.000000 
0.069827 0.000000 
-0.930265 0.000000 
0.407072 0.000000 
0.129734 -0.000000 
-0.263563 0.000000 
0.159664 0.000000 
-0.420228 0.000000 
-0.866284 0.000000 
0.232889 0.000000 
0.556996 0.000000 
-0.165019 0.000000 
0.582274 0.000000 
-0.125713 0.000000 
0.915256 -0.000000 
0.202766 0.000000 
0.023370 0.000000 
-0.044612 -0.000000 
0.074233 0.000000 
-0.373895 0.000000 
0.076238 0.000000 
0.297003 -0.000000 
0.504226 -0.000000 
-0.133115 -0.000000 
-0.406489 -0.000000 
1.185177 0.000000 
-0.556014 -0.000000 
0.317904 0.000000 
-0.083174 0.000000 
-0.977283 0.000000 
-0.603477 0.000000 
0.431786 -0.000000 
-0.551098 0.000000 
0.008682 0.000000 
0.469532 -0.000000 
-0.429606 -0.000000 
-0.344385 -0.000000 
0.778596 -0.000000 
0.324932 -0.000000 
-1.038755 -0.000000 
0.395503 -0.000000 
-0.134975 0.000000 
-0.717520 0.000000 
0.432805 -0.000000 
-0.198426 0.000000 
-0.159745 0.000000 
0.197743 0.000000 
0.077678 0.000000 
-0.943245 -0.000000 
0.696873 0.000000 
0.078837 0.000000 
-0.622643 0.000000 
0.832889 0.000000 
-0.067047 0.000000 
-0.604665 0.000000 
-0.188649 0.000000 
0.411402 -0.000000 
-0.082256 0.000000 
-0.898911 0.000000 
0.175455 0.000000 
0.570172 0.000000 
0.822168 -0.000000 
-0.194707 0.000000 
-0.295089 0.000000 
0.169640 -0.000000 
1.165027 -0.000000 
0.175544 0.000000 
-0.672668 -0.000000 
0.432135 -0.000000 
0.298315 -0.000000 
-0.178316 -0.000000 
1.048162 -0.000000 
0.294945 -0.000000 
-0.370019 -0.000000 
0.125810 -0.000000 
-0.019484 -0.000000 
-0.359277 0.000000 
0.159288 -0.000000 
-0.091181 0.000000 
-0.148609 0.000000 
-0.541391 0.000000 
-0.538707 0.000000 
0.359358 -0.000000 
-0.113255 0.000000 
0.117351 0.000000 
-0.549844 -0.000000 
-0.172860 -0.000000 
0.505857 0.000000 
-0.384059 -0.000000 
0.062171 -0.000000 
0.325474 -0.000000 
-0.964566 0.000000 
0.158334 0.000000 
0.430523 -0.000000 
-0.017095 -0.000000 
0.103566 0.000000 
0.605823 0.000000 
0.003831 0.000000 
0.445883 0.000000 
0.066528 0.000000 
0.274853 0.000000 
-0.037550 0.000000 
0.141971 0.000000 
0.647253 -0.000000 
-0.067011 0.000000 
0.388774 -0.000000 
-0.229334 0.000000 
-0.007716 0.000000 
0.533451 -0.000000 
-0.052541 0.000000 
1.187850 0.000000 
-0.543148 -0.000000 
-0.546440 -0.000000 
-0.235757 0.000000 
0.045381 -0.000000 
0.036069 0.000000 
0.777999 0.000000 
-0.004919 -0.000000 
0.674442 -0.000000 
-0.188104 0.000000 
0.002178 -0.000000 
0.513863 0.000000 
-0.566889 0.000000 
0.921209 0.000000 
0.123855 -0.000000 
0.195868 0.000000 
0.692161 0.000000 
-0.300920 0.000000 
0.245330 0.000000 
-0.618324 0.000000 
0.587839 0.000000 
0.503437 0.000000 
0.613313 -0.000000 
0.305749 0.000000 
-0.013015 0.000000 
0.628881 0.000000 
0.364604 0.000000 
-0.276441 -0.000000 
0.349176 0.000000 
-0.054185 -0.000000 
0.260021 0.000000 
-0.485461 0.000000 
-0.502625 0.000000 
-0.263679 0.000000 
0.507956 0.000000 
0.415684 0.000000 
-0.349887 -0.000000 
-0.302545 0.000000 
-0.112246 0.000000 
-0.080011 0.000000 
0.376011 -0.000000 
0.194304 -0.000000 
-0.723685 -0.000000 
0.328228 0.000000 
0.383159 0.000000 
-0.438150 0.000000 
-0.581471 0.000000 
0.872683 0.000000 
-0.751552 0.000000 
-0.817999 -0.000000 
0.514736 0.000000 
0.573972 0.000000 
-0.036129 0.000000 
-0.158823 0.000000 
-0.138459 0.000000 
0.006898 0.000000 
0.636347 0.000000 
0.448286 0.000000 
0.151018 0.000000 
-0.288216 0.000000 
0.139186 0.000000 
-0.006042 0.000000 
-0.423900 0.000000 
-0.286824 0.000000 
0.254312 -0.000000 
0.218795 0.000000 
-0.897607 0.000000 
-0.646156 0.000000 
0.716742 0.000000 
1.080275 -0.000000 
0.359485 0.000000 
-0.460462 0.000000 
0.095831 0.000000 
0.025541 0.000000 
-0.462491 -0.000000 
0.242882 -0.000000 
0.250407 0.000000 
-0.120059 -0.000000 
-0.135234 -0.000000 
0.033665 0.000000 
-0.312698 0.000000 
0.488392 0.000000 
-0.100503 0.000000 
-0.725838 0.000000 
0.266264 0.000000 
-0.239954 0.000000 
-0.580868 0.000000 
0.667311 0.000000 
0.074705 0.000000 
-0.379695 -0.000000 
0.114031 -0.000000 
-0.026256 0.000000 
-0.128717 -0.000000 
-1.149539 0.000000 
-0.299502 0.000000 
-0.263419 0.000000 
0.180812 0.000000 
0.386853 -0.000000 
0.368035 0.000000 
-1.215527 0.000000 
0.315547 0.000000 
0.564833 0.000000 
0.511604 0.000000 
-0.298428 0.000000 
-0.148707 0.000000 
0.440945 -0.000000 
0.000158 -0.000000 
-0.960364 -0.000000 
-0.372097 -0.000000 
0.219847 -0.000000 
-0.023468 0.000000 
-0.361137 0.000000 
-0.264662 0.000000 
-0.008582 -0.000000 
0.185393 0.000000 
0.019628 0.000000 
-0.172368 -0.000000 
0.586230 -0.000000 
-0.553875 0.000000 
0.684801 -0.000000 
-0.129284 0.000000 
0.183371 0.000000 
0.111819 0.000000 
0.431233 0.000000 
0.126233 0.000000 
-0.216826 -0.000000 
-0.224180 -0.000000 
-1.184136 0.000000 
0.301516 0.000000 
0.180545 0.000000 
0.159945 0.000000 
-0.043290 0.000000 
0.987363 0.000000 
0.273248 -0.000000 
0.113927 0.000000 
-0.358874 0.000000 
-0.571184 0.000000 
-0.710232 0.000000 
0.201882 -0.000000 
-0.755987 0.000000 
0.238804 -0.000000 
-0.215017 0.000000 
0.731443 0.000000 
0.397987 0.000000 
0.279723 -0.000000 
0.389380 0.000000 
-0.664191 -0.000000 
-0.011491 0.000000 
-0.592639 0.000000 
0.032512 -0.000000 
0.019557 0.000000 
-0.575402 0.000000 
-0.205604 -0.000000 
-0.252352 -0.000000 
0.081640 -0.000000 
0.407043 -0.000000 
0.103057 -0.000000 
-0.103011 0.000000 
0.527638 -0.000000 
0.214316 0.000000 
1.014924 -0.000000 
-0.730487 0.000000 
0.386480 -0.000000 
-0.085842 0.000000 
-0.101069 0.000000 
