T	 |m|	 <m[0]>	 <m[1]>	 <E>	 dim_{Lat}=2	 L=128,128	 J=1.000000,1.000000	 {/Symbol s}_J=0.000000,0.000000	 <J_{ij}>=0.000000,0.000000	 dim_{Spin}=2	 h=0.007812,0.000000	 {/Symbol s}_h=0.500000,0.000000	 <h_i>=-0.000797,0.000000	 order=1.000000,0.000000	 order_h=0	 order_r=1	 (thermalizing-MCS,averaging-MCS)/{/Symbol D}T=(128000,12800)/0.010000	 
Cooling... 
2.000000	 0.042317	 0.005709	 0.000191	 -0.607009	 
1.990000	 0.043033	 0.006800	 -0.001520	 -0.611234	 
1.980000	 0.043101	 0.005841	 -0.000988	 -0.615287	 
1.970000	 0.043372	 0.006361	 -0.002187	 -0.619399	 
1.960000	 0.042891	 0.007958	 -0.000914	 -0.622654	 
1.950000	 0.042754	 0.008457	 -0.000437	 -0.625807	 
1.940000	 0.043345	 0.006522	 0.000268	 -0.629150	 
1.930000	 0.043534	 0.005854	 0.001146	 -0.632222	 
1.920000	 0.044116	 0.006757	 -0.001696	 -0.636972	 
1.910000	 0.043862	 0.007246	 -0.001603	 -0.641085	 
1.900000	 0.044018	 0.006421	 -0.003302	 -0.645129	 
1.890000	 0.044262	 0.007435	 -0.002717	 -0.649106	 
1.880000	 0.044801	 0.008288	 -0.001029	 -0.653169	 
1.870000	 0.044086	 0.008077	 0.002289	 -0.656358	 
1.860000	 0.044454	 0.006698	 0.000083	 -0.660285	 
1.850000	 0.044772	 0.006954	 -0.000202	 -0.664710	 
1.840000	 0.045345	 0.008571	 -0.001371	 -0.669268	 
1.830000	 0.045081	 0.007175	 -0.003172	 -0.674039	 
1.820000	 0.045220	 0.007955	 -0.002515	 -0.678906	 
1.810000	 0.046119	 0.010840	 -0.002097	 -0.682935	 
1.800000	 0.045446	 0.009978	 0.000054	 -0.686501	 
1.790000	 0.045521	 0.008574	 0.001031	 -0.691096	 
1.780000	 0.046337	 0.007789	 0.001714	 -0.694873	 
1.770000	 0.046685	 0.008875	 -0.003270	 -0.700466	 
1.760000	 0.046210	 0.008972	 -0.001386	 -0.705798	 
1.750000	 0.046405	 0.008273	 -0.002966	 -0.710675	 
1.740000	 0.046591	 0.009576	 -0.002119	 -0.715367	 
1.730000	 0.047151	 0.011220	 -0.000483	 -0.719667	 
1.720000	 0.046754	 0.009392	 0.000942	 -0.724016	 
1.710000	 0.046755	 0.008702	 -0.000080	 -0.728896	 
1.700000	 0.048803	 0.010384	 -0.000538	 -0.734683	 
1.690000	 0.048453	 0.010081	 -0.000717	 -0.739749	 
1.680000	 0.047584	 0.009057	 -0.003768	 -0.745820	 
1.670000	 0.048357	 0.010481	 -0.002101	 -0.751107	 
1.660000	 0.049232	 0.012038	 -0.002019	 -0.756343	 
1.650000	 0.047879	 0.012407	 0.001356	 -0.761041	 
1.640000	 0.049610	 0.011514	 0.001646	 -0.766508	 
1.630000	 0.049349	 0.011180	 0.000469	 -0.771740	 
1.620000	 0.050802	 0.012233	 -0.001393	 -0.778504	 
1.610000	 0.049937	 0.011697	 -0.002779	 -0.784089	 
1.600000	 0.050233	 0.011109	 -0.004734	 -0.790775	 
1.590000	 0.050557	 0.012264	 -0.001995	 -0.796699	 
1.580000	 0.050962	 0.014714	 -0.000281	 -0.802243	 
1.570000	 0.051704	 0.013799	 -0.000127	 -0.807678	 
1.560000	 0.051074	 0.012752	 0.001666	 -0.813741	 
1.550000	 0.053321	 0.014414	 -0.000219	 -0.820553	 
1.540000	 0.052634	 0.014558	 -0.001869	 -0.827814	 
1.530000	 0.053488	 0.013610	 -0.004349	 -0.834696	 
1.520000	 0.053769	 0.015067	 -0.003206	 -0.841432	 
1.510000	 0.054312	 0.017815	 -0.000820	 -0.847657	 
1.500000	 0.053461	 0.018093	 0.002649	 -0.853642	 
1.490000	 0.054174	 0.015768	 0.002271	 -0.860288	 
1.480000	 0.055835	 0.014253	 0.002573	 -0.867867	 
1.470000	 0.056568	 0.017520	 -0.001195	 -0.875617	 
1.460000	 0.056466	 0.016803	 -0.002265	 -0.883900	 
1.450000	 0.056321	 0.017610	 -0.006268	 -0.891427	 
1.440000	 0.058616	 0.020218	 -0.004922	 -0.899001	 
1.430000	 0.057297	 0.021482	 0.001773	 -0.905042	 
1.420000	 0.058638	 0.020604	 0.002245	 -0.912493	 
1.410000	 0.059149	 0.017374	 0.005042	 -0.920294	 
1.400000	 0.059929	 0.020036	 -0.001566	 -0.930016	 
1.390000	 0.060328	 0.019927	 -0.004143	 -0.938760	 
1.380000	 0.060281	 0.019131	 -0.009845	 -0.947345	 
1.370000	 0.061539	 0.021200	 -0.007111	 -0.954720	 
1.360000	 0.062296	 0.023999	 -0.002658	 -0.962841	 
1.350000	 0.064588	 0.025678	 0.008116	 -0.970582	 
1.340000	 0.063258	 0.022434	 0.005840	 -0.980082	 
1.330000	 0.064350	 0.022070	 0.001639	 -0.989117	 
1.320000	 0.065345	 0.027285	 -0.006413	 -0.998945	 
1.310000	 0.066225	 0.027570	 -0.008844	 -1.009260	 
1.300000	 0.065406	 0.026755	 -0.007380	 -1.018985	 
1.290000	 0.070032	 0.031947	 -0.007094	 -1.028285	 
1.280000	 0.068867	 0.030276	 0.005441	 -1.036231	 
1.270000	 0.071736	 0.030169	 0.003144	 -1.045737	 
1.260000	 0.073524	 0.028473	 0.003827	 -1.054986	 
1.250000	 0.074277	 0.032155	 -0.003324	 -1.066287	 
1.240000	 0.074504	 0.033585	 -0.001469	 -1.077954	 
1.230000	 0.075748	 0.032373	 -0.015286	 -1.088900	 
1.220000	 0.077861	 0.033431	 -0.013665	 -1.098530	 
1.210000	 0.076790	 0.036326	 -0.006131	 -1.108589	 
1.200000	 0.080600	 0.039336	 0.007027	 -1.118579	 
1.190000	 0.078602	 0.035200	 0.005198	 -1.128865	 
1.180000	 0.084530	 0.037231	 0.001037	 -1.140716	 
1.170000	 0.081317	 0.041284	 -0.006179	 -1.151766	 
1.160000	 0.083500	 0.039551	 -0.018398	 -1.164751	 
1.150000	 0.089524	 0.042746	 -0.014301	 -1.176328	 
1.140000	 0.099101	 0.044904	 -0.025920	 -1.188247	 
1.130000	 0.098062	 0.046007	 -0.015498	 -1.198206	 
1.120000	 0.099413	 0.049185	 -0.004404	 -1.210201	 
1.110000	 0.092831	 0.045794	 0.007155	 -1.220118	 
1.100000	 0.098264	 0.048097	 0.004523	 -1.233949	 
1.090000	 0.102115	 0.051781	 -0.021142	 -1.246551	 
1.080000	 0.101107	 0.046299	 -0.037070	 -1.258994	 
1.070000	 0.133485	 0.049742	 -0.048674	 -1.272953	 
1.060000	 0.120463	 0.059100	 -0.014052	 -1.283694	 
1.050000	 0.115477	 0.052191	 -0.031617	 -1.296050	 
1.040000	 0.112049	 0.048667	 0.046034	 -1.306887	 
1.030000	 0.109481	 0.053762	 -0.007666	 -1.318439	 
1.020000	 0.110089	 0.057526	 0.011809	 -1.331729	 
1.010000	 0.190434	 0.049535	 -0.170562	 -1.348884	 
1.000000	 0.169162	 0.057173	 -0.091442	 -1.360745	 
0.990000	 0.204083	 0.068972	 -0.155673	 -1.372824	 
0.980000	 0.137237	 0.070066	 0.026490	 -1.383565	 
0.970000	 0.113718	 0.074915	 0.040686	 -1.396778	 
0.960000	 0.232961	 0.057629	 -0.219782	 -1.409042	 
0.950000	 0.213519	 0.065235	 -0.185501	 -1.421474	 
0.940000	 0.422863	 0.065579	 -0.416092	 -1.439257	 
0.930000	 0.476255	 0.063238	 -0.469750	 -1.453833	 
0.920000	 0.527679	 0.072280	 -0.520921	 -1.467339	 
0.910000	 0.527313	 0.079381	 -0.518891	 -1.476681	 
0.900000	 0.512437	 0.073977	 -0.505390	 -1.486395	 
0.890000	 0.549780	 0.063162	 -0.544347	 -1.496085	 
0.880000	 0.559253	 0.067920	 -0.553243	 -1.508098	 
0.870000	 0.587468	 0.054805	 -0.583085	 -1.519150	 
0.860000	 0.599252	 0.066255	 -0.594075	 -1.529696	 
0.850000	 0.613219	 0.069724	 -0.607743	 -1.539546	 
0.840000	 0.616009	 0.073049	 -0.610008	 -1.547309	 
0.830000	 0.619334	 0.074803	 -0.613195	 -1.555692	 
0.820000	 0.619988	 0.072179	 -0.614379	 -1.563669	 
0.810000	 0.631881	 0.067810	 -0.627213	 -1.572973	 
0.800000	 0.635082	 0.060381	 -0.630980	 -1.581307	 
0.790000	 0.649393	 0.061713	 -0.645229	 -1.590862	 
0.780000	 0.656922	 0.059890	 -0.653071	 -1.598869	 
0.770000	 0.659091	 0.072674	 -0.653900	 -1.606326	 
0.760000	 0.659789	 0.071308	 -0.654835	 -1.613508	 
0.750000	 0.664467	 0.070086	 -0.659553	 -1.620761	 
0.740000	 0.667057	 0.074328	 -0.661727	 -1.627820	 
0.730000	 0.676768	 0.065855	 -0.672501	 -1.636386	 
0.720000	 0.679159	 0.066112	 -0.674776	 -1.643977	 
0.710000	 0.687040	 0.057340	 -0.683724	 -1.651418	 
0.700000	 0.693212	 0.060371	 -0.689641	 -1.658607	 
0.690000	 0.696626	 0.069039	 -0.692369	 -1.665421	 
0.680000	 0.695250	 0.072071	 -0.690572	 -1.671615	 
0.670000	 0.700222	 0.069968	 -0.695863	 -1.678544	 
0.660000	 0.703854	 0.069453	 -0.699632	 -1.685408	 
0.650000	 0.707058	 0.068546	 -0.702862	 -1.692463	 
0.640000	 0.714049	 0.063625	 -0.710384	 -1.699672	 
0.630000	 0.721055	 0.066686	 -0.717206	 -1.706466	 
0.620000	 0.721564	 0.070080	 -0.717427	 -1.712902	 
0.610000	 0.722581	 0.069628	 -0.718169	 -1.718812	 
0.600000	 0.724181	 0.066816	 -0.720369	 -1.724824	 
0.590000	 0.727334	 0.073750	 -0.722645	 -1.731220	 
0.580000	 0.732680	 0.070414	 -0.728514	 -1.737957	 
0.570000	 0.737877	 0.061536	 -0.734642	 -1.744867	 
0.560000	 0.742404	 0.065394	 -0.738858	 -1.751307	 
0.550000	 0.747218	 0.062280	 -0.744042	 -1.757400	 
0.540000	 0.746772	 0.073968	 -0.742377	 -1.763323	 
0.530000	 0.747351	 0.069553	 -0.743348	 -1.768948	 
0.520000	 0.750774	 0.072696	 -0.746591	 -1.774789	 
0.510000	 0.755169	 0.068953	 -0.751339	 -1.781391	 
0.500000	 0.759652	 0.063913	 -0.756439	 -1.787641	 
0.490000	 0.765929	 0.058959	 -0.763206	 -1.793811	 
0.480000	 0.768396	 0.063258	 -0.765379	 -1.799719	 
0.470000	 0.769748	 0.068946	 -0.766197	 -1.805530	 
0.460000	 0.769928	 0.078950	 -0.765397	 -1.810927	 
0.450000	 0.771210	 0.075639	 -0.767161	 -1.816918	 
0.440000	 0.775790	 0.073669	 -0.771901	 -1.822668	 
0.430000	 0.780579	 0.069834	 -0.776967	 -1.828626	 
0.420000	 0.783390	 0.061538	 -0.780582	 -1.834600	 
0.410000	 0.789596	 0.067406	 -0.786308	 -1.840570	 
0.400000	 0.790216	 0.066977	 -0.786873	 -1.846138	 
0.390000	 0.793239	 0.068330	 -0.789918	 -1.851514	 
0.380000	 0.793102	 0.071864	 -0.789465	 -1.857266	 
0.370000	 0.798297	 0.074759	 -0.794463	 -1.862747	 
0.360000	 0.800604	 0.069210	 -0.797170	 -1.868525	 
0.350000	 0.804412	 0.067084	 -0.801345	 -1.874249	 
0.340000	 0.807313	 0.064371	 -0.804434	 -1.880029	 
0.330000	 0.810904	 0.066157	 -0.807999	 -1.885455	 
0.320000	 0.811099	 0.075542	 -0.807260	 -1.890820	 
0.310000	 0.812889	 0.069983	 -0.809655	 -1.896168	 
0.300000	 0.815864	 0.070915	 -0.812517	 -1.901707	 
0.290000	 0.820756	 0.073447	 -0.817236	 -1.907224	 
0.280000	 0.822242	 0.070898	 -0.818878	 -1.912639	 
0.270000	 0.827361	 0.065686	 -0.824575	 -1.918425	 
0.260000	 0.829167	 0.074226	 -0.825663	 -1.923696	 
0.250000	 0.831749	 0.067315	 -0.828832	 -1.929045	 
0.240000	 0.833072	 0.072229	 -0.829784	 -1.934397	 
0.230000	 0.836268	 0.072802	 -0.832916	 -1.939697	 
0.220000	 0.837632	 0.077170	 -0.833909	 -1.944851	 
0.210000	 0.840952	 0.068200	 -0.838038	 -1.950185	 
0.200000	 0.844495	 0.070967	 -0.841380	 -1.955740	 
0.190000	 0.847477	 0.073407	 -0.844197	 -1.961036	 
0.180000	 0.849438	 0.071592	 -0.846330	 -1.966315	 
0.170000	 0.851352	 0.072110	 -0.848218	 -1.971472	 
0.160000	 0.853742	 0.069937	 -0.850797	 -1.976605	 
0.150000	 0.855407	 0.074470	 -0.852060	 -1.981823	 
0.140000	 0.859794	 0.075241	 -0.856454	 -1.987026	 
0.130000	 0.861724	 0.069842	 -0.858822	 -1.992175	 
0.120000	 0.864662	 0.068653	 -0.861859	 -1.997478	 
0.110000	 0.868095	 0.074101	 -0.864874	 -2.002602	 
0.100000	 0.869907	 0.068142	 -0.867193	 -2.007762	 
0.090000	 0.870750	 0.070908	 -0.867813	 -2.012870	 
0.080000	 0.874477	 0.070550	 -0.871587	 -2.017911	 
0.070000	 0.877294	 0.072172	 -0.874288	 -2.023013	 
0.060000	 0.878249	 0.073110	 -0.875169	 -2.028144	 
0.050000	 0.881679	 0.074609	 -0.878502	 -2.033229	 
0.040000	 0.883556	 0.072587	 -0.880559	 -2.038271	 
0.030000	 0.886093	 0.071254	 -0.883212	 -2.043313	 
0.020000	 0.888820	 0.071902	 -0.885901	 -2.048335	 
0.010000	 0.890879	 0.072336	 -0.887934	 -2.053343	 
