T	 |m|	 <m[0]>	 <m[1]>	 <E>	 dim_{Lat}=2	 L=128,128	 J=1.000000,1.000000	 {/Symbol s}_J=0.000000,0.000000	 <J_{ij}>=0.000000,0.000000	 dim_{Spin}=2	 h=0.250000,0.000000	 {/Symbol s}_h=0.500000,0.000000	 <h_i>=0.004409,0.000000	 order=1.000000,0.000000	 order_h=0	 order_r=1	 (thermalizing-MCS,averaging-MCS)/{/Symbol D}T=(128000,12800)/0.010000	 
Cooling... 
2.000000	 0.228857	 0.226285	 -0.000288	 -0.712663	 
1.990000	 0.233003	 0.230546	 -0.001691	 -0.719054	 
1.980000	 0.235366	 0.232872	 -0.000484	 -0.724663	 
1.970000	 0.238519	 0.236021	 -0.001668	 -0.730313	 
1.960000	 0.241847	 0.239436	 -0.000930	 -0.735957	 
1.950000	 0.244550	 0.242195	 -0.000113	 -0.740810	 
1.940000	 0.246608	 0.244153	 0.000030	 -0.745021	 
1.930000	 0.248554	 0.246227	 -0.000174	 -0.749553	 
1.920000	 0.253262	 0.250877	 -0.001411	 -0.756702	 
1.910000	 0.257075	 0.254726	 -0.000579	 -0.763555	 
1.900000	 0.259897	 0.257532	 -0.002646	 -0.769189	 
1.890000	 0.263427	 0.261114	 -0.002077	 -0.775404	 
1.880000	 0.267195	 0.264791	 -0.001788	 -0.781747	 
1.870000	 0.270234	 0.267956	 0.001250	 -0.786937	 
1.860000	 0.272882	 0.270657	 -0.000324	 -0.792513	 
1.850000	 0.276182	 0.273905	 -0.000777	 -0.798311	 
1.840000	 0.281758	 0.279632	 -0.001287	 -0.806755	 
1.830000	 0.284695	 0.282470	 -0.002145	 -0.812727	 
1.820000	 0.288490	 0.286302	 -0.001998	 -0.820119	 
1.810000	 0.294553	 0.292356	 -0.001367	 -0.827901	 
1.800000	 0.297707	 0.295582	 -0.000209	 -0.833920	 
1.790000	 0.300361	 0.298242	 0.000013	 -0.840143	 
1.780000	 0.304380	 0.302261	 0.000218	 -0.846501	 
1.770000	 0.308602	 0.306508	 -0.002221	 -0.854057	 
1.760000	 0.313386	 0.311346	 -0.000692	 -0.862199	 
1.750000	 0.317306	 0.315149	 -0.003293	 -0.869423	 
1.740000	 0.321734	 0.319601	 -0.002504	 -0.877262	 
1.730000	 0.327699	 0.325618	 -0.001130	 -0.886116	 
1.720000	 0.330775	 0.328741	 0.000436	 -0.891733	 
1.710000	 0.335072	 0.333152	 -0.000625	 -0.899514	 
1.700000	 0.340142	 0.338139	 -0.000412	 -0.907927	 
1.690000	 0.345408	 0.343414	 -0.000932	 -0.916310	 
1.680000	 0.350893	 0.348920	 -0.002491	 -0.925925	 
1.670000	 0.355073	 0.353138	 -0.002581	 -0.933707	 
1.660000	 0.361731	 0.359727	 -0.001927	 -0.943973	 
1.650000	 0.366253	 0.364455	 0.000674	 -0.951238	 
1.640000	 0.370378	 0.368435	 0.000654	 -0.958685	 
1.630000	 0.375607	 0.373685	 0.000141	 -0.967451	 
1.620000	 0.382314	 0.380421	 -0.000521	 -0.977801	 
1.610000	 0.387675	 0.385823	 -0.001703	 -0.987411	 
1.600000	 0.392803	 0.390830	 -0.004255	 -0.997083	 
1.590000	 0.398705	 0.396796	 -0.002715	 -1.006314	 
1.580000	 0.404478	 0.402687	 -0.000839	 -1.016540	 
1.570000	 0.410407	 0.408593	 0.000812	 -1.025372	 
1.560000	 0.414936	 0.413210	 0.000334	 -1.033613	 
1.550000	 0.421850	 0.420030	 0.000331	 -1.044499	 
1.540000	 0.427373	 0.425516	 -0.001599	 -1.054449	 
1.530000	 0.434074	 0.432177	 -0.003007	 -1.065545	 
1.520000	 0.439305	 0.437503	 -0.003300	 -1.075636	 
1.510000	 0.447328	 0.445643	 -0.000470	 -1.087789	 
1.500000	 0.452520	 0.450830	 0.002409	 -1.096532	 
1.490000	 0.458968	 0.457343	 0.000380	 -1.107296	 
1.480000	 0.464269	 0.462461	 0.001369	 -1.116685	 
1.470000	 0.472454	 0.470661	 -0.001177	 -1.128946	 
1.460000	 0.478112	 0.476340	 0.000153	 -1.139904	 
1.450000	 0.484584	 0.482846	 -0.003649	 -1.151807	 
1.440000	 0.490876	 0.489142	 -0.003762	 -1.162642	 
1.430000	 0.496766	 0.495209	 -0.000485	 -1.172714	 
1.420000	 0.504410	 0.502714	 -0.000768	 -1.184405	 
1.410000	 0.509518	 0.507823	 0.000471	 -1.193912	 
1.400000	 0.517215	 0.515577	 -0.002106	 -1.206852	 
1.390000	 0.523406	 0.521740	 -0.000790	 -1.218421	 
1.380000	 0.529620	 0.527858	 -0.003853	 -1.229811	 
1.370000	 0.535633	 0.533878	 -0.003001	 -1.241216	 
1.360000	 0.542776	 0.541129	 -0.001771	 -1.252995	 
1.350000	 0.550118	 0.548558	 0.000984	 -1.264181	 
1.340000	 0.554910	 0.553363	 -0.001504	 -1.274437	 
1.330000	 0.560988	 0.559472	 -0.001279	 -1.285467	 
1.320000	 0.568805	 0.567317	 0.000483	 -1.298832	 
1.310000	 0.575082	 0.573534	 -0.000931	 -1.310676	 
1.300000	 0.580800	 0.579302	 -0.001932	 -1.322133	 
1.290000	 0.587718	 0.586143	 -0.002878	 -1.334534	 
1.280000	 0.593549	 0.592186	 -0.001270	 -1.345016	 
1.270000	 0.600600	 0.599222	 -0.003083	 -1.356595	 
1.260000	 0.606165	 0.604667	 0.000047	 -1.366661	 
1.250000	 0.612315	 0.610812	 -0.001872	 -1.378825	 
1.240000	 0.617681	 0.616169	 0.000828	 -1.390170	 
1.230000	 0.624357	 0.622826	 -0.003618	 -1.402176	 
1.220000	 0.628230	 0.626668	 -0.003543	 -1.411650	 
1.210000	 0.635187	 0.633775	 -0.004619	 -1.424098	 
1.200000	 0.641166	 0.639811	 0.001079	 -1.434600	 
1.190000	 0.647093	 0.645622	 -0.001687	 -1.445240	 
1.180000	 0.652391	 0.650995	 -0.000726	 -1.455896	 
1.170000	 0.657925	 0.656555	 0.001548	 -1.467158	 
1.160000	 0.662757	 0.661335	 -0.002021	 -1.478390	 
1.150000	 0.667645	 0.666187	 -0.003723	 -1.488324	 
1.140000	 0.673348	 0.671932	 -0.003131	 -1.499141	 
1.130000	 0.678765	 0.677458	 -0.002282	 -1.510247	 
1.120000	 0.684228	 0.682975	 -0.000995	 -1.520005	 
1.110000	 0.688780	 0.687383	 0.001211	 -1.529182	 
1.100000	 0.693143	 0.691571	 -0.001515	 -1.539339	 
1.090000	 0.698129	 0.696921	 -0.000684	 -1.550101	 
1.080000	 0.703039	 0.701695	 -0.005677	 -1.560040	 
1.070000	 0.707024	 0.705708	 -0.003718	 -1.569318	 
1.060000	 0.711691	 0.710414	 -0.003578	 -1.579752	 
1.050000	 0.717281	 0.716031	 0.002401	 -1.589279	 
1.040000	 0.720833	 0.719498	 -0.001463	 -1.597915	 
1.030000	 0.725026	 0.723759	 0.000838	 -1.606920	 
1.020000	 0.728811	 0.727653	 0.000795	 -1.616029	 
1.010000	 0.733660	 0.732385	 -0.002663	 -1.626466	 
1.000000	 0.736973	 0.735692	 -0.002690	 -1.633985	 
0.990000	 0.741592	 0.740373	 -0.006089	 -1.643640	 
0.980000	 0.745393	 0.744179	 -0.001699	 -1.652317	 
0.970000	 0.750320	 0.749157	 0.003171	 -1.661688	 
0.960000	 0.753273	 0.751935	 0.000751	 -1.669015	 
0.950000	 0.756642	 0.755422	 -0.003441	 -1.677992	 
0.940000	 0.760971	 0.759845	 0.000106	 -1.686687	 
0.930000	 0.764542	 0.763359	 -0.003350	 -1.694952	 
0.920000	 0.767615	 0.766367	 -0.005221	 -1.703075	 
0.910000	 0.770901	 0.769828	 -0.001346	 -1.711120	 
0.900000	 0.775897	 0.774817	 -0.001570	 -1.719666	 
0.890000	 0.778408	 0.777196	 -0.001054	 -1.726259	 
0.880000	 0.782371	 0.781200	 -0.002877	 -1.734988	 
0.870000	 0.785006	 0.783961	 0.000385	 -1.742499	 
0.860000	 0.788351	 0.787149	 -0.005278	 -1.750544	 
0.850000	 0.790529	 0.789470	 -0.001016	 -1.757194	 
0.840000	 0.794125	 0.793168	 -0.000300	 -1.764901	 
0.830000	 0.798264	 0.797359	 0.000199	 -1.772854	 
0.820000	 0.802076	 0.801022	 0.000037	 -1.780371	 
0.810000	 0.803859	 0.802826	 -0.001702	 -1.786516	 
0.800000	 0.807398	 0.806262	 -0.002514	 -1.794466	 
0.790000	 0.810359	 0.809256	 -0.001670	 -1.801976	 
0.780000	 0.813022	 0.811952	 0.003440	 -1.808495	 
0.770000	 0.815423	 0.814462	 -0.006932	 -1.815106	 
0.760000	 0.819418	 0.818550	 0.002609	 -1.822870	 
0.750000	 0.822694	 0.821826	 -0.000283	 -1.829952	 
0.740000	 0.825525	 0.824450	 -0.005061	 -1.836446	 
0.730000	 0.827927	 0.826916	 -0.000965	 -1.843050	 
0.720000	 0.830804	 0.829819	 0.002108	 -1.849926	 
0.710000	 0.833511	 0.832665	 0.000070	 -1.856861	 
0.700000	 0.835701	 0.834841	 -0.006071	 -1.862591	 
0.690000	 0.838587	 0.837694	 -0.002779	 -1.869491	 
0.680000	 0.841640	 0.840845	 0.004863	 -1.876519	 
0.670000	 0.844711	 0.843681	 0.001219	 -1.882603	 
0.660000	 0.846771	 0.845907	 -0.001557	 -1.888459	 
0.650000	 0.849661	 0.848781	 -0.000229	 -1.895289	 
0.640000	 0.852143	 0.851412	 -0.004193	 -1.901699	 
0.630000	 0.854634	 0.853778	 0.000764	 -1.907823	 
0.620000	 0.857444	 0.856719	 0.000431	 -1.913947	 
0.610000	 0.859935	 0.859219	 0.005150	 -1.920511	 
0.600000	 0.862933	 0.862138	 0.002574	 -1.927085	 
0.590000	 0.865576	 0.864699	 -0.000796	 -1.932815	 
0.580000	 0.867784	 0.866941	 -0.004140	 -1.938852	 
0.570000	 0.870303	 0.869473	 0.000177	 -1.945163	 
0.560000	 0.873390	 0.872680	 -0.001908	 -1.951400	 
0.550000	 0.874870	 0.874232	 -0.003721	 -1.956619	 
0.540000	 0.877042	 0.876324	 -0.000901	 -1.962515	 
0.530000	 0.880462	 0.879732	 0.007952	 -1.968946	 
0.520000	 0.882828	 0.881984	 0.000535	 -1.974738	 
0.510000	 0.884847	 0.884083	 -0.006491	 -1.980380	 
0.500000	 0.887426	 0.886613	 -0.002465	 -1.986256	 
0.490000	 0.890079	 0.889348	 -0.002279	 -1.992585	 
0.480000	 0.892040	 0.891408	 -0.003898	 -1.997961	 
0.470000	 0.894327	 0.893755	 0.000604	 -2.003695	 
0.460000	 0.897290	 0.896725	 0.003077	 -2.009453	 
0.450000	 0.899641	 0.898995	 0.001685	 -2.015615	 
0.440000	 0.902267	 0.901616	 -0.005943	 -2.021198	 
0.430000	 0.904390	 0.903749	 -0.007037	 -2.026825	 
0.420000	 0.906620	 0.905971	 -0.001503	 -2.032673	 
0.410000	 0.909275	 0.908638	 -0.003120	 -2.038359	 
0.400000	 0.911288	 0.910844	 0.002573	 -2.043738	 
0.390000	 0.913547	 0.912987	 -0.002406	 -2.049088	 
0.380000	 0.916267	 0.915683	 0.001768	 -2.054947	 
0.370000	 0.918372	 0.917839	 -0.003719	 -2.060361	 
0.360000	 0.920555	 0.920068	 -0.003594	 -2.065949	 
0.350000	 0.922972	 0.922505	 -0.001542	 -2.071482	 
0.340000	 0.925030	 0.924600	 -0.000492	 -2.076909	 
0.330000	 0.927216	 0.926795	 -0.001054	 -2.082129	 
0.320000	 0.929793	 0.929395	 0.003257	 -2.087813	 
0.310000	 0.932058	 0.931578	 -0.000564	 -2.093185	 
0.300000	 0.934423	 0.934035	 -0.004079	 -2.098733	 
0.290000	 0.936560	 0.936186	 -0.003726	 -2.104157	 
0.280000	 0.938349	 0.937944	 -0.005837	 -2.109406	 
0.270000	 0.940994	 0.940625	 0.002873	 -2.114882	 
0.260000	 0.943533	 0.943171	 0.001317	 -2.120250	 
0.250000	 0.945635	 0.945279	 0.000906	 -2.125630	 
0.240000	 0.947847	 0.947525	 -0.000061	 -2.130799	 
0.230000	 0.950256	 0.949937	 -0.001504	 -2.136336	 
0.220000	 0.952419	 0.952149	 -0.005142	 -2.141430	 
0.210000	 0.954407	 0.954192	 -0.001692	 -2.146651	 
0.200000	 0.956808	 0.956558	 -0.001925	 -2.152089	 
0.190000	 0.958908	 0.958662	 -0.001706	 -2.157313	 
0.180000	 0.961309	 0.961095	 -0.001155	 -2.162532	 
0.170000	 0.963476	 0.963222	 -0.002104	 -2.167777	 
0.160000	 0.965464	 0.965180	 -0.003558	 -2.173036	 
0.150000	 0.967754	 0.967506	 -0.003036	 -2.177994	 
0.140000	 0.969986	 0.969803	 -0.003206	 -2.183329	 
0.130000	 0.972077	 0.971933	 -0.003407	 -2.188369	 
0.120000	 0.974247	 0.974105	 -0.000077	 -2.193548	 
0.110000	 0.976477	 0.976330	 0.002920	 -2.198716	 
0.100000	 0.978351	 0.978225	 -0.000500	 -2.203883	 
0.090000	 0.980679	 0.980554	 -0.002105	 -2.209029	 
0.080000	 0.982839	 0.982766	 0.000768	 -2.214013	 
0.070000	 0.985022	 0.984950	 -0.003279	 -2.219149	 
0.060000	 0.987060	 0.986952	 -0.002268	 -2.224157	 
0.050000	 0.989225	 0.989122	 0.000889	 -2.229235	 
0.040000	 0.991385	 0.991323	 0.000210	 -2.234305	 
0.030000	 0.993566	 0.993532	 -0.002372	 -2.239394	 
0.020000	 0.995712	 0.995681	 -0.003898	 -2.244369	 
0.010000	 0.997843	 0.997833	 -0.001637	 -2.249396	 
