-2.023785 2.023785 
0.000000 0.500000 -0.003362 
0.000000 0.000000 0.000000 

0.691401 0.000000 
0.062092 0.000000 
-0.167238 0.000000 
0.668583 0.000000 
-0.773557 0.000000 
0.393789 -0.000000 
-0.017910 0.000000 
-0.255775 0.000000 
0.131118 0.000000 
0.753303 0.000000 
-0.381322 -0.000000 
0.204568 -0.000000 
-0.243502 0.000000 
-0.293944 0.000000 
-0.465969 0.000000 
-0.439506 0.000000 
-0.618523 0.000000 
-0.385157 0.000000 
0.009101 -0.000000 
0.401276 0.000000 
0.974334 -0.000000 
0.194037 0.000000 
0.366071 0.000000 
-0.267466 0.000000 
0.655722 0.000000 
-0.084564 -0.000000 
0.346375 0.000000 
-0.295128 0.000000 
0.345161 0.000000 
0.653881 0.000000 
-0.391607 -0.000000 
-0.409080 0.000000 
0.217789 0.000000 
-0.024454 0.000000 
-0.298854 0.000000 
0.682073 -0.000000 
-0.187516 0.000000 
1.052390 -0.000000 
0.754148 0.000000 
-0.750716 0.000000 
-0.036069 0.000000 
0.834025 0.000000 
-0.353655 0.000000 
0.094056 0.000000 
-0.274762 0.000000 
0.223204 -0.000000 
0.546335 0.000000 
-0.640730 0.000000 
0.104092 0.000000 
-1.342483 0.000000 
-0.093009 0.000000 
0.371621 0.000000 
-0.490801 0.000000 
0.653744 0.000000 
0.354026 0.000000 
-0.500584 0.000000 
-0.615951 0.000000 
0.365384 0.000000 
0.062637 0.000000 
-0.485270 0.000000 
-0.358517 -0.000000 
-0.057856 0.000000 
0.271553 0.000000 
-0.060074 0.000000 
0.837264 -0.000000 
0.705770 0.000000 
0.463376 -0.000000 
0.354489 0.000000 
-0.191360 0.000000 
0.243359 0.000000 
-0.361911 -0.000000 
-0.001108 0.000000 
-0.578990 0.000000 
0.131977 -0.000000 
-0.574476 -0.000000 
-0.308975 -0.000000 
-0.304655 -0.000000 
-0.349650 -0.000000 
0.241709 -0.000000 
0.748866 0.000000 
-0.650634 0.000000 
-0.212522 0.000000 
-0.707251 0.000000 
-0.462608 -0.000000 
-0.003089 -0.000000 
-0.099967 0.000000 
-0.218017 0.000000 
-0.239254 -0.000000 
0.275864 0.000000 
-0.137747 0.000000 
-0.066726 0.000000 
0.173672 -0.000000 
-0.114845 0.000000 
0.843109 0.000000 
-0.401098 0.000000 
-0.307886 0.000000 
-0.469369 -0.000000 
0.815254 -0.000000 
-0.712104 -0.000000 
0.436213 0.000000 
0.445572 -0.000000 
0.270529 0.000000 
-0.260001 0.000000 
0.399653 0.000000 
-0.835347 0.000000 
-0.621740 0.000000 
-0.246582 0.000000 
0.756410 -0.000000 
0.063201 0.000000 
-0.497398 0.000000 
-0.463657 0.000000 
-0.145249 0.000000 
-0.836562 0.000000 
0.675926 0.000000 
-0.667947 -0.000000 
-0.198976 0.000000 
0.295769 0.000000 
-0.350436 -0.000000 
-0.544255 -0.000000 
0.085513 0.000000 
0.689632 0.000000 
0.065459 0.000000 
-0.485057 -0.000000 
-0.448237 -0.000000 
-0.935681 -0.000000 
-0.110873 -0.000000 
0.017382 0.000000 
0.549940 -0.000000 
-0.746801 -0.000000 
-0.349167 0.000000 
0.649467 0.000000 
0.087803 0.000000 
-0.797279 0.000000 
-0.374223 0.000000 
-0.947294 0.000000 
1.172817 -0.000000 
-0.195267 0.000000 
-0.526294 0.000000 
-0.253246 0.000000 
-0.335692 -0.000000 
-0.214813 0.000000 
-0.067353 0.000000 
0.053395 -0.000000 
-1.031347 -0.000000 
0.784356 0.000000 
0.134457 -0.000000 
-0.320449 0.000000 
0.445361 -0.000000 
0.014657 0.000000 
-0.042470 -0.000000 
0.431481 0.000000 
-0.723199 0.000000 
-0.420954 0.000000 
0.812003 0.000000 
0.376853 0.000000 
-0.042362 -0.000000 
0.193885 0.000000 
-0.257976 -0.000000 
-0.361436 0.000000 
0.164196 0.000000 
-0.557932 0.000000 
1.000755 0.000000 
-0.052197 0.000000 
0.133854 0.000000 
-0.061527 0.000000 
0.306114 0.000000 
-0.103780 0.000000 
-0.284020 0.000000 
-0.228840 -0.000000 
-0.030151 0.000000 
0.114195 0.000000 
-0.587002 0.000000 
0.536660 -0.000000 
0.170761 0.000000 
-0.483219 -0.000000 
0.294075 -0.000000 
-0.318583 -0.000000 
-0.008848 0.000000 
-0.336332 0.000000 
-0.320086 -0.000000 
0.153306 0.000000 
0.940807 0.000000 
-0.368628 0.000000 
0.706421 0.000000 
-0.725974 0.000000 
0.414038 0.000000 
0.377761 -0.000000 
0.262447 0.000000 
0.833570 0.000000 
-0.248985 0.000000 
-0.263354 0.000000 
-0.017370 0.000000 
-1.186222 0.000000 
-0.651816 0.000000 
0.635541 0.000000 
-0.057403 -0.000000 
0.281415 0.000000 
0.017712 -0.000000 
0.888167 -0.000000 
-0.696457 0.000000 
0.475506 -0.000000 
-0.132008 0.000000 
-0.000323 -0.000000 
0.820058 0.000000 
0.489916 -0.000000 
0.280884 0.000000 
-0.278534 0.000000 
0.102432 -0.000000 
-0.097834 0.000000 
0.596574 0.000000 
0.141080 0.000000 
-0.771063 0.000000 
-0.741625 0.000000 
0.308704 0.000000 
0.564008 0.000000 
-0.276264 0.000000 
0.598532 -0.000000 
0.890348 0.000000 
0.276376 0.000000 
0.230772 -0.000000 
-0.168032 0.000000 
0.689485 -0.000000 
0.132236 -0.000000 
-1.295822 -0.000000 
-0.251124 0.000000 
-0.455989 -0.000000 
0.557817 0.000000 
-0.202199 0.000000 
0.517232 0.000000 
-0.749045 -0.000000 
1.049555 0.000000 
-0.132578 0.000000 
-0.571132 0.000000 
-0.312629 0.000000 
-0.613115 -0.000000 
0.041524 0.000000 
0.220798 0.000000 
0.119026 0.000000 
-0.355084 -0.000000 
-1.068058 0.000000 
1.016265 0.000000 
0.364364 0.000000 
-0.118724 0.000000 
0.295604 -0.000000 
0.134696 0.000000 
-0.117894 -0.000000 
0.260585 0.000000 
0.037239 -0.000000 
0.166324 0.000000 
-0.465755 -0.000000 
0.523692 0.000000 
0.739942 -0.000000 
0.075638 0.000000 
0.537839 0.000000 
-0.300422 0.000000 
0.727575 0.000000 
