-2.048356 2.048356 
0.000000 0.500000 0.000614 
0.000000 0.000000 0.000000 

-0.250366 0.000000 
0.321251 0.000000 
0.531840 0.000000 
-0.557087 0.000000 
-0.270408 0.000000 
0.029935 0.000000 
0.506838 0.000000 
-0.080964 0.000000 
-0.349663 -0.000000 
-0.666672 0.000000 
-0.187155 -0.000000 
0.081843 0.000000 
1.184427 0.000000 
-0.300421 0.000000 
0.170032 0.000000 
-0.396118 0.000000 
0.728364 0.000000 
0.347847 -0.000000 
-0.414266 0.000000 
0.094348 0.000000 
-0.404839 -0.000000 
0.465464 0.000000 
-0.456920 0.000000 
-0.072494 0.000000 
-0.160760 0.000000 
0.195994 0.000000 
0.710601 0.000000 
-0.081716 0.000000 
-0.263562 0.000000 
-0.060001 0.000000 
-0.588537 0.000000 
0.232473 0.000000 
1.072487 -0.000000 
-0.507454 -0.000000 
0.721263 0.000000 
0.011277 -0.000000 
-0.056274 -0.000000 
0.426133 0.000000 
-0.058997 -0.000000 
-1.031546 0.000000 
-0.473386 0.000000 
-0.257059 0.000000 
-0.510873 0.000000 
-0.442562 -0.000000 
-0.224877 -0.000000 
0.272206 -0.000000 
-0.206503 0.000000 
-0.425425 -0.000000 
0.047278 -0.000000 
0.809723 -0.000000 
0.712945 0.000000 
0.028862 0.000000 
0.237022 -0.000000 
0.001597 -0.000000 
0.215567 0.000000 
0.807492 -0.000000 
-0.458788 0.000000 
0.141939 0.000000 
0.349867 0.000000 
0.081093 -0.000000 
0.550189 0.000000 
-0.341430 -0.000000 
-0.190924 0.000000 
0.007826 0.000000 
-0.304704 0.000000 
0.101842 0.000000 
-0.120120 0.000000 
-0.468535 0.000000 
0.762957 0.000000 
-0.063938 0.000000 
0.370748 -0.000000 
-0.115404 -0.000000 
-0.668806 -0.000000 
-0.110876 0.000000 
0.079462 -0.000000 
0.002921 0.000000 
0.193488 -0.000000 
-0.203023 -0.000000 
-0.933562 0.000000 
-0.230053 0.000000 
0.940263 0.000000 
-0.990964 -0.000000 
-0.799608 0.000000 
0.603718 -0.000000 
-0.215377 0.000000 
0.702625 0.000000 
0.156466 0.000000 
-0.149542 0.000000 
-0.134108 0.000000 
0.550973 -0.000000 
0.260756 0.000000 
0.541971 0.000000 
0.508331 0.000000 
-0.464602 0.000000 
-0.531123 0.000000 
1.067360 0.000000 
-0.528482 -0.000000 
-0.653223 0.000000 
1.326551 -0.000000 
0.085531 0.000000 
-0.352033 0.000000 
0.390446 0.000000 
-0.121836 0.000000 
-0.688508 0.000000 
0.060635 -0.000000 
0.610625 0.000000 
-0.124402 0.000000 
0.405195 0.000000 
-0.981467 -0.000000 
0.199151 -0.000000 
0.505719 0.000000 
0.656938 0.000000 
-0.232071 0.000000 
0.215196 0.000000 
-0.185608 0.000000 
0.125660 0.000000 
0.589386 0.000000 
-0.435682 0.000000 
-0.253372 0.000000 
-0.166640 -0.000000 
0.509339 0.000000 
-0.589290 0.000000 
0.248180 0.000000 
-0.375537 0.000000 
0.867488 0.000000 
-0.541739 0.000000 
0.001376 -0.000000 
-0.142302 -0.000000 
0.656804 0.000000 
0.217272 0.000000 
0.983968 -0.000000 
-0.335467 -0.000000 
0.084037 -0.000000 
0.311646 0.000000 
0.633914 0.000000 
-0.635515 0.000000 
-0.110080 0.000000 
-0.315719 0.000000 
-0.307644 0.000000 
0.410302 -0.000000 
-0.182127 0.000000 
0.741118 0.000000 
-0.146899 0.000000 
-0.233236 -0.000000 
-0.562553 -0.000000 
0.033558 -0.000000 
-0.510372 0.000000 
-0.092139 0.000000 
0.447720 0.000000 
-0.056441 -0.000000 
-0.015427 0.000000 
-0.331075 -0.000000 
-0.994261 0.000000 
-0.789175 0.000000 
0.518426 0.000000 
0.107797 -0.000000 
0.067235 -0.000000 
0.341960 0.000000 
0.028416 -0.000000 
0.616174 0.000000 
0.216325 0.000000 
0.511905 0.000000 
0.417953 -0.000000 
0.413232 0.000000 
0.348133 0.000000 
0.155292 -0.000000 
-0.192242 0.000000 
0.747439 0.000000 
0.235469 0.000000 
0.338607 -0.000000 
-0.111978 0.000000 
0.894195 0.000000 
0.352076 -0.000000 
-0.048010 0.000000 
0.918819 -0.000000 
0.045934 -0.000000 
-0.207014 -0.000000 
-0.902418 0.000000 
-0.954581 0.000000 
-0.870910 -0.000000 
0.408668 -0.000000 
0.050448 0.000000 
-0.086261 0.000000 
-0.001040 0.000000 
1.058880 0.000000 
0.105763 -0.000000 
1.176477 0.000000 
0.144568 0.000000 
-0.068564 0.000000 
-0.098333 -0.000000 
0.100524 0.000000 
-0.148759 0.000000 
-0.624467 0.000000 
0.385434 0.000000 
0.020147 -0.000000 
-0.323659 -0.000000 
-0.426166 0.000000 
-0.165894 0.000000 
0.614514 0.000000 
-0.787141 0.000000 
0.366658 -0.000000 
-0.126329 0.000000 
0.866351 0.000000 
0.187450 0.000000 
-0.586062 0.000000 
-0.066396 0.000000 
-0.055961 0.000000 
-0.513502 0.000000 
-0.117320 0.000000 
0.588815 -0.000000 
-0.506140 0.000000 
-0.486879 0.000000 
0.047880 0.000000 
0.477499 0.000000 
-0.041137 0.000000 
-1.040737 0.000000 
-0.057072 0.000000 
-0.000747 -0.000000 
-0.017180 0.000000 
0.454382 -0.000000 
0.359106 0.000000 
0.136554 0.000000 
-0.167522 -0.000000 
0.016530 0.000000 
0.872868 -0.000000 
-0.213332 0.000000 
0.620223 -0.000000 
-0.128292 0.000000 
0.270026 0.000000 
-0.413272 0.000000 
0.439573 0.000000 
1.192095 -0.000000 
0.286735 0.000000 
0.147594 0.000000 
0.695745 0.000000 
0.763104 0.000000 
0.424654 0.000000 
-0.626288 0.000000 
0.036344 -0.000000 
0.784450 -0.000000 
-0.404972 0.000000 
0.354277 0.000000 
0.237081 0.000000 
0.501954 -0.000000 
0.560643 0.000000 
0.688567 0.000000 
-0.033400 0.000000 
-0.302789 0.000000 
-0.641370 0.000000 
0.422018 -0.000000 
0.448336 0.000000 
0.081027 0.000000 
-0.543403 0.000000 
-0.585687 0.000000 
0.700323 -0.000000 
-0.489138 0.000000 
-0.154246 0.000000 
0.120441 -0.000000 
-0.017890 -0.000000 
0.337168 0.000000 
0.342360 0.000000 
0.227806 0.000000 
0.404950 -0.000000 
0.377850 0.000000 
0.115076 0.000000 
-0.511287 -0.000000 
0.398033 0.000000 
-0.527060 -0.000000 
0.242814 0.000000 
0.549866 0.000000 
0.389177 -0.000000 
-0.502266 -0.000000 
0.034195 0.000000 
-0.674111 -0.000000 
0.054826 -0.000000 
0.523015 0.000000 
0.213133 0.000000 
0.201127 0.000000 
-0.658677 0.000000 
-0.384953 0.000000 
-0.045017 -0.000000 
0.137740 0.000000 
0.286172 0.000000 
0.461591 0.000000 
-0.186625 0.000000 
-0.679083 0.000000 
-0.867890 -0.000000 
0.489046 -0.000000 
-0.423161 0.000000 
-0.094174 0.000000 
-0.512489 -0.000000 
-0.956126 -0.000000 
0.096746 -0.000000 
0.843868 0.000000 
0.394956 0.000000 
-0.099409 0.000000 
0.422102 0.000000 
-0.199817 0.000000 
-0.680828 -0.000000 
1.079489 0.000000 
0.412275 0.000000 
1.246654 0.000000 
0.947731 0.000000 
0.597584 0.000000 
-0.968992 0.000000 
-0.449158 0.000000 
-0.835197 -0.000000 
-0.797546 -0.000000 
-0.062262 -0.000000 
-0.602258 0.000000 
-0.744699 -0.000000 
0.255659 0.000000 
0.235899 0.000000 
0.301308 -0.000000 
-0.786554 0.000000 
-0.383020 -0.000000 
-0.511391 -0.000000 
-0.014291 0.000000 
-0.354035 0.000000 
-0.653924 -0.000000 
0.757732 0.000000 
0.595299 0.000000 
0.056205 0.000000 
0.309000 -0.000000 
-0.647625 -0.000000 
0.532760 0.000000 
-0.454129 0.000000 
-0.103522 0.000000 
-0.183635 0.000000 
-0.195585 0.000000 
-0.566365 0.000000 
0.414327 0.000000 
0.339545 -0.000000 
0.393627 0.000000 
-0.168193 0.000000 
-0.609685 0.000000 
-0.519615 -0.000000 
-0.101105 0.000000 
-0.207365 -0.000000 
0.273824 0.000000 
-0.142884 0.000000 
-0.122819 0.000000 
-0.130872 -0.000000 
0.473546 -0.000000 
0.002794 0.000000 
-0.298910 -0.000000 
0.353515 0.000000 
-0.355385 0.000000 
0.625120 0.000000 
0.198142 -0.000000 
0.273212 -0.000000 
-0.523640 -0.000000 
-0.061122 0.000000 
-0.209623 0.000000 
-0.236069 0.000000 
-0.296141 0.000000 
-0.683591 -0.000000 
0.892562 -0.000000 
0.085059 0.000000 
-0.688250 0.000000 
-0.572981 0.000000 
-0.493094 0.000000 
0.177624 -0.000000 
0.240908 0.000000 
-0.362711 0.000000 
0.372351 -0.000000 
-0.121320 0.000000 
-0.737745 -0.000000 
-0.530499 0.000000 
-0.985180 -0.000000 
-0.436181 0.000000 
-0.260550 0.000000 
-0.127130 0.000000 
-0.411666 0.000000 
-0.127696 0.000000 
-0.564412 -0.000000 
0.237629 -0.000000 
0.538339 -0.000000 
-0.390771 0.000000 
-0.064791 0.000000 
-0.629103 0.000000 
-0.628609 0.000000 
0.081347 -0.000000 
-0.059823 0.000000 
-0.677207 -0.000000 
0.781611 0.000000 
0.126298 0.000000 
0.235850 0.000000 
0.192852 -0.000000 
0.234987 0.000000 
-0.259393 0.000000 
-0.024892 0.000000 
-0.006694 0.000000 
-1.178479 -0.000000 
-0.000951 0.000000 
-0.258876 0.000000 
0.435474 0.000000 
0.060595 0.000000 
0.306769 0.000000 
0.057216 -0.000000 
0.599908 0.000000 
0.721628 0.000000 
-0.138979 -0.000000 
0.111652 -0.000000 
0.512814 0.000000 
0.474164 0.000000 
-0.516042 0.000000 
-0.360103 -0.000000 
-0.175722 -0.000000 
0.198280 0.000000 
-0.614569 0.000000 
-0.650407 0.000000 
-0.621887 0.000000 
-0.577984 -0.000000 
-0.489949 0.000000 
0.000291 -0.000000 
-0.139303 0.000000 
-0.387590 -0.000000 
-0.085567 -0.000000 
-0.092440 -0.000000 
-0.425812 0.000000 
1.595973 0.000000 
0.031340 0.000000 
-0.048671 0.000000 
-0.333425 -0.000000 
-0.134344 0.000000 
1.034996 0.000000 
-0.395791 0.000000 
0.014431 -0.000000 
-0.274274 -0.000000 
-0.170692 0.000000 
-0.308534 0.000000 
0.713073 -0.000000 
0.663147 -0.000000 
0.401485 0.000000 
0.188302 0.000000 
-0.307194 0.000000 
0.071884 0.000000 
-0.228351 -0.000000 
-0.176484 -0.000000 
0.241263 0.000000 
-0.155378 0.000000 
0.466967 0.000000 
-0.331593 0.000000 
0.039730 0.000000 
0.477438 0.000000 
-1.022970 -0.000000 
0.799156 0.000000 
0.230701 -0.000000 
-0.134265 0.000000 
-0.410510 0.000000 
0.053296 -0.000000 
-0.036655 0.000000 
-0.560756 -0.000000 
0.365049 0.000000 
-0.118741 0.000000 
0.423546 0.000000 
-0.348797 -0.000000 
0.726972 0.000000 
-0.178071 0.000000 
-0.560906 -0.000000 
-1.024336 0.000000 
-0.102397 0.000000 
0.436472 0.000000 
0.735693 0.000000 
0.254129 0.000000 
-1.135483 0.000000 
-0.198021 -0.000000 
0.652972 -0.000000 
-0.379094 0.000000 
-0.613011 0.000000 
0.154816 0.000000 
-0.458773 0.000000 
-0.176843 0.000000 
0.417447 -0.000000 
-0.485748 -0.000000 
-0.163798 -0.000000 
-0.487091 0.000000 
0.032879 -0.000000 
0.682602 0.000000 
0.681365 -0.000000 
-0.298203 0.000000 
-0.543468 -0.000000 
-0.312779 -0.000000 
0.043636 0.000000 
0.679533 0.000000 
0.081273 0.000000 
-0.718730 0.000000 
0.145106 0.000000 
-0.119130 0.000000 
-0.080089 -0.000000 
0.406554 0.000000 
-0.389072 0.000000 
-0.475402 -0.000000 
-0.555805 0.000000 
0.327526 0.000000 
-0.356807 -0.000000 
-0.057068 0.000000 
0.182601 0.000000 
-0.513283 -0.000000 
0.492633 0.000000 
0.111610 0.000000 
-0.537382 -0.000000 
0.381773 0.000000 
-0.510254 0.000000 
-0.079193 0.000000 
-0.065106 0.000000 
0.161846 0.000000 
0.369608 0.000000 
-0.304665 0.000000 
-0.279822 0.000000 
1.260187 0.000000 
0.041991 0.000000 
-0.231076 0.000000 
0.602985 0.000000 
-0.921763 -0.000000 
0.486004 0.000000 
-0.529137 0.000000 
-0.183181 -0.000000 
0.346180 0.000000 
-0.107661 -0.000000 
0.763235 0.000000 
0.145604 -0.000000 
-0.366723 0.000000 
0.163022 0.000000 
-0.120903 -0.000000 
0.451184 0.000000 
-0.307030 -0.000000 
-0.239867 0.000000 
0.024041 -0.000000 
-0.026742 0.000000 
0.295772 0.000000 
0.415373 0.000000 
-0.753947 0.000000 
0.185959 -0.000000 
0.762547 -0.000000 
1.076332 0.000000 
0.610808 -0.000000 
0.020381 0.000000 
0.246699 -0.000000 
-0.521636 -0.000000 
0.025510 0.000000 
-0.210400 0.000000 
-0.295511 0.000000 
-0.197461 0.000000 
-0.017218 -0.000000 
-0.870959 0.000000 
0.114382 -0.000000 
-0.457237 -0.000000 
-0.417904 0.000000 
0.224015 0.000000 
0.996317 -0.000000 
0.542433 0.000000 
-1.058822 -0.000000 
-0.661901 -0.000000 
0.740642 0.000000 
0.424360 0.000000 
-0.067176 0.000000 
0.394587 -0.000000 
0.148137 0.000000 
1.237263 0.000000 
0.722718 0.000000 
-0.197234 0.000000 
0.492019 0.000000 
-0.221883 -0.000000 
0.087613 0.000000 
-0.037782 -0.000000 
0.395479 0.000000 
0.246336 0.000000 
-0.135937 0.000000 
-0.157843 -0.000000 
-0.611118 0.000000 
-0.353753 0.000000 
0.463803 0.000000 
-0.407420 0.000000 
1.012145 0.000000 
0.323347 -0.000000 
-0.663276 0.000000 
0.013965 0.000000 
0.083047 0.000000 
-0.465637 -0.000000 
-0.247957 0.000000 
0.632787 -0.000000 
-0.482852 0.000000 
-0.824032 -0.000000 
-0.051452 0.000000 
0.213593 0.000000 
-0.788094 0.000000 
-0.492876 0.000000 
0.610753 0.000000 
-0.370211 -0.000000 
0.455660 0.000000 
0.358533 -0.000000 
-0.131756 0.000000 
0.100444 0.000000 
-0.472781 0.000000 
0.514615 -0.000000 
0.210811 -0.000000 
-0.547134 0.000000 
0.000993 -0.000000 
1.248347 0.000000 
-0.033503 0.000000 
0.351878 0.000000 
0.128370 0.000000 
-0.320643 0.000000 
-0.663580 0.000000 
-0.470686 0.000000 
0.418708 -0.000000 
-0.343523 0.000000 
-0.278438 0.000000 
0.486097 0.000000 
-0.753938 0.000000 
-0.684059 0.000000 
0.505978 -0.000000 
0.079913 0.000000 
-0.352777 -0.000000 
0.060246 -0.000000 
0.592230 0.000000 
-0.227002 0.000000 
-0.373941 -0.000000 
0.577003 -0.000000 
0.236492 0.000000 
-0.028723 0.000000 
-0.205506 0.000000 
-0.162298 0.000000 
0.533101 0.000000 
0.181552 0.000000 
0.456068 -0.000000 
-0.817125 -0.000000 
-0.862522 0.000000 
0.104905 0.000000 
0.234913 -0.000000 
-0.328057 0.000000 
1.237950 0.000000 
-1.029564 0.000000 
-0.989668 -0.000000 
-0.017826 0.000000 
-0.877911 -0.000000 
-0.111060 -0.000000 
-0.642241 0.000000 
-0.285539 0.000000 
0.838494 0.000000 
0.045763 0.000000 
0.439316 0.000000 
-0.271359 0.000000 
0.314759 0.000000 
-0.413235 0.000000 
-0.641468 0.000000 
0.177587 0.000000 
-0.228950 -0.000000 
0.128745 0.000000 
0.173853 -0.000000 
0.466771 0.000000 
-0.496831 0.000000 
-0.258310 0.000000 
-0.852848 0.000000 
0.561429 0.000000 
-0.308858 -0.000000 
0.509502 0.000000 
-0.393867 0.000000 
0.220831 0.000000 
-0.880795 -0.000000 
-0.039184 0.000000 
-0.121654 -0.000000 
-0.490284 -0.000000 
0.301834 0.000000 
0.827742 0.000000 
-0.124248 0.000000 
0.065553 0.000000 
0.333135 0.000000 
-0.576125 -0.000000 
-0.740932 0.000000 
0.406178 0.000000 
-0.864449 0.000000 
-0.403711 0.000000 
0.752124 0.000000 
1.012219 0.000000 
-0.571722 -0.000000 
-0.560725 0.000000 
-0.490759 0.000000 
0.901064 -0.000000 
-0.004524 0.000000 
0.125341 -0.000000 
-0.088633 -0.000000 
-0.044666 0.000000 
-0.932881 0.000000 
-0.598322 0.000000 
0.177980 0.000000 
-0.033330 0.000000 
0.081922 -0.000000 
0.177168 0.000000 
0.903798 -0.000000 
-0.062059 0.000000 
-0.456540 -0.000000 
0.583618 0.000000 
-0.291689 -0.000000 
0.068633 0.000000 
0.850688 -0.000000 
-0.651458 -0.000000 
-0.384063 0.000000 
-0.493300 0.000000 
0.083179 -0.000000 
0.316165 0.000000 
-0.748618 0.000000 
0.346247 -0.000000 
0.237078 -0.000000 
0.308511 0.000000 
-0.027207 0.000000 
1.066871 0.000000 
0.484696 0.000000 
0.441748 -0.000000 
-0.402860 0.000000 
0.131083 -0.000000 
-0.612622 -0.000000 
-0.045059 0.000000 
-0.304899 -0.000000 
-0.040176 -0.000000 
0.454200 -0.000000 
-0.152577 0.000000 
0.233946 0.000000 
0.417815 -0.000000 
0.245025 0.000000 
-0.306157 0.000000 
0.600715 0.000000 
-0.059891 0.000000 
-0.380866 0.000000 
-0.353227 -0.000000 
-0.266290 -0.000000 
0.141630 0.000000 
-0.296383 -0.000000 
-0.215310 -0.000000 
-0.353891 0.000000 
-0.148483 0.000000 
0.197702 0.000000 
-0.144994 0.000000 
-0.038246 0.000000 
-0.456753 0.000000 
0.479284 -0.000000 
0.753370 0.000000 
0.059761 0.000000 
0.403310 0.000000 
0.297116 -0.000000 
0.204281 0.000000 
-0.773132 0.000000 
-0.337888 0.000000 
0.284131 0.000000 
0.594749 0.000000 
1.279365 -0.000000 
-0.489081 0.000000 
0.169725 0.000000 
-1.105859 0.000000 
0.773789 0.000000 
-0.531728 0.000000 
1.017974 0.000000 
-0.709271 0.000000 
0.946156 0.000000 
0.397791 0.000000 
1.560599 0.000000 
0.265545 0.000000 
0.593088 0.000000 
-0.625972 0.000000 
-0.115401 0.000000 
0.425452 -0.000000 
0.161111 0.000000 
0.134003 0.000000 
-0.197613 0.000000 
0.362562 0.000000 
-0.458124 0.000000 
-0.691061 -0.000000 
0.152735 0.000000 
0.081484 0.000000 
0.920673 0.000000 
-0.814267 -0.000000 
-0.481981 -0.000000 
0.844882 -0.000000 
0.563474 -0.000000 
-0.167462 0.000000 
0.121574 0.000000 
0.264718 0.000000 
0.170549 -0.000000 
-0.411611 0.000000 
0.686408 0.000000 
-0.709461 0.000000 
0.693788 -0.000000 
0.653776 0.000000 
-0.202386 0.000000 
-0.166177 -0.000000 
0.302739 0.000000 
-0.338663 0.000000 
-0.136416 -0.000000 
-0.568455 0.000000 
0.369745 0.000000 
-0.186316 0.000000 
0.321938 -0.000000 
0.093694 0.000000 
-0.251890 0.000000 
0.486945 0.000000 
-0.183816 0.000000 
-0.160279 0.000000 
0.037028 -0.000000 
0.842135 -0.000000 
0.041349 0.000000 
0.862238 0.000000 
0.105418 0.000000 
-0.888422 -0.000000 
0.552785 0.000000 
0.111786 0.000000 
0.042991 0.000000 
-0.510692 -0.000000 
0.114402 -0.000000 
-0.659561 0.000000 
0.528720 -0.000000 
-0.128915 0.000000 
-0.392484 0.000000 
-0.302056 -0.000000 
0.528074 0.000000 
0.418789 -0.000000 
-0.385253 0.000000 
0.380907 -0.000000 
0.694241 0.000000 
0.067372 0.000000 
-0.255633 -0.000000 
0.286244 0.000000 
0.404362 0.000000 
-0.223988 0.000000 
-0.255427 0.000000 
-0.368182 0.000000 
-0.933189 -0.000000 
-0.040549 0.000000 
-0.478773 0.000000 
0.459044 0.000000 
0.014319 0.000000 
0.504766 0.000000 
0.327378 -0.000000 
0.014468 0.000000 
-0.328974 0.000000 
-0.306678 -0.000000 
-0.041438 -0.000000 
0.221971 -0.000000 
0.048070 -0.000000 
-0.312499 0.000000 
0.016216 0.000000 
-0.365126 -0.000000 
-0.045778 0.000000 
0.401973 0.000000 
0.574269 -0.000000 
-0.532155 0.000000 
-0.535430 -0.000000 
-0.349438 0.000000 
1.014208 -0.000000 
0.036041 0.000000 
0.600419 0.000000 
0.455855 0.000000 
-0.208988 0.000000 
-0.159882 0.000000 
0.240776 0.000000 
0.701628 -0.000000 
-0.753232 0.000000 
-0.404706 0.000000 
0.406567 0.000000 
0.259127 0.000000 
-0.595394 0.000000 
-0.541186 0.000000 
-0.682909 0.000000 
0.107930 0.000000 
-0.346818 -0.000000 
0.352133 0.000000 
-0.888425 -0.000000 
0.210456 0.000000 
1.154090 0.000000 
0.633779 0.000000 
-0.100651 0.000000 
0.897431 -0.000000 
0.048077 0.000000 
0.816669 -0.000000 
-0.283219 0.000000 
0.828826 0.000000 
-0.549248 0.000000 
-0.195779 -0.000000 
-0.667568 0.000000 
-0.096748 0.000000 
1.275054 0.000000 
0.500127 0.000000 
-0.351017 0.000000 
0.679504 0.000000 
1.165735 0.000000 
0.419416 0.000000 
0.044342 0.000000 
0.523826 0.000000 
0.022844 -0.000000 
-0.791397 0.000000 
0.349946 0.000000 
0.449242 -0.000000 
0.021014 0.000000 
0.459651 -0.000000 
-0.217708 0.000000 
-0.083463 0.000000 
-0.187640 -0.000000 
0.126070 -0.000000 
0.697325 0.000000 
0.248434 -0.000000 
0.867635 0.000000 
0.068224 0.000000 
0.057393 0.000000 
0.591377 0.000000 
0.062782 0.000000 
-0.936282 0.000000 
-0.424980 -0.000000 
0.551820 -0.000000 
-0.376035 0.000000 
0.012385 0.000000 
0.012337 0.000000 
-0.002524 0.000000 
-0.103112 0.000000 
0.781491 0.000000 
-0.361092 0.000000 
0.403226 -0.000000 
0.239425 -0.000000 
-0.552643 0.000000 
0.035139 0.000000 
-0.356157 0.000000 
0.034876 0.000000 
-0.544578 0.000000 
0.202959 0.000000 
0.328234 -0.000000 
0.202343 -0.000000 
-0.317888 0.000000 
0.800552 0.000000 
-0.320767 0.000000 
-0.416204 0.000000 
-0.866512 -0.000000 
-0.093626 0.000000 
0.118593 -0.000000 
-0.308609 0.000000 
-0.108354 0.000000 
0.775520 -0.000000 
-0.432787 0.000000 
-0.371760 0.000000 
-0.120663 0.000000 
0.410351 0.000000 
-0.644061 0.000000 
-0.726151 0.000000 
-0.551898 -0.000000 
-0.040007 0.000000 
-0.037815 0.000000 
-0.414587 0.000000 
0.567804 -0.000000 
-0.729543 -0.000000 
0.801001 0.000000 
-0.824726 -0.000000 
-0.732824 0.000000 
0.843281 0.000000 
-0.181877 -0.000000 
-1.200760 -0.000000 
-0.164708 0.000000 
-0.351289 0.000000 
-0.173967 -0.000000 
-1.131941 -0.000000 
0.268523 -0.000000 
0.256227 0.000000 
0.069229 0.000000 
-0.386657 0.000000 
0.514496 -0.000000 
0.119082 0.000000 
-0.739865 -0.000000 
0.225592 0.000000 
-0.221126 0.000000 
-0.594981 0.000000 
-0.765352 0.000000 
-0.196022 0.000000 
0.462511 0.000000 
-0.017114 0.000000 
-0.650694 0.000000 
-0.202575 0.000000 
-0.739943 0.000000 
-0.362073 -0.000000 
0.364454 0.000000 
0.505369 0.000000 
-0.020917 0.000000 
0.576093 0.000000 
-0.150758 0.000000 
0.397990 -0.000000 
-0.783541 0.000000 
0.839213 0.000000 
-0.099344 -0.000000 
-0.346968 0.000000 
-0.913375 -0.000000 
-1.055879 0.000000 
-0.167490 0.000000 
-0.884578 0.000000 
-0.893776 -0.000000 
0.662701 -0.000000 
0.285810 0.000000 
-1.471448 0.000000 
0.033823 0.000000 
0.136162 -0.000000 
0.463108 0.000000 
-0.228341 -0.000000 
1.058471 0.000000 
-0.017572 0.000000 
-0.878375 -0.000000 
-0.110229 0.000000 
-0.196738 0.000000 
0.509689 0.000000 
0.760829 0.000000 
-0.236344 -0.000000 
0.016360 0.000000 
-0.574558 -0.000000 
-0.210375 0.000000 
-0.652200 -0.000000 
-0.468809 0.000000 
-0.536743 -0.000000 
0.777066 0.000000 
-0.150986 0.000000 
0.171945 0.000000 
-0.821332 0.000000 
0.258306 0.000000 
0.719589 0.000000 
0.516980 0.000000 
-0.348415 0.000000 
0.276037 -0.000000 
0.915073 0.000000 
0.003058 -0.000000 
0.473719 0.000000 
