-2.090759 2.090759 
0.000000 0.500000 -0.006489 
0.000000 0.000000 0.000000 

-0.614171 0.000000 
0.514530 0.000000 
0.357811 -0.000000 
0.118988 -0.000000 
-0.345906 -0.000000 
-0.840685 0.000000 
-0.272150 0.000000 
-0.153175 0.000000 
-0.170135 0.000000 
0.024741 -0.000000 
0.474661 0.000000 
-0.407046 0.000000 
0.312957 0.000000 
0.935209 0.000000 
-0.095913 -0.000000 
0.032610 0.000000 
-0.244105 0.000000 
-0.443551 0.000000 
0.248266 0.000000 
-0.008438 0.000000 
0.756161 0.000000 
0.000813 -0.000000 
-0.296241 0.000000 
0.878301 0.000000 
-0.847555 0.000000 
-0.136163 0.000000 
-1.031548 -0.000000 
0.454420 0.000000 
-0.237115 0.000000 
0.028588 -0.000000 
0.010871 0.000000 
0.054673 -0.000000 
0.539624 0.000000 
-0.464358 0.000000 
-0.247972 0.000000 
0.349906 0.000000 
0.014165 0.000000 
-0.252205 0.000000 
-0.733198 -0.000000 
-0.376046 0.000000 
0.016492 -0.000000 
0.361283 0.000000 
-0.888882 0.000000 
-0.165186 -0.000000 
0.736979 0.000000 
0.202290 0.000000 
0.272339 -0.000000 
-0.294104 0.000000 
-0.326466 0.000000 
-0.038380 -0.000000 
0.429804 0.000000 
0.235884 0.000000 
-0.026542 0.000000 
-0.804835 -0.000000 
-0.117512 -0.000000 
-0.130727 0.000000 
0.091585 -0.000000 
0.566323 0.000000 
-0.005771 -0.000000 
-0.102621 -0.000000 
-0.460695 -0.000000 
-0.151278 0.000000 
0.120773 -0.000000 
-0.087859 0.000000 
-0.578851 0.000000 
0.106563 0.000000 
0.092231 -0.000000 
-0.593139 0.000000 
-0.283166 0.000000 
-0.393829 -0.000000 
-0.585356 -0.000000 
-0.189624 0.000000 
-0.045043 0.000000 
-1.205261 0.000000 
-0.731394 0.000000 
0.015743 0.000000 
-0.378942 0.000000 
0.334324 0.000000 
-0.734258 0.000000 
1.314984 0.000000 
-0.863743 0.000000 
0.016523 0.000000 
0.382667 0.000000 
1.053734 -0.000000 
0.184807 0.000000 
-1.182066 0.000000 
0.240347 -0.000000 
0.071914 0.000000 
-0.438460 -0.000000 
0.198885 0.000000 
0.227599 0.000000 
0.096310 0.000000 
0.045785 -0.000000 
0.179579 0.000000 
-0.058370 0.000000 
-0.450732 0.000000 
-0.655936 0.000000 
-0.693118 0.000000 
0.385427 0.000000 
-0.591212 0.000000 
-0.376759 0.000000 
0.381423 0.000000 
0.066273 0.000000 
0.569042 0.000000 
-0.152218 -0.000000 
0.438901 0.000000 
0.033739 0.000000 
-0.312470 0.000000 
0.915484 -0.000000 
0.085171 0.000000 
-0.345606 -0.000000 
-0.213180 0.000000 
-0.131172 0.000000 
-0.042209 0.000000 
0.670447 0.000000 
0.502325 0.000000 
-0.165465 0.000000 
0.417118 -0.000000 
0.017650 0.000000 
-0.147984 -0.000000 
1.074120 0.000000 
0.047245 0.000000 
-0.469281 0.000000 
-0.159977 -0.000000 
-0.160056 0.000000 
0.549594 -0.000000 
0.574919 0.000000 
-0.002294 0.000000 
-0.702766 0.000000 
-0.423778 0.000000 
0.141719 -0.000000 
-0.468192 -0.000000 
0.369225 0.000000 
-0.464294 0.000000 
0.211358 0.000000 
-0.686639 0.000000 
0.192739 0.000000 
0.265986 -0.000000 
-0.935414 0.000000 
-0.245634 0.000000 
-0.003388 0.000000 
1.192215 -0.000000 
-0.422895 0.000000 
0.266504 0.000000 
0.046499 0.000000 
-1.013566 0.000000 
-0.171045 0.000000 
0.359357 0.000000 
0.468419 0.000000 
-0.552872 0.000000 
0.488665 0.000000 
0.724832 0.000000 
0.179680 0.000000 
0.695559 -0.000000 
0.291748 0.000000 
-0.234534 -0.000000 
0.409834 -0.000000 
0.159032 0.000000 
1.004343 -0.000000 
0.546565 0.000000 
0.246364 0.000000 
-0.130998 0.000000 
-0.432280 0.000000 
0.190748 0.000000 
-0.430377 -0.000000 
0.248437 0.000000 
0.377732 -0.000000 
-0.538666 0.000000 
-0.435252 -0.000000 
-0.623783 0.000000 
0.475062 -0.000000 
-0.407654 0.000000 
0.675817 0.000000 
0.667603 -0.000000 
0.144697 -0.000000 
-1.037300 -0.000000 
0.056007 0.000000 
0.325549 0.000000 
0.151389 -0.000000 
-0.061370 0.000000 
0.124679 0.000000 
-0.735254 -0.000000 
-1.168259 0.000000 
0.584735 0.000000 
-0.383653 0.000000 
0.616182 -0.000000 
-0.174356 -0.000000 
-0.076290 -0.000000 
-0.124157 -0.000000 
-0.105233 0.000000 
0.034878 -0.000000 
-0.662966 -0.000000 
0.306751 0.000000 
-0.482450 0.000000 
-0.202929 0.000000 
0.379934 -0.000000 
-0.229291 0.000000 
0.543271 0.000000 
0.777201 0.000000 
-0.646554 0.000000 
-0.218020 0.000000 
0.376925 0.000000 
-0.801980 0.000000 
-0.020569 0.000000 
-0.828184 0.000000 
0.168371 -0.000000 
-0.016052 0.000000 
0.968742 -0.000000 
-0.423751 -0.000000 
0.962596 0.000000 
-0.168542 -0.000000 
-0.969561 -0.000000 
0.213510 -0.000000 
-0.175914 0.000000 
-0.588313 0.000000 
-1.617905 0.000000 
0.157595 0.000000 
0.101856 0.000000 
-0.167380 0.000000 
-0.597945 0.000000 
0.228490 0.000000 
0.654961 0.000000 
-0.334426 -0.000000 
-0.628250 -0.000000 
0.367523 -0.000000 
-0.152451 -0.000000 
-0.459050 0.000000 
-0.414765 0.000000 
0.609679 0.000000 
0.395322 -0.000000 
1.507718 0.000000 
-0.448675 0.000000 
0.345531 0.000000 
0.152159 -0.000000 
0.081716 0.000000 
-0.043144 0.000000 
0.305430 -0.000000 
-0.169423 -0.000000 
0.430131 0.000000 
-0.446257 0.000000 
1.048247 0.000000 
0.219712 -0.000000 
-0.287580 -0.000000 
0.293691 0.000000 
0.168232 -0.000000 
0.215838 0.000000 
0.222967 0.000000 
0.136249 0.000000 
-0.505253 0.000000 
-0.463615 -0.000000 
-0.303824 0.000000 
-0.381794 0.000000 
0.716359 0.000000 
0.171438 0.000000 
-0.395369 -0.000000 
-0.339457 0.000000 
-0.454276 0.000000 
0.614140 -0.000000 
0.146105 0.000000 
0.046451 0.000000 
-0.025308 0.000000 
-0.142577 0.000000 
0.355658 -0.000000 
-0.288968 0.000000 
-0.453241 0.000000 
0.060892 -0.000000 
-0.251967 -0.000000 
-0.122857 -0.000000 
-0.003269 -0.000000 
-0.138855 0.000000 
-0.066238 0.000000 
-1.084641 -0.000000 
0.216715 0.000000 
-0.105988 -0.000000 
-0.822838 0.000000 
0.659928 0.000000 
0.655937 0.000000 
0.768836 -0.000000 
-0.005416 0.000000 
-0.257313 0.000000 
0.480920 0.000000 
0.239190 -0.000000 
0.237737 0.000000 
-0.418039 0.000000 
0.289563 -0.000000 
0.298518 -0.000000 
-0.444361 0.000000 
-0.093309 0.000000 
0.494330 0.000000 
-0.418221 0.000000 
0.028018 0.000000 
-0.481538 0.000000 
0.378796 0.000000 
-0.216073 0.000000 
0.293074 0.000000 
-0.017181 -0.000000 
0.220034 0.000000 
0.106439 -0.000000 
0.052400 0.000000 
0.749915 0.000000 
0.511515 0.000000 
0.437119 -0.000000 
0.333849 0.000000 
0.351400 0.000000 
-0.135065 0.000000 
-0.070834 0.000000 
-0.138420 0.000000 
0.358492 0.000000 
0.250192 -0.000000 
0.438091 -0.000000 
0.449044 0.000000 
-0.363227 -0.000000 
0.209156 0.000000 
-0.234750 0.000000 
0.674984 0.000000 
-0.119306 0.000000 
-0.060599 -0.000000 
0.363951 -0.000000 
0.217016 -0.000000 
-0.110180 0.000000 
0.490975 0.000000 
0.255642 0.000000 
0.839419 0.000000 
-0.823927 -0.000000 
-0.145695 -0.000000 
0.048035 -0.000000 
0.476829 0.000000 
-0.066386 -0.000000 
0.337211 0.000000 
0.358134 0.000000 
-1.436522 0.000000 
-0.086922 0.000000 
-0.429870 -0.000000 
-0.471162 0.000000 
0.091920 0.000000 
0.798552 0.000000 
-0.937110 -0.000000 
-0.399639 0.000000 
0.654403 0.000000 
0.140591 -0.000000 
0.809839 -0.000000 
-0.002288 0.000000 
0.619113 -0.000000 
0.012502 0.000000 
-0.270224 -0.000000 
0.093474 0.000000 
-0.755755 -0.000000 
-0.712112 0.000000 
-0.220391 0.000000 
0.500875 0.000000 
-0.564712 -0.000000 
1.005320 0.000000 
-0.109213 -0.000000 
-0.972445 0.000000 
-0.492361 -0.000000 
-0.842353 0.000000 
0.310161 -0.000000 
-0.059039 -0.000000 
0.618669 -0.000000 
0.384273 0.000000 
-0.781934 0.000000 
0.792731 -0.000000 
0.388939 -0.000000 
0.257365 -0.000000 
-1.389600 -0.000000 
-0.416787 0.000000 
-1.055435 -0.000000 
0.505986 0.000000 
0.447154 0.000000 
-0.023143 0.000000 
-1.098027 0.000000 
0.341584 0.000000 
-0.900666 -0.000000 
0.081242 -0.000000 
-0.867046 -0.000000 
0.281870 -0.000000 
0.434913 -0.000000 
-0.333200 0.000000 
0.265750 -0.000000 
1.264328 -0.000000 
0.586211 -0.000000 
0.390206 0.000000 
-0.240535 -0.000000 
-0.739515 0.000000 
1.300828 -0.000000 
0.151902 0.000000 
-0.749506 -0.000000 
-0.030649 0.000000 
-0.177248 -0.000000 
0.087384 0.000000 
-0.933840 0.000000 
-0.724838 0.000000 
-0.840411 0.000000 
-0.769169 0.000000 
-0.914827 0.000000 
-0.561471 0.000000 
-0.609216 0.000000 
-0.165372 -0.000000 
-0.268636 0.000000 
-1.555247 0.000000 
-0.695957 0.000000 
0.387247 0.000000 
-1.015663 -0.000000 
0.283018 0.000000 
-0.302356 0.000000 
-0.209363 0.000000 
0.533418 0.000000 
-0.297864 -0.000000 
0.126289 0.000000 
0.313357 0.000000 
-0.112793 0.000000 
0.162372 0.000000 
1.339493 -0.000000 
-0.254454 0.000000 
-0.885975 0.000000 
0.357230 -0.000000 
-0.252532 0.000000 
-0.225495 0.000000 
0.629504 0.000000 
-0.512113 0.000000 
0.051385 0.000000 
0.182188 0.000000 
-0.680273 0.000000 
0.081179 -0.000000 
0.056450 0.000000 
1.067793 -0.000000 
0.252805 0.000000 
-0.163129 -0.000000 
-0.561835 -0.000000 
-0.666398 0.000000 
0.131798 0.000000 
0.116470 -0.000000 
-0.318489 -0.000000 
-0.113423 0.000000 
-0.847348 0.000000 
-0.234075 -0.000000 
0.436086 0.000000 
-0.350713 0.000000 
-0.397981 -0.000000 
0.631859 0.000000 
0.119974 0.000000 
0.074603 0.000000 
-0.036139 0.000000 
0.987550 0.000000 
0.248965 -0.000000 
0.077531 0.000000 
1.154027 -0.000000 
0.055463 0.000000 
0.156776 -0.000000 
0.120088 0.000000 
0.555522 0.000000 
0.619856 0.000000 
1.038134 0.000000 
-0.758517 -0.000000 
0.779934 -0.000000 
-0.038753 0.000000 
-0.152940 -0.000000 
-0.138751 0.000000 
0.882293 -0.000000 
-0.489736 0.000000 
-0.621904 -0.000000 
-0.214228 -0.000000 
0.148940 0.000000 
0.131390 0.000000 
0.403506 -0.000000 
0.218072 -0.000000 
-0.133787 -0.000000 
0.677582 -0.000000 
0.253358 0.000000 
0.107832 0.000000 
0.423595 0.000000 
0.736236 0.000000 
-0.732843 -0.000000 
0.743752 0.000000 
-1.531926 0.000000 
-0.155611 0.000000 
-0.286517 0.000000 
-0.002507 0.000000 
-0.864610 0.000000 
-0.192673 -0.000000 
0.052121 0.000000 
0.057591 0.000000 
-0.868204 0.000000 
0.471698 -0.000000 
-0.945756 0.000000 
0.259664 0.000000 
0.222869 -0.000000 
0.608831 0.000000 
-0.580939 -0.000000 
0.251708 -0.000000 
-0.037589 0.000000 
-0.883336 0.000000 
0.667289 0.000000 
0.230670 -0.000000 
1.193789 0.000000 
-0.240784 -0.000000 
0.110641 -0.000000 
0.912849 0.000000 
0.011596 0.000000 
-0.530693 0.000000 
0.787146 0.000000 
1.482635 0.000000 
-0.056352 -0.000000 
0.593688 -0.000000 
0.351455 -0.000000 
0.495098 -0.000000 
-0.439004 0.000000 
1.013811 0.000000 
0.070909 -0.000000 
0.109440 0.000000 
-0.449459 0.000000 
-0.221076 0.000000 
-0.488563 0.000000 
0.221027 0.000000 
0.323419 0.000000 
-0.808603 0.000000 
0.096308 0.000000 
-1.285680 -0.000000 
-0.166428 -0.000000 
-0.004899 -0.000000 
0.579694 0.000000 
-0.016288 0.000000 
0.105348 0.000000 
0.495596 0.000000 
-0.113316 -0.000000 
-0.099464 0.000000 
-0.134341 0.000000 
-0.571220 0.000000 
-0.102485 0.000000 
0.803638 0.000000 
0.089880 0.000000 
0.090225 0.000000 
-0.041822 0.000000 
0.247041 -0.000000 
0.345190 -0.000000 
0.139271 0.000000 
-0.250595 0.000000 
0.019606 0.000000 
0.025648 0.000000 
-1.325422 -0.000000 
-0.034403 0.000000 
-0.177164 -0.000000 
-0.355396 -0.000000 
-0.037558 -0.000000 
-0.279085 0.000000 
-0.233797 -0.000000 
-0.067293 -0.000000 
0.175536 -0.000000 
-0.016451 0.000000 
-0.475728 0.000000 
0.437841 0.000000 
-0.788319 0.000000 
-0.366671 0.000000 
-0.074097 0.000000 
-0.529263 -0.000000 
-0.409182 0.000000 
-0.582075 -0.000000 
1.017065 0.000000 
0.015814 -0.000000 
0.733680 0.000000 
0.212270 0.000000 
0.127218 0.000000 
0.357714 -0.000000 
0.863993 0.000000 
-0.498236 0.000000 
0.788499 0.000000 
-1.108634 -0.000000 
-0.313202 0.000000 
0.468886 -0.000000 
0.109211 0.000000 
0.476217 0.000000 
-0.847487 0.000000 
-0.195061 0.000000 
-0.377171 0.000000 
0.498939 0.000000 
0.534951 -0.000000 
-0.478213 -0.000000 
0.567042 0.000000 
-0.342285 0.000000 
0.086109 0.000000 
1.548003 0.000000 
0.104385 0.000000 
0.226477 0.000000 
-0.018070 0.000000 
-0.390098 0.000000 
-1.027079 0.000000 
-0.081636 -0.000000 
-0.057614 0.000000 
-0.016381 0.000000 
1.823693 0.000000 
-0.393943 -0.000000 
0.071025 0.000000 
0.368689 0.000000 
0.746875 -0.000000 
0.453892 0.000000 
-0.484879 0.000000 
-0.202195 -0.000000 
0.206667 0.000000 
-0.504161 0.000000 
0.311034 -0.000000 
-0.465315 0.000000 
-0.436744 -0.000000 
-0.466320 -0.000000 
-0.551925 0.000000 
0.352656 -0.000000 
-0.209792 0.000000 
0.081989 -0.000000 
-0.082565 0.000000 
0.076414 0.000000 
0.590727 0.000000 
-0.700437 0.000000 
-0.617043 -0.000000 
0.574151 -0.000000 
-0.478598 0.000000 
-0.219820 0.000000 
0.518554 0.000000 
0.384171 0.000000 
0.464646 -0.000000 
-0.123157 0.000000 
0.255003 0.000000 
0.251558 -0.000000 
-0.631870 0.000000 
0.159169 0.000000 
0.037558 0.000000 
0.272841 -0.000000 
0.435457 0.000000 
-0.654295 -0.000000 
0.325970 -0.000000 
0.683121 -0.000000 
0.348066 0.000000 
-0.539071 -0.000000 
0.655514 -0.000000 
-0.096336 -0.000000 
0.090699 -0.000000 
-0.627534 -0.000000 
-0.496858 0.000000 
0.348352 -0.000000 
-0.097857 0.000000 
-0.174185 0.000000 
0.283468 0.000000 
-0.925351 0.000000 
0.381169 0.000000 
0.001723 0.000000 
0.224765 -0.000000 
0.274494 0.000000 
-0.174636 0.000000 
0.240862 0.000000 
-0.658969 0.000000 
0.422046 0.000000 
-0.267772 -0.000000 
-0.066536 -0.000000 
1.384590 -0.000000 
0.118879 -0.000000 
-0.693534 -0.000000 
-0.405260 -0.000000 
0.887566 -0.000000 
-0.221926 0.000000 
0.271182 -0.000000 
-0.254094 0.000000 
0.417051 0.000000 
0.518179 0.000000 
-0.607210 0.000000 
-0.282269 -0.000000 
-0.744206 0.000000 
-0.491747 -0.000000 
-0.675518 0.000000 
0.192509 0.000000 
-0.599963 0.000000 
-0.304891 0.000000 
0.488878 -0.000000 
0.642778 0.000000 
0.218740 0.000000 
-0.970594 0.000000 
-0.115163 0.000000 
-0.886016 -0.000000 
1.042174 0.000000 
-0.013932 0.000000 
-0.213375 0.000000 
-0.101588 0.000000 
0.179592 0.000000 
0.483088 -0.000000 
-0.232282 0.000000 
-0.283642 0.000000 
0.583574 -0.000000 
0.532360 0.000000 
-0.371497 0.000000 
0.315927 -0.000000 
0.908980 0.000000 
0.412460 0.000000 
0.038220 0.000000 
0.096150 0.000000 
-0.284564 0.000000 
-0.396856 0.000000 
0.709536 0.000000 
0.354701 0.000000 
-0.493777 -0.000000 
0.635895 0.000000 
-0.121082 -0.000000 
-0.495931 0.000000 
0.455220 -0.000000 
-0.065683 0.000000 
0.632266 0.000000 
0.709814 0.000000 
0.085542 -0.000000 
-0.710140 -0.000000 
0.364362 0.000000 
-0.645809 0.000000 
-0.594739 0.000000 
-0.200292 0.000000 
0.752246 0.000000 
-1.037233 -0.000000 
0.417597 0.000000 
-0.068875 0.000000 
-0.534643 0.000000 
0.762915 0.000000 
-0.427783 0.000000 
0.599687 0.000000 
-0.609943 -0.000000 
0.185836 0.000000 
-0.401138 0.000000 
1.015008 0.000000 
-0.119625 -0.000000 
-0.294614 0.000000 
0.595663 0.000000 
-0.291157 0.000000 
-0.638264 0.000000 
-0.228639 0.000000 
0.552915 0.000000 
-0.115549 0.000000 
0.504981 0.000000 
0.198777 0.000000 
0.130373 -0.000000 
-0.134757 0.000000 
0.690606 -0.000000 
-0.889267 0.000000 
0.267182 0.000000 
-0.131386 0.000000 
-0.495430 0.000000 
0.747749 -0.000000 
-0.405483 0.000000 
0.162471 0.000000 
0.139337 -0.000000 
-0.074878 -0.000000 
-0.292591 0.000000 
-0.346000 -0.000000 
-0.548865 0.000000 
-0.439538 -0.000000 
0.617384 0.000000 
-0.164896 -0.000000 
-0.097866 0.000000 
-0.160601 0.000000 
0.479522 -0.000000 
-0.731340 -0.000000 
-0.183009 -0.000000 
-0.171245 0.000000 
-0.161933 0.000000 
0.418506 0.000000 
0.212407 0.000000 
1.173608 0.000000 
0.099527 0.000000 
-0.093941 -0.000000 
1.124178 0.000000 
0.142564 0.000000 
-0.064113 0.000000 
-0.193830 0.000000 
0.028903 -0.000000 
-0.695259 -0.000000 
0.745816 -0.000000 
0.847362 0.000000 
-0.808647 0.000000 
-0.123516 0.000000 
0.053463 0.000000 
-0.424291 0.000000 
0.247041 -0.000000 
0.136529 0.000000 
0.260207 0.000000 
-0.825259 0.000000 
0.525883 0.000000 
-0.295556 0.000000 
-0.710124 0.000000 
-0.534146 0.000000 
0.027829 0.000000 
0.233266 0.000000 
-0.231391 0.000000 
-0.164821 0.000000 
0.778304 -0.000000 
-0.638058 -0.000000 
-0.154781 0.000000 
-0.099004 0.000000 
0.000763 -0.000000 
-0.422481 -0.000000 
-0.542522 0.000000 
-0.184797 0.000000 
0.081337 -0.000000 
0.228513 0.000000 
0.835559 -0.000000 
-0.021666 0.000000 
0.022131 0.000000 
-0.752410 0.000000 
-0.494683 -0.000000 
-0.209002 -0.000000 
0.522874 -0.000000 
0.242897 -0.000000 
-0.117980 0.000000 
-0.149438 -0.000000 
-1.235848 0.000000 
0.047864 0.000000 
-0.454088 -0.000000 
-0.262861 0.000000 
-0.309884 -0.000000 
0.188448 -0.000000 
-0.462981 0.000000 
0.102115 -0.000000 
0.350380 0.000000 
0.981761 0.000000 
-0.508710 0.000000 
-0.775026 0.000000 
-1.391570 -0.000000 
1.260786 -0.000000 
0.191673 0.000000 
-0.778643 0.000000 
-0.328450 0.000000 
-0.164789 -0.000000 
0.981762 0.000000 
0.041704 0.000000 
0.128355 -0.000000 
0.306075 -0.000000 
-0.126198 -0.000000 
0.175729 -0.000000 
0.359803 0.000000 
0.023058 -0.000000 
-0.052720 0.000000 
-0.155673 -0.000000 
-0.645887 0.000000 
0.640488 -0.000000 
0.146035 0.000000 
-0.173565 -0.000000 
-0.230503 -0.000000 
0.207320 0.000000 
-0.078333 0.000000 
-0.560627 0.000000 
0.183586 0.000000 
0.095912 0.000000 
0.127572 0.000000 
1.013763 0.000000 
0.422550 0.000000 
-0.138324 -0.000000 
-0.625355 0.000000 
0.192346 -0.000000 
0.495303 -0.000000 
0.284307 -0.000000 
-0.553427 0.000000 
0.800828 0.000000 
-0.363785 0.000000 
0.007830 -0.000000 
-0.454913 0.000000 
0.186113 0.000000 
-1.325170 -0.000000 
-0.493188 -0.000000 
-0.196872 0.000000 
-0.055643 -0.000000 
-0.594960 0.000000 
0.338879 0.000000 
-0.640601 -0.000000 
0.316130 0.000000 
0.648191 0.000000 
-0.924635 0.000000 
0.515842 0.000000 
0.170363 0.000000 
-0.735448 -0.000000 
-0.320331 0.000000 
0.344160 0.000000 
0.451146 0.000000 
0.303895 0.000000 
-0.292791 0.000000 
0.245610 0.000000 
-0.209069 0.000000 
-0.245231 0.000000 
-0.482796 0.000000 
-0.363547 -0.000000 
0.456439 0.000000 
0.212263 0.000000 
-1.078829 -0.000000 
0.206183 0.000000 
-0.256217 0.000000 
-0.221747 0.000000 
0.102522 -0.000000 
0.627403 0.000000 
0.208593 -0.000000 
-0.994486 -0.000000 
-0.044709 0.000000 
0.508765 0.000000 
-0.134393 0.000000 
0.528144 -0.000000 
-0.301130 0.000000 
0.405750 0.000000 
0.179336 0.000000 
-0.264326 0.000000 
0.560817 -0.000000 
-0.243948 0.000000 
0.024687 0.000000 
-1.020544 -0.000000 
-0.185980 0.000000 
-0.189694 0.000000 
0.328848 0.000000 
-0.231127 -0.000000 
-0.007817 0.000000 
0.075486 0.000000 
-0.247222 0.000000 
0.002668 -0.000000 
-0.512979 0.000000 
-0.381864 -0.000000 
0.146601 0.000000 
-0.432508 -0.000000 
-0.611364 0.000000 
-0.901706 0.000000 
-1.092092 0.000000 
0.087639 -0.000000 
0.001814 -0.000000 
0.402301 -0.000000 
0.649604 0.000000 
0.826737 0.000000 
1.002179 0.000000 
-0.001972 0.000000 
-0.348626 -0.000000 
0.462476 0.000000 
0.275365 0.000000 
0.290979 0.000000 
-0.383399 -0.000000 
-0.278921 -0.000000 
0.153723 0.000000 
0.484932 -0.000000 
1.118565 -0.000000 
-0.334375 0.000000 
-0.101186 -0.000000 
-0.732012 -0.000000 
0.291568 0.000000 
-0.360668 -0.000000 
0.257751 -0.000000 
0.059113 -0.000000 
-0.321169 0.000000 
-0.126685 0.000000 
-0.407263 -0.000000 
0.614287 -0.000000 
0.127611 -0.000000 
0.669243 -0.000000 
0.263422 0.000000 
1.007100 0.000000 
0.008576 0.000000 
0.155673 0.000000 
0.310214 -0.000000 
0.245902 0.000000 
-0.105553 0.000000 
0.316704 -0.000000 
0.629482 0.000000 
-1.039693 -0.000000 
0.015807 -0.000000 
-0.201095 -0.000000 
-0.094115 0.000000 
1.407232 0.000000 
0.912988 -0.000000 
0.168179 0.000000 
0.141212 -0.000000 
0.063951 0.000000 
0.653542 0.000000 
0.314292 0.000000 
0.067687 0.000000 
-0.111878 0.000000 
-0.074251 -0.000000 
0.821303 0.000000 
0.345978 0.000000 
-0.414877 -0.000000 
-0.062173 0.000000 
-0.263394 0.000000 
0.282127 0.000000 
-0.221673 0.000000 
0.435717 -0.000000 
-0.785679 -0.000000 
0.446858 0.000000 
0.061081 0.000000 
-0.628593 0.000000 
0.338954 0.000000 
-0.250529 0.000000 
-0.184023 0.000000 
1.168127 0.000000 
0.056739 -0.000000 
0.351587 -0.000000 
1.378633 0.000000 
-0.688453 0.000000 
0.600469 -0.000000 
-0.757138 0.000000 
-0.302691 0.000000 
-1.519016 0.000000 
0.420736 0.000000 
0.086481 -0.000000 
-0.514546 0.000000 
0.230809 0.000000 
1.495773 0.000000 
-0.300595 -0.000000 
-0.294984 0.000000 
-0.056419 0.000000 
-0.417761 0.000000 
-0.261175 -0.000000 
-0.375657 -0.000000 
-0.282780 0.000000 
0.660258 -0.000000 
0.464674 0.000000 
-0.915378 -0.000000 
-0.190395 0.000000 
0.522825 0.000000 
-0.917366 0.000000 
-0.245001 0.000000 
0.212438 0.000000 
0.416942 0.000000 
0.386588 0.000000 
0.142127 -0.000000 
-0.391054 0.000000 
0.482550 0.000000 
0.098147 0.000000 
0.058244 -0.000000 
-0.406969 0.000000 
-0.666206 0.000000 
-0.987889 0.000000 
0.199108 -0.000000 
