-2.125454 2.125454 
0.000000 0.500000 0.002796 
0.000000 0.000000 0.000000 

-0.421060 0.000000 
-0.351892 -0.000000 
-0.087438 0.000000 
-0.473041 -0.000000 
0.545095 -0.000000 
0.604255 0.000000 
0.364496 -0.000000 
-1.140094 0.000000 
-0.262739 0.000000 
-0.780005 0.000000 
-0.372741 0.000000 
0.571447 0.000000 
0.475506 -0.000000 
-0.102695 0.000000 
0.407958 0.000000 
-0.613763 -0.000000 
-0.205571 0.000000 
0.304267 -0.000000 
-0.417886 0.000000 
0.051706 0.000000 
0.022634 0.000000 
0.205787 -0.000000 
0.831340 -0.000000 
0.322986 0.000000 
0.111147 0.000000 
0.064492 0.000000 
-0.095919 0.000000 
-0.713493 0.000000 
0.201329 -0.000000 
-0.190118 0.000000 
0.491265 -0.000000 
-0.074528 -0.000000 
-0.257963 0.000000 
0.765945 0.000000 
-0.282805 -0.000000 
0.070664 -0.000000 
0.336022 -0.000000 
-0.800762 0.000000 
-0.190383 0.000000 
0.940432 -0.000000 
-0.411908 -0.000000 
-0.011353 -0.000000 
-0.799098 -0.000000 
0.958873 0.000000 
-0.395739 0.000000 
-0.261880 -0.000000 
0.126715 0.000000 
-0.590030 0.000000 
0.092981 0.000000 
0.365777 -0.000000 
0.528502 -0.000000 
-0.207304 0.000000 
-0.536261 0.000000 
-0.283627 0.000000 
-0.184583 -0.000000 
-0.064607 0.000000 
0.190622 0.000000 
0.374752 0.000000 
-0.472018 0.000000 
-0.060908 0.000000 
1.052239 -0.000000 
-0.635267 0.000000 
-0.853835 -0.000000 
-0.148697 -0.000000 
0.305537 0.000000 
-0.215191 0.000000 
0.301787 -0.000000 
-0.692736 0.000000 
-0.162981 -0.000000 
0.127000 0.000000 
0.031892 -0.000000 
-0.389289 0.000000 
0.235007 0.000000 
-0.227284 -0.000000 
-0.691419 0.000000 
0.083717 0.000000 
-0.161908 0.000000 
-0.339040 -0.000000 
0.419783 0.000000 
-0.272852 -0.000000 
-0.082918 -0.000000 
0.223250 -0.000000 
0.493136 0.000000 
-0.008398 -0.000000 
0.639710 -0.000000 
-0.082371 0.000000 
0.031535 -0.000000 
0.937035 -0.000000 
0.449304 -0.000000 
0.144004 0.000000 
-0.401080 0.000000 
0.006847 0.000000 
-0.121030 0.000000 
0.484989 0.000000 
0.094097 0.000000 
0.855285 0.000000 
-0.101769 0.000000 
0.264011 -0.000000 
0.181242 0.000000 
0.238688 0.000000 
-0.394208 0.000000 
0.014568 0.000000 
-0.068603 0.000000 
-0.415732 0.000000 
-0.690313 0.000000 
-0.444391 0.000000 
-0.166367 0.000000 
0.207229 -0.000000 
0.690932 -0.000000 
0.041112 -0.000000 
0.369223 0.000000 
1.078711 -0.000000 
-0.122738 -0.000000 
0.835207 -0.000000 
0.375588 0.000000 
0.366167 -0.000000 
-0.524382 0.000000 
-0.054029 0.000000 
-0.084752 -0.000000 
-0.439524 0.000000 
0.576491 0.000000 
-0.761629 0.000000 
-0.023100 -0.000000 
0.017687 0.000000 
-0.089953 0.000000 
-0.214775 0.000000 
-0.348398 0.000000 
-0.472744 0.000000 
-0.366928 0.000000 
0.957930 0.000000 
0.506261 0.000000 
0.210577 0.000000 
-0.664967 -0.000000 
-0.288348 0.000000 
-0.985077 -0.000000 
-0.070963 -0.000000 
-0.120550 0.000000 
-1.065005 0.000000 
0.271054 0.000000 
0.015603 -0.000000 
0.920403 0.000000 
-0.002776 -0.000000 
-0.228685 0.000000 
-0.520389 0.000000 
-0.181285 -0.000000 
-0.041199 -0.000000 
0.824346 0.000000 
0.213688 -0.000000 
0.111099 -0.000000 
-1.083700 -0.000000 
-0.262988 -0.000000 
0.117171 0.000000 
-0.906863 0.000000 
-0.624667 0.000000 
0.507615 0.000000 
-0.153369 0.000000 
0.468529 -0.000000 
-0.500356 -0.000000 
-0.077764 0.000000 
0.061234 -0.000000 
-0.865942 -0.000000 
0.191986 0.000000 
0.286330 0.000000 
-0.939574 0.000000 
0.535051 0.000000 
-0.905206 0.000000 
-0.164119 0.000000 
0.962389 0.000000 
0.634194 0.000000 
0.140512 0.000000 
-0.190021 0.000000 
0.213440 -0.000000 
-0.571355 0.000000 
-0.271560 0.000000 
0.154615 -0.000000 
0.538929 -0.000000 
0.309983 0.000000 
-0.927988 0.000000 
0.585501 -0.000000 
-0.151453 0.000000 
0.146213 0.000000 
0.646624 0.000000 
-0.271503 -0.000000 
0.827292 0.000000 
0.294970 0.000000 
0.819614 -0.000000 
0.047632 0.000000 
0.670025 0.000000 
0.812740 0.000000 
0.195018 -0.000000 
-0.165448 0.000000 
0.567397 0.000000 
-0.151581 0.000000 
0.531514 0.000000 
0.743124 -0.000000 
0.265722 0.000000 
-0.335638 0.000000 
0.634274 0.000000 
0.150212 0.000000 
0.300865 -0.000000 
0.300414 -0.000000 
-0.245607 0.000000 
-0.266190 0.000000 
0.053820 -0.000000 
0.003194 0.000000 
-0.937781 0.000000 
0.216019 0.000000 
-0.196976 0.000000 
0.003412 0.000000 
-0.020850 0.000000 
0.151519 -0.000000 
-0.466555 -0.000000 
-0.271027 0.000000 
0.688895 -0.000000 
-0.143022 -0.000000 
0.178189 0.000000 
-0.466453 -0.000000 
0.329868 0.000000 
-1.025868 0.000000 
-0.257551 -0.000000 
0.350521 0.000000 
-0.210819 -0.000000 
-0.194049 0.000000 
-0.370034 0.000000 
0.282391 -0.000000 
0.592151 0.000000 
-0.719356 0.000000 
0.374728 -0.000000 
-0.943830 0.000000 
0.682521 -0.000000 
0.273239 0.000000 
0.289515 -0.000000 
0.318675 0.000000 
-0.133177 -0.000000 
1.539043 -0.000000 
-0.003874 0.000000 
0.280379 0.000000 
1.135438 0.000000 
0.273056 -0.000000 
0.072061 0.000000 
-0.363478 -0.000000 
0.717505 -0.000000 
-0.927078 0.000000 
0.813411 0.000000 
0.259690 -0.000000 
-0.691277 0.000000 
0.383037 0.000000 
-0.079218 0.000000 
0.473811 0.000000 
0.023972 0.000000 
-1.009454 0.000000 
-0.389932 0.000000 
0.345833 0.000000 
-0.533534 0.000000 
-0.274046 0.000000 
0.481200 -0.000000 
-0.139677 0.000000 
-0.085525 0.000000 
0.725122 0.000000 
1.113710 0.000000 
0.428523 0.000000 
0.653401 0.000000 
0.445215 0.000000 
0.671208 0.000000 
0.382623 0.000000 
-0.276808 0.000000 
0.586621 0.000000 
0.062820 -0.000000 
0.247090 0.000000 
-0.533352 -0.000000 
-0.027629 0.000000 
0.714794 -0.000000 
0.066323 0.000000 
-0.436600 0.000000 
0.544173 0.000000 
-0.543653 -0.000000 
-0.902474 0.000000 
0.968124 -0.000000 
0.454098 -0.000000 
0.117612 -0.000000 
0.236869 0.000000 
0.873463 0.000000 
0.144363 0.000000 
0.528874 0.000000 
-0.410527 -0.000000 
-0.213770 0.000000 
0.584530 0.000000 
0.031999 0.000000 
-0.491288 -0.000000 
0.556695 0.000000 
0.782962 0.000000 
-0.352928 0.000000 
-0.189935 -0.000000 
-0.260447 0.000000 
-0.456110 0.000000 
-0.408092 0.000000 
-0.686513 -0.000000 
-0.468876 0.000000 
0.532256 0.000000 
0.362691 0.000000 
0.343737 -0.000000 
-0.382390 0.000000 
-0.150866 0.000000 
-0.584777 -0.000000 
-0.569203 0.000000 
-0.320075 0.000000 
-0.172831 0.000000 
0.259620 0.000000 
0.729784 -0.000000 
-0.178942 -0.000000 
0.576183 0.000000 
-0.358993 0.000000 
0.173544 -0.000000 
0.417006 0.000000 
0.201865 0.000000 
0.354740 0.000000 
-0.428991 0.000000 
0.367005 -0.000000 
-0.839485 0.000000 
0.484182 0.000000 
0.283967 0.000000 
-0.095877 -0.000000 
-0.344671 0.000000 
0.376557 -0.000000 
-0.602554 -0.000000 
0.041498 0.000000 
-0.114336 0.000000 
-0.018579 0.000000 
-0.168318 0.000000 
0.164883 0.000000 
-0.206025 0.000000 
-0.145249 0.000000 
0.461803 0.000000 
-0.437837 0.000000 
0.834675 0.000000 
-0.551721 0.000000 
0.595350 0.000000 
-0.008538 0.000000 
-0.159698 0.000000 
-0.342391 -0.000000 
0.232625 -0.000000 
0.524973 0.000000 
-0.191611 0.000000 
-0.336730 0.000000 
0.769784 -0.000000 
0.072560 0.000000 
-0.047167 -0.000000 
-0.406800 0.000000 
0.432348 0.000000 
-0.325821 0.000000 
-0.261398 0.000000 
0.176151 0.000000 
0.244872 -0.000000 
-0.034810 0.000000 
-0.390169 -0.000000 
0.387554 0.000000 
-0.205440 0.000000 
0.759049 0.000000 
1.030943 0.000000 
0.216152 0.000000 
0.168308 -0.000000 
-0.558693 -0.000000 
-0.746464 -0.000000 
-0.105016 0.000000 
0.148090 0.000000 
-0.160213 -0.000000 
0.156610 0.000000 
0.812283 0.000000 
-0.341291 0.000000 
-0.748087 0.000000 
0.204350 -0.000000 
-0.357717 -0.000000 
-0.069444 -0.000000 
0.180454 0.000000 
-0.368433 0.000000 
0.170220 0.000000 
0.096710 0.000000 
0.123715 -0.000000 
-0.317089 0.000000 
0.309842 0.000000 
-0.267444 0.000000 
-0.337646 0.000000 
-0.642901 -0.000000 
-0.426567 0.000000 
-1.246580 -0.000000 
0.332203 -0.000000 
-0.360255 0.000000 
-0.763687 -0.000000 
-0.916145 0.000000 
0.057797 -0.000000 
-0.626705 0.000000 
-0.178785 0.000000 
-0.573030 -0.000000 
-0.837365 0.000000 
0.611114 0.000000 
-0.722408 0.000000 
-0.574199 -0.000000 
-0.126210 0.000000 
0.609826 0.000000 
-0.681724 0.000000 
-0.604732 0.000000 
0.326246 0.000000 
-0.710426 0.000000 
-0.137533 0.000000 
-0.260329 -0.000000 
0.334662 0.000000 
-0.457588 0.000000 
-0.635184 -0.000000 
-0.240152 0.000000 
-0.279941 0.000000 
0.034965 -0.000000 
0.135043 0.000000 
0.541414 0.000000 
0.531685 0.000000 
0.534789 0.000000 
-0.198618 0.000000 
-0.246013 0.000000 
-0.283572 0.000000 
-0.165138 0.000000 
0.307373 0.000000 
-0.128557 -0.000000 
-0.231213 0.000000 
-0.024636 -0.000000 
1.035231 0.000000 
0.354516 -0.000000 
-0.180478 -0.000000 
-0.517003 -0.000000 
0.398488 -0.000000 
-0.136311 0.000000 
0.555766 -0.000000 
0.411498 -0.000000 
-0.184588 -0.000000 
-0.612380 0.000000 
-0.170077 0.000000 
0.614745 -0.000000 
0.239027 -0.000000 
0.160777 0.000000 
0.346960 0.000000 
0.138072 -0.000000 
-0.295817 0.000000 
0.020345 0.000000 
0.247324 -0.000000 
-0.688372 -0.000000 
-0.037612 0.000000 
-0.218172 0.000000 
-0.117453 -0.000000 
-0.283978 0.000000 
0.388700 -0.000000 
-0.043997 0.000000 
-0.384984 -0.000000 
-0.484287 -0.000000 
-0.300744 0.000000 
0.008620 0.000000 
-0.069513 0.000000 
0.185320 0.000000 
-0.630606 -0.000000 
0.725109 0.000000 
0.648185 0.000000 
0.369074 0.000000 
-0.274185 0.000000 
-0.039760 -0.000000 
-0.295285 -0.000000 
-0.226417 0.000000 
0.057183 0.000000 
-0.605203 -0.000000 
-0.343590 0.000000 
-0.787996 0.000000 
0.165392 -0.000000 
-0.653472 0.000000 
1.000395 0.000000 
0.432458 0.000000 
-0.474777 0.000000 
0.349358 0.000000 
0.447068 0.000000 
-0.840292 0.000000 
0.522944 0.000000 
0.124802 0.000000 
0.386829 0.000000 
-0.012546 0.000000 
-0.255863 0.000000 
0.394735 0.000000 
0.994609 0.000000 
0.128679 0.000000 
0.100930 -0.000000 
-0.113571 -0.000000 
0.381839 0.000000 
-0.233613 0.000000 
-0.590467 -0.000000 
-0.485598 -0.000000 
-0.168868 -0.000000 
0.130183 -0.000000 
-0.426597 0.000000 
0.405690 0.000000 
0.074142 0.000000 
-0.298752 -0.000000 
0.404800 -0.000000 
0.244761 0.000000 
-0.219948 0.000000 
-0.140986 0.000000 
-0.165789 0.000000 
0.386934 0.000000 
-0.489947 0.000000 
-0.082291 -0.000000 
-0.514298 0.000000 
-0.057506 0.000000 
-0.389540 -0.000000 
-0.156617 0.000000 
0.400639 0.000000 
-0.194534 0.000000 
-0.528819 0.000000 
-0.232932 0.000000 
-0.905191 0.000000 
-0.149587 0.000000 
0.031703 -0.000000 
0.340842 -0.000000 
-0.238216 0.000000 
-0.165610 0.000000 
-0.104364 0.000000 
0.093248 -0.000000 
-0.633262 0.000000 
-0.583953 0.000000 
-0.061467 -0.000000 
0.453628 -0.000000 
-0.450476 0.000000 
-0.205790 -0.000000 
0.352765 -0.000000 
0.150470 -0.000000 
0.832964 -0.000000 
0.010100 0.000000 
-0.186224 0.000000 
0.109994 0.000000 
-0.182423 0.000000 
0.089628 0.000000 
-0.436245 -0.000000 
-0.105402 -0.000000 
0.617175 -0.000000 
0.164049 -0.000000 
-0.226229 0.000000 
0.091067 -0.000000 
-0.316995 0.000000 
-0.064479 0.000000 
0.411370 0.000000 
0.109324 0.000000 
-0.591826 0.000000 
0.147928 0.000000 
0.438787 -0.000000 
-0.764414 0.000000 
0.028129 0.000000 
0.067051 0.000000 
-0.507464 0.000000 
0.278885 0.000000 
0.547394 -0.000000 
-0.440387 0.000000 
-0.013855 0.000000 
0.468952 0.000000 
-0.157458 -0.000000 
0.241236 0.000000 
-0.215056 -0.000000 
0.400575 0.000000 
-0.343295 0.000000 
-0.538301 -0.000000 
-0.559004 -0.000000 
0.103834 -0.000000 
0.124888 0.000000 
0.246324 -0.000000 
0.454331 -0.000000 
-0.153677 0.000000 
-0.218479 0.000000 
0.226202 0.000000 
-0.193904 0.000000 
-0.534885 0.000000 
-0.131108 0.000000 
0.747772 -0.000000 
-0.969773 -0.000000 
0.922481 -0.000000 
-0.474280 -0.000000 
0.463606 0.000000 
-0.261366 -0.000000 
0.266371 0.000000 
-0.073945 0.000000 
0.720329 0.000000 
0.114945 0.000000 
0.096453 0.000000 
0.391553 0.000000 
0.146308 0.000000 
-0.590684 -0.000000 
1.108977 0.000000 
-0.151727 0.000000 
-0.626453 0.000000 
-0.478377 0.000000 
0.340700 0.000000 
0.239140 0.000000 
0.714070 0.000000 
-0.583693 -0.000000 
-0.116003 0.000000 
0.026927 -0.000000 
0.715267 -0.000000 
-0.574823 0.000000 
0.567968 0.000000 
0.185725 0.000000 
-0.572398 -0.000000 
0.144642 0.000000 
0.536411 0.000000 
-0.744809 0.000000 
0.673328 -0.000000 
-0.354197 0.000000 
-0.108421 0.000000 
-1.123470 0.000000 
-0.262670 -0.000000 
-0.006453 0.000000 
0.127344 -0.000000 
-0.626360 0.000000 
0.411500 0.000000 
0.179342 0.000000 
-0.082394 0.000000 
0.444184 -0.000000 
-0.297695 0.000000 
-0.231000 0.000000 
-0.519726 -0.000000 
-0.129353 0.000000 
-0.045957 -0.000000 
0.776437 0.000000 
-0.064660 -0.000000 
0.041758 0.000000 
0.953212 0.000000 
-0.353031 0.000000 
-0.176999 -0.000000 
1.275847 0.000000 
0.668630 0.000000 
0.352368 0.000000 
-0.105977 -0.000000 
-0.079062 -0.000000 
-0.279562 0.000000 
0.668878 0.000000 
0.855008 -0.000000 
-0.449592 0.000000 
0.067129 0.000000 
0.405051 -0.000000 
-0.803273 0.000000 
0.191786 0.000000 
0.318112 -0.000000 
-0.185186 0.000000 
-0.470752 0.000000 
-0.607630 0.000000 
-0.266177 -0.000000 
0.342847 -0.000000 
0.649414 0.000000 
-0.891545 -0.000000 
-0.363699 0.000000 
0.502343 0.000000 
0.350868 0.000000 
-0.149622 -0.000000 
-0.969999 0.000000 
0.089872 0.000000 
-0.836315 0.000000 
-0.302102 0.000000 
0.689232 0.000000 
1.169062 0.000000 
0.364457 0.000000 
-0.223474 -0.000000 
0.399519 0.000000 
0.114291 0.000000 
0.645849 -0.000000 
-0.116090 0.000000 
-0.203892 -0.000000 
0.463913 0.000000 
-0.365298 0.000000 
-0.016989 0.000000 
-0.196368 0.000000 
0.180357 0.000000 
0.001796 0.000000 
-0.299981 -0.000000 
-0.134265 -0.000000 
0.656079 0.000000 
-0.502482 0.000000 
-0.194709 0.000000 
-1.078562 0.000000 
0.283436 0.000000 
1.186039 -0.000000 
0.232359 0.000000 
-0.567885 0.000000 
-0.423097 0.000000 
0.001217 0.000000 
0.969560 0.000000 
-0.080922 -0.000000 
0.532115 0.000000 
-0.436019 0.000000 
0.107490 -0.000000 
0.198851 0.000000 
0.064540 0.000000 
-0.553872 0.000000 
0.618529 0.000000 
-0.112892 0.000000 
-0.323790 0.000000 
-0.015737 -0.000000 
-0.383481 0.000000 
0.691670 0.000000 
-0.316587 0.000000 
-0.769923 -0.000000 
-0.436956 0.000000 
-0.294876 0.000000 
1.044855 0.000000 
1.465553 -0.000000 
-0.318604 0.000000 
0.833982 0.000000 
-0.011766 -0.000000 
-0.495116 -0.000000 
-0.709651 0.000000 
-0.316003 0.000000 
1.417903 -0.000000 
0.286929 -0.000000 
0.200244 0.000000 
-0.641277 0.000000 
-0.152498 0.000000 
0.054154 0.000000 
0.406598 0.000000 
0.378397 -0.000000 
0.628629 0.000000 
0.457031 -0.000000 
0.132050 0.000000 
-0.009120 0.000000 
-0.545833 0.000000 
0.490323 0.000000 
0.103249 0.000000 
-0.223610 0.000000 
-0.345281 -0.000000 
-0.410517 -0.000000 
0.038016 0.000000 
-0.052888 0.000000 
-0.072151 -0.000000 
-0.456606 0.000000 
-0.783112 0.000000 
-0.276922 0.000000 
-0.341361 0.000000 
0.106340 -0.000000 
-0.668744 -0.000000 
0.304678 0.000000 
-0.451121 -0.000000 
0.102983 -0.000000 
0.413489 -0.000000 
0.119769 0.000000 
0.436344 0.000000 
0.223628 -0.000000 
-0.196892 -0.000000 
-0.504229 0.000000 
0.688508 0.000000 
0.150198 -0.000000 
0.043040 -0.000000 
-0.091919 0.000000 
0.530044 0.000000 
0.028445 -0.000000 
-0.054399 -0.000000 
-0.589446 -0.000000 
0.470749 0.000000 
0.210805 0.000000 
-0.095002 0.000000 
0.253719 -0.000000 
0.190395 -0.000000 
0.086511 0.000000 
0.028322 0.000000 
0.223837 -0.000000 
-0.652961 0.000000 
-0.002332 -0.000000 
-0.578844 -0.000000 
-0.188939 0.000000 
-0.241254 -0.000000 
0.408847 0.000000 
0.295505 0.000000 
0.359998 0.000000 
-0.798858 0.000000 
1.043956 -0.000000 
-0.705523 -0.000000 
-0.096575 -0.000000 
-0.012561 0.000000 
-0.181147 0.000000 
-0.225072 -0.000000 
0.101402 0.000000 
0.287369 0.000000 
0.621116 0.000000 
0.898227 0.000000 
-0.181796 0.000000 
-0.148155 0.000000 
0.371804 -0.000000 
1.007112 0.000000 
0.124229 0.000000 
0.231717 -0.000000 
-0.547266 -0.000000 
0.476385 0.000000 
0.012211 -0.000000 
0.894493 -0.000000 
0.914319 0.000000 
0.190998 -0.000000 
-0.800502 0.000000 
0.185653 0.000000 
-0.148263 0.000000 
0.040628 0.000000 
0.234666 0.000000 
0.451030 0.000000 
-0.103571 0.000000 
-0.354330 0.000000 
-0.883392 -0.000000 
0.177223 0.000000 
-0.763040 -0.000000 
-0.235343 -0.000000 
0.188000 0.000000 
0.570392 0.000000 
0.183681 0.000000 
0.570175 -0.000000 
0.188507 0.000000 
-0.427264 0.000000 
-0.106291 -0.000000 
-0.101773 0.000000 
-0.578925 0.000000 
0.249557 0.000000 
-0.400833 -0.000000 
0.575157 -0.000000 
-0.241409 0.000000 
0.361815 0.000000 
0.628883 0.000000 
-0.024253 0.000000 
0.620411 0.000000 
0.068036 0.000000 
0.342777 -0.000000 
-0.862231 0.000000 
-1.090872 0.000000 
-0.734303 0.000000 
0.915479 -0.000000 
0.179781 0.000000 
-0.703683 0.000000 
-0.202396 -0.000000 
1.369519 0.000000 
0.947070 0.000000 
-0.788682 0.000000 
0.219741 0.000000 
-0.072695 0.000000 
-0.329178 0.000000 
-0.009691 0.000000 
0.204455 -0.000000 
-0.489117 0.000000 
-0.574411 0.000000 
0.010287 0.000000 
-0.767197 0.000000 
-0.610956 0.000000 
0.758641 -0.000000 
-0.519924 0.000000 
-1.542708 0.000000 
-0.899008 0.000000 
0.195507 -0.000000 
0.114916 -0.000000 
-0.287836 0.000000 
0.325687 0.000000 
0.062411 0.000000 
-0.113042 -0.000000 
-0.649133 0.000000 
-0.016917 0.000000 
0.224151 0.000000 
-0.337581 0.000000 
0.143962 0.000000 
0.067737 0.000000 
-0.725373 0.000000 
0.628422 0.000000 
0.189333 0.000000 
-0.423587 0.000000 
-0.244885 -0.000000 
-0.073063 -0.000000 
0.353222 0.000000 
-0.703904 0.000000 
0.220774 0.000000 
-0.752482 0.000000 
0.536106 -0.000000 
0.391075 0.000000 
-0.262726 -0.000000 
-1.212552 0.000000 
-0.860335 0.000000 
0.593311 0.000000 
0.100667 0.000000 
0.012965 0.000000 
-0.269258 0.000000 
-0.068764 -0.000000 
-0.176526 0.000000 
0.285910 0.000000 
-0.119538 0.000000 
-0.143884 -0.000000 
-0.016717 0.000000 
-0.516605 -0.000000 
0.814793 -0.000000 
0.110218 0.000000 
-0.021887 0.000000 
0.485675 0.000000 
0.048408 0.000000 
-0.518386 0.000000 
0.370677 -0.000000 
-0.457074 0.000000 
0.060427 0.000000 
0.372956 -0.000000 
0.730757 -0.000000 
-0.369448 -0.000000 
-0.773913 -0.000000 
0.229521 -0.000000 
0.507707 0.000000 
0.582877 0.000000 
0.563308 -0.000000 
-0.107644 0.000000 
-0.149486 -0.000000 
-0.087345 -0.000000 
-0.244404 0.000000 
0.083569 0.000000 
-0.761649 0.000000 
0.119353 0.000000 
-0.432185 -0.000000 
0.788541 0.000000 
0.141119 0.000000 
0.183454 -0.000000 
-0.105544 -0.000000 
-0.582918 -0.000000 
-0.304366 0.000000 
-0.241394 0.000000 
-0.711096 0.000000 
0.078255 0.000000 
0.466590 0.000000 
-0.485817 0.000000 
-0.056052 -0.000000 
-0.893211 -0.000000 
0.274283 0.000000 
-0.074190 0.000000 
0.479358 0.000000 
0.333637 0.000000 
0.390073 0.000000 
-0.401570 0.000000 
0.661902 0.000000 
-0.179856 -0.000000 
-0.128738 0.000000 
1.006992 -0.000000 
-0.098629 -0.000000 
-0.358657 0.000000 
0.266673 0.000000 
-0.625581 0.000000 
-0.132282 -0.000000 
-0.401439 0.000000 
-0.861150 0.000000 
0.163575 0.000000 
-0.445159 0.000000 
0.130042 0.000000 
-0.059876 0.000000 
-0.703840 0.000000 
-0.665482 -0.000000 
-0.196029 -0.000000 
0.097770 0.000000 
-0.174755 -0.000000 
0.992011 0.000000 
-0.009810 -0.000000 
-0.308649 0.000000 
0.342277 0.000000 
-0.929296 0.000000 
1.003214 0.000000 
-0.193959 -0.000000 
-0.595907 0.000000 
-0.337937 -0.000000 
0.425662 -0.000000 
0.211303 0.000000 
0.674332 0.000000 
-0.351542 0.000000 
0.459329 0.000000 
0.432685 0.000000 
-0.503363 0.000000 
0.403075 0.000000 
-0.694389 0.000000 
0.353934 0.000000 
0.401697 -0.000000 
0.237149 -0.000000 
-0.530922 0.000000 
0.058150 0.000000 
0.526942 -0.000000 
-0.385592 0.000000 
0.490187 -0.000000 
-0.338327 0.000000 
0.280749 -0.000000 
0.161949 0.000000 
1.055322 0.000000 
-0.451273 0.000000 
0.763928 0.000000 
0.599009 -0.000000 
0.046898 -0.000000 
-0.327289 -0.000000 
0.599430 0.000000 
-0.085241 0.000000 
0.968549 -0.000000 
-0.009873 0.000000 
-0.220393 -0.000000 
-0.403140 -0.000000 
0.372193 0.000000 
0.010418 -0.000000 
-0.234439 0.000000 
0.145218 0.000000 
0.231177 0.000000 
0.567449 0.000000 
-0.669184 0.000000 
0.553833 0.000000 
0.443358 0.000000 
-0.398678 0.000000 
0.755753 0.000000 
-0.326066 0.000000 
-0.423944 -0.000000 
0.540791 0.000000 
0.448209 0.000000 
-0.752483 0.000000 
-0.854174 0.000000 
0.997945 -0.000000 
0.461219 0.000000 
-0.257735 0.000000 
-0.129885 0.000000 
0.413679 0.000000 
1.114682 0.000000 
-0.033312 0.000000 
-0.365138 0.000000 
0.571800 0.000000 
-0.422031 0.000000 
0.287059 0.000000 
-0.995851 0.000000 
0.037072 -0.000000 
-0.199186 0.000000 
1.176269 0.000000 
-0.139995 -0.000000 
-0.997353 0.000000 
