-2.023785 2.023785 
0.000000 0.500000 0.044375 
0.000000 0.000000 0.000000 

0.976844 0.000000 
-0.577694 0.000000 
-0.209988 -0.000000 
0.316607 0.000000 
0.021103 0.000000 
0.891575 0.000000 
-0.195408 -0.000000 
0.165567 0.000000 
-0.681364 -0.000000 
-0.062988 0.000000 
-0.088573 -0.000000 
-0.201334 0.000000 
-0.139619 0.000000 
-0.783127 0.000000 
0.172978 0.000000 
0.064298 0.000000 
0.476992 -0.000000 
-0.105107 0.000000 
0.406709 0.000000 
0.370417 0.000000 
0.349503 -0.000000 
0.186418 -0.000000 
-0.518898 0.000000 
-0.733509 0.000000 
0.723806 0.000000 
-0.080665 -0.000000 
0.029327 -0.000000 
-0.006086 0.000000 
0.653529 0.000000 
0.619492 0.000000 
-0.062904 0.000000 
0.042606 0.000000 
0.319634 0.000000 
0.863137 0.000000 
0.750613 0.000000 
0.859527 0.000000 
0.386037 0.000000 
0.996005 -0.000000 
0.876692 0.000000 
-0.206531 -0.000000 
-0.160522 0.000000 
0.478278 0.000000 
-0.709090 0.000000 
0.017413 0.000000 
-0.556867 0.000000 
0.316251 0.000000 
-0.247926 0.000000 
0.100427 0.000000 
-0.221697 0.000000 
-0.031753 0.000000 
0.169425 -0.000000 
-0.047386 0.000000 
0.136939 0.000000 
0.087780 0.000000 
-0.806481 0.000000 
0.090281 0.000000 
0.323252 0.000000 
-0.155005 -0.000000 
0.005879 -0.000000 
0.917426 0.000000 
0.169754 0.000000 
0.443870 0.000000 
-0.684770 -0.000000 
0.164793 0.000000 
0.342609 0.000000 
-0.450683 -0.000000 
0.354085 0.000000 
0.096227 0.000000 
-0.161701 0.000000 
0.426989 0.000000 
-0.393730 -0.000000 
-0.072002 0.000000 
0.057574 0.000000 
0.386606 0.000000 
0.042661 0.000000 
-1.298367 0.000000 
-0.136845 -0.000000 
0.101060 0.000000 
0.669411 -0.000000 
-0.313475 0.000000 
0.085998 0.000000 
0.238585 0.000000 
-0.778194 0.000000 
-0.326480 0.000000 
1.157276 -0.000000 
-0.114919 0.000000 
-0.275651 0.000000 
0.026685 -0.000000 
-0.030416 -0.000000 
0.043411 0.000000 
0.663567 0.000000 
0.200203 -0.000000 
0.133914 -0.000000 
0.566304 0.000000 
0.883529 0.000000 
-0.673462 0.000000 
1.072930 0.000000 
-0.407695 0.000000 
0.377130 0.000000 
-0.219436 0.000000 
-0.289423 0.000000 
-0.255326 0.000000 
0.463835 0.000000 
0.400214 -0.000000 
0.792718 -0.000000 
0.338380 -0.000000 
-0.600243 0.000000 
-0.035627 -0.000000 
-0.048877 0.000000 
-0.358341 0.000000 
0.459427 0.000000 
0.507959 -0.000000 
0.829128 0.000000 
1.420839 0.000000 
0.831787 0.000000 
-0.277916 0.000000 
0.270385 0.000000 
0.082231 0.000000 
0.292985 0.000000 
0.748790 -0.000000 
0.521127 0.000000 
0.409367 0.000000 
0.471286 0.000000 
-0.410192 0.000000 
0.584799 0.000000 
0.336545 0.000000 
-0.979719 -0.000000 
-0.112711 -0.000000 
-0.220153 -0.000000 
-0.201855 0.000000 
0.370133 0.000000 
-0.672036 0.000000 
0.014607 0.000000 
0.893648 0.000000 
-0.091164 -0.000000 
-0.353570 0.000000 
0.336402 -0.000000 
0.884226 0.000000 
0.298642 0.000000 
0.412568 0.000000 
0.296417 -0.000000 
0.400202 0.000000 
-0.137519 -0.000000 
-0.100714 0.000000 
-0.404820 0.000000 
-0.178064 0.000000 
-0.682734 0.000000 
-0.806514 0.000000 
-0.133160 -0.000000 
-0.187308 0.000000 
1.163568 0.000000 
0.117743 -0.000000 
0.206960 0.000000 
-0.007387 0.000000 
-0.524394 -0.000000 
0.065003 -0.000000 
-0.235964 0.000000 
0.689693 -0.000000 
0.355071 0.000000 
-0.200348 0.000000 
-0.290942 0.000000 
-0.329151 0.000000 
-0.319935 0.000000 
-0.018343 -0.000000 
0.214784 0.000000 
-0.339558 -0.000000 
0.378287 0.000000 
-0.046884 0.000000 
0.323065 0.000000 
0.080088 0.000000 
0.926546 -0.000000 
0.221204 0.000000 
0.672999 0.000000 
0.238630 0.000000 
0.138595 0.000000 
0.393002 0.000000 
-0.176809 0.000000 
0.706121 0.000000 
0.542207 -0.000000 
-0.920496 0.000000 
0.021006 -0.000000 
-0.761216 -0.000000 
0.339471 0.000000 
0.086585 0.000000 
-0.312182 0.000000 
-0.108826 -0.000000 
-0.170193 0.000000 
0.364564 0.000000 
-0.715913 0.000000 
0.851154 0.000000 
0.145907 -0.000000 
0.492384 0.000000 
0.313501 0.000000 
-0.452627 -0.000000 
-1.127046 0.000000 
-0.964957 0.000000 
0.474634 0.000000 
-1.211769 0.000000 
0.165882 0.000000 
-0.283282 -0.000000 
0.171320 0.000000 
-0.206961 0.000000 
-0.319137 -0.000000 
0.253959 0.000000 
-0.250170 0.000000 
0.081052 0.000000 
-0.889372 0.000000 
0.315894 0.000000 
-0.883653 0.000000 
-0.303653 -0.000000 
0.026195 0.000000 
-0.785526 0.000000 
-0.423550 -0.000000 
-0.009351 0.000000 
0.181356 0.000000 
0.316184 0.000000 
0.657673 0.000000 
-0.363907 0.000000 
-0.057369 0.000000 
-0.158810 0.000000 
-0.136200 0.000000 
-0.171610 0.000000 
0.022524 -0.000000 
0.086195 0.000000 
-0.582925 0.000000 
-0.102113 0.000000 
0.218002 -0.000000 
0.462710 0.000000 
0.504634 0.000000 
-0.572515 0.000000 
0.545361 0.000000 
-0.031654 -0.000000 
0.246005 0.000000 
-0.290315 0.000000 
-0.102550 0.000000 
-0.167851 0.000000 
0.221785 0.000000 
0.298827 0.000000 
0.032158 -0.000000 
-0.511618 0.000000 
0.015445 0.000000 
-0.347547 0.000000 
0.003589 0.000000 
-0.994463 0.000000 
0.015261 -0.000000 
0.235943 0.000000 
-0.152243 0.000000 
0.489544 0.000000 
0.525427 0.000000 
-0.255175 -0.000000 
0.158298 0.000000 
-0.528886 0.000000 
-0.245736 -0.000000 
-0.082841 0.000000 
-0.249657 0.000000 
-0.788708 0.000000 
