-2.343437 2.343437 
0.000000 0.500000 0.001817 
0.000000 0.000000 0.000000 

-0.015985 0.000000 
-0.535405 -0.000000 
0.184420 -0.000000 
0.250848 0.000000 
0.430816 0.000000 
-0.013924 0.000000 
-0.744067 -0.000000 
0.608507 0.000000 
0.514931 -0.000000 
-0.110119 0.000000 
-0.457649 0.000000 
0.072514 0.000000 
0.028612 0.000000 
-0.437402 0.000000 
0.211441 0.000000 
-0.254801 0.000000 
0.096715 0.000000 
0.407024 -0.000000 
-0.332565 0.000000 
0.202971 0.000000 
-0.559488 0.000000 
-0.793221 0.000000 
0.067421 -0.000000 
-0.663542 0.000000 
0.431148 0.000000 
0.351073 0.000000 
0.402339 0.000000 
0.381700 0.000000 
0.822081 0.000000 
0.205167 0.000000 
-0.290063 -0.000000 
0.037348 -0.000000 
0.178899 0.000000 
-0.412853 0.000000 
0.228881 -0.000000 
-0.714818 0.000000 
-0.310801 0.000000 
-0.224719 0.000000 
-0.910875 -0.000000 
0.380830 0.000000 
-0.007443 0.000000 
-0.348969 0.000000 
-0.288762 0.000000 
0.529624 0.000000 
0.109158 0.000000 
1.310037 0.000000 
0.442321 0.000000 
0.220951 0.000000 
0.213983 -0.000000 
-0.144822 0.000000 
-0.568082 -0.000000 
0.391075 -0.000000 
-0.726397 -0.000000 
-0.346477 -0.000000 
-0.849918 -0.000000 
-0.466466 -0.000000 
0.288178 -0.000000 
0.673980 0.000000 
-0.013940 0.000000 
-0.483489 0.000000 
-0.091555 0.000000 
0.664382 0.000000 
-0.095726 0.000000 
0.320618 -0.000000 
-0.607613 0.000000 
0.046747 0.000000 
0.028816 0.000000 
0.146185 0.000000 
-0.380254 0.000000 
0.323424 0.000000 
-0.008998 0.000000 
-0.466247 0.000000 
0.074319 0.000000 
-0.453457 -0.000000 
0.453029 -0.000000 
-0.027527 -0.000000 
0.502175 -0.000000 
0.713579 0.000000 
-0.115421 0.000000 
-0.323179 0.000000 
-0.675921 0.000000 
-0.160449 0.000000 
0.623952 0.000000 
0.678665 -0.000000 
0.330030 0.000000 
0.195769 0.000000 
-0.174464 0.000000 
-0.573898 0.000000 
-0.381694 -0.000000 
-0.290000 0.000000 
0.093550 0.000000 
0.114115 0.000000 
-0.928741 0.000000 
-0.260932 -0.000000 
0.539938 0.000000 
0.064371 -0.000000 
0.199711 0.000000 
-0.010435 0.000000 
0.567879 0.000000 
0.437341 0.000000 
-1.088117 0.000000 
0.630890 -0.000000 
-0.129975 0.000000 
-0.681105 0.000000 
-0.647866 0.000000 
0.033388 -0.000000 
0.297955 0.000000 
0.333723 0.000000 
0.438014 0.000000 
-0.489344 0.000000 
1.036700 -0.000000 
0.299887 -0.000000 
-0.092096 0.000000 
0.317280 -0.000000 
0.499421 0.000000 
0.204469 0.000000 
-0.170449 0.000000 
0.142554 0.000000 
0.436333 0.000000 
0.555282 -0.000000 
0.859221 -0.000000 
0.052384 0.000000 
0.989873 -0.000000 
0.439323 0.000000 
-0.215197 0.000000 
0.425580 -0.000000 
-0.470906 0.000000 
0.357512 -0.000000 
-0.517725 0.000000 
-0.526460 0.000000 
0.025807 0.000000 
0.195578 -0.000000 
0.246694 0.000000 
-0.697572 0.000000 
-0.523471 0.000000 
0.570357 -0.000000 
0.442063 0.000000 
-0.046252 0.000000 
-1.541959 -0.000000 
0.141769 0.000000 
0.184109 0.000000 
-1.319391 0.000000 
0.280682 0.000000 
-0.197519 -0.000000 
0.366434 0.000000 
0.259786 0.000000 
-0.021240 -0.000000 
0.229240 -0.000000 
-0.126785 0.000000 
-0.051504 0.000000 
-0.466583 0.000000 
-0.275880 0.000000 
-1.302640 0.000000 
0.588962 0.000000 
-0.081404 0.000000 
-0.725643 0.000000 
0.131148 0.000000 
0.609854 0.000000 
-0.214700 0.000000 
-0.340509 0.000000 
0.103944 0.000000 
0.011035 0.000000 
0.010527 0.000000 
0.029802 0.000000 
-0.222697 0.000000 
0.161224 0.000000 
0.050253 -0.000000 
-0.089106 0.000000 
0.054976 0.000000 
-1.140186 0.000000 
0.125778 0.000000 
0.494921 0.000000 
0.165493 0.000000 
0.297650 0.000000 
0.171412 0.000000 
-0.325846 -0.000000 
-0.749570 -0.000000 
0.306667 0.000000 
0.244911 -0.000000 
-0.260459 -0.000000 
0.665106 -0.000000 
0.139397 0.000000 
0.084420 0.000000 
-0.844622 0.000000 
-0.194653 0.000000 
0.857944 -0.000000 
1.092286 0.000000 
-0.131441 -0.000000 
-0.216303 0.000000 
0.156737 0.000000 
0.591133 -0.000000 
-0.431004 0.000000 
-0.169016 0.000000 
-0.072307 0.000000 
0.459464 0.000000 
-0.318554 0.000000 
0.223095 0.000000 
0.202038 0.000000 
-0.381536 0.000000 
0.057962 0.000000 
0.222157 -0.000000 
-0.439971 -0.000000 
0.383734 -0.000000 
0.037749 0.000000 
-0.385874 0.000000 
-0.226103 0.000000 
-0.215145 -0.000000 
-0.390917 0.000000 
0.666677 -0.000000 
0.117313 0.000000 
-0.247419 0.000000 
-0.830283 -0.000000 
0.619530 0.000000 
0.446880 -0.000000 
-0.144264 0.000000 
-0.020514 0.000000 
-0.156158 -0.000000 
0.195051 0.000000 
0.366545 0.000000 
0.087280 0.000000 
0.158797 0.000000 
-0.375272 0.000000 
-0.001848 0.000000 
0.176462 0.000000 
-0.023699 0.000000 
0.442949 0.000000 
-0.327855 0.000000 
0.038640 -0.000000 
0.345391 0.000000 
0.510469 0.000000 
0.170889 0.000000 
0.093017 -0.000000 
0.336486 0.000000 
-0.632803 -0.000000 
0.002482 0.000000 
0.313621 0.000000 
-0.452450 0.000000 
0.718674 0.000000 
0.036994 0.000000 
-0.215859 0.000000 
0.506332 -0.000000 
-0.462269 0.000000 
-0.449335 0.000000 
0.378999 -0.000000 
0.627519 -0.000000 
-0.755922 -0.000000 
-0.234910 -0.000000 
0.009466 0.000000 
-0.409961 0.000000 
0.364580 0.000000 
0.110591 0.000000 
-0.204964 0.000000 
0.385072 0.000000 
-0.184032 -0.000000 
-1.041696 -0.000000 
0.793546 0.000000 
-0.147848 0.000000 
-0.108992 0.000000 
0.929914 0.000000 
0.823936 -0.000000 
-0.027748 0.000000 
0.231311 0.000000 
0.023713 0.000000 
-0.146360 0.000000 
0.438859 -0.000000 
0.590841 0.000000 
0.383095 -0.000000 
0.539661 -0.000000 
-0.083619 0.000000 
-0.217182 0.000000 
0.716016 -0.000000 
-0.439531 0.000000 
0.004788 -0.000000 
0.311417 0.000000 
-0.443879 0.000000 
-0.911129 -0.000000 
0.342450 -0.000000 
-0.330138 0.000000 
-0.224221 0.000000 
-0.592499 0.000000 
-0.497557 0.000000 
0.262416 0.000000 
-0.444001 0.000000 
0.554851 0.000000 
0.521902 0.000000 
0.499513 0.000000 
0.522992 0.000000 
-0.026658 -0.000000 
-0.468926 0.000000 
0.441696 -0.000000 
0.062420 0.000000 
-0.434917 0.000000 
-0.902199 0.000000 
-0.087218 -0.000000 
0.153348 0.000000 
0.911285 0.000000 
0.404940 -0.000000 
0.304567 -0.000000 
-0.125043 0.000000 
-0.075066 0.000000 
-0.307793 0.000000 
-0.053428 0.000000 
0.428875 0.000000 
0.311142 -0.000000 
0.294397 -0.000000 
-0.315588 -0.000000 
0.094573 -0.000000 
-0.640144 0.000000 
-0.054001 -0.000000 
0.163120 -0.000000 
0.143931 0.000000 
-0.319592 0.000000 
-0.198032 0.000000 
0.582774 0.000000 
-0.517675 -0.000000 
0.440574 0.000000 
-0.318573 0.000000 
-0.511522 0.000000 
-0.294701 0.000000 
0.580481 -0.000000 
0.139378 0.000000 
-0.644603 0.000000 
-0.361871 0.000000 
0.411783 0.000000 
0.716777 0.000000 
1.178949 0.000000 
0.227995 0.000000 
-0.292550 0.000000 
-0.888811 -0.000000 
0.380214 -0.000000 
-0.650011 0.000000 
-0.132386 -0.000000 
0.438423 -0.000000 
-0.610865 -0.000000 
0.257457 -0.000000 
-0.462932 0.000000 
0.367412 0.000000 
0.431813 -0.000000 
-0.325221 0.000000 
0.364657 0.000000 
0.669963 0.000000 
0.094100 0.000000 
-0.341841 0.000000 
0.061779 -0.000000 
0.798892 0.000000 
-0.950921 0.000000 
-0.461397 0.000000 
0.475591 -0.000000 
0.134235 0.000000 
-0.426126 0.000000 
-0.407019 0.000000 
1.369307 0.000000 
-1.181767 0.000000 
-0.533130 -0.000000 
0.179979 -0.000000 
-0.673743 0.000000 
-0.114722 0.000000 
-0.153188 0.000000 
-0.881792 0.000000 
-0.350694 0.000000 
-0.072696 -0.000000 
-0.250283 0.000000 
0.578721 0.000000 
0.737593 0.000000 
-0.561061 0.000000 
-0.028868 0.000000 
1.055586 0.000000 
-0.456782 -0.000000 
0.494053 -0.000000 
-1.159476 -0.000000 
1.064932 -0.000000 
-0.854762 0.000000 
-0.390555 -0.000000 
0.016943 0.000000 
-0.516013 -0.000000 
0.214631 -0.000000 
0.763362 -0.000000 
0.689247 -0.000000 
-0.087289 0.000000 
-0.204969 0.000000 
-0.523566 0.000000 
0.444282 0.000000 
-0.637284 0.000000 
0.093309 0.000000 
-0.531929 0.000000 
-0.614093 0.000000 
-0.088001 -0.000000 
0.735967 0.000000 
-0.152611 0.000000 
-0.137401 -0.000000 
-0.435756 0.000000 
-0.291186 0.000000 
-0.009512 0.000000 
0.025226 -0.000000 
-0.230394 0.000000 
-0.211592 0.000000 
-0.275541 0.000000 
-0.667564 -0.000000 
0.259580 -0.000000 
0.270908 0.000000 
0.602404 0.000000 
-0.184430 0.000000 
-0.641646 0.000000 
-0.803972 0.000000 
0.900119 -0.000000 
0.052834 0.000000 
-0.653431 0.000000 
0.486981 0.000000 
0.277292 0.000000 
0.194305 0.000000 
0.051470 0.000000 
0.177459 0.000000 
0.427207 0.000000 
0.507574 -0.000000 
-0.300347 0.000000 
-0.311301 0.000000 
-0.331071 0.000000 
0.259234 0.000000 
0.210779 -0.000000 
-0.530141 0.000000 
0.735008 0.000000 
-0.438040 0.000000 
-0.389039 0.000000 
0.345511 -0.000000 
-0.452341 0.000000 
0.644625 -0.000000 
0.670934 0.000000 
-0.472385 -0.000000 
-0.343067 -0.000000 
-0.224885 0.000000 
0.679811 0.000000 
-0.434859 0.000000 
-0.395222 0.000000 
-0.456611 0.000000 
-0.168713 0.000000 
-0.429107 0.000000 
-0.523070 0.000000 
0.155367 -0.000000 
-0.326356 0.000000 
0.755493 0.000000 
-0.317089 0.000000 
0.146081 0.000000 
0.534989 0.000000 
-0.920766 0.000000 
0.395174 0.000000 
0.559776 0.000000 
-0.172784 0.000000 
0.061291 0.000000 
-0.186607 0.000000 
-0.238013 0.000000 
-0.832004 -0.000000 
-0.600409 -0.000000 
-0.383587 -0.000000 
-0.267361 0.000000 
-0.264365 0.000000 
-0.076141 0.000000 
0.311515 0.000000 
0.043070 0.000000 
-0.074590 0.000000 
-0.324815 -0.000000 
-0.487108 0.000000 
0.356909 0.000000 
0.145810 0.000000 
0.193850 -0.000000 
0.807329 0.000000 
0.005008 0.000000 
0.128412 0.000000 
-0.315393 0.000000 
-0.056513 0.000000 
-0.191630 -0.000000 
0.309100 -0.000000 
-0.661098 0.000000 
-0.223509 -0.000000 
0.400495 0.000000 
-1.041700 0.000000 
0.628451 0.000000 
0.920989 0.000000 
0.276257 0.000000 
0.986011 0.000000 
-0.458898 0.000000 
0.069847 -0.000000 
-1.169967 0.000000 
-1.377215 0.000000 
-0.088387 0.000000 
0.212380 0.000000 
0.389674 0.000000 
0.120995 0.000000 
1.102001 0.000000 
-0.519385 0.000000 
0.593631 -0.000000 
-0.624578 -0.000000 
1.000478 -0.000000 
-0.373014 -0.000000 
-0.029938 0.000000 
-0.388381 -0.000000 
0.118787 0.000000 
-0.602608 0.000000 
0.331751 0.000000 
0.343344 0.000000 
0.442252 0.000000 
-0.933884 0.000000 
0.802290 0.000000 
0.769558 0.000000 
-0.737349 0.000000 
0.017240 0.000000 
-0.567188 0.000000 
-0.083537 -0.000000 
-0.883375 0.000000 
-0.216859 -0.000000 
-0.157243 0.000000 
0.708969 0.000000 
-0.252998 0.000000 
-0.246531 0.000000 
-0.023961 0.000000 
0.237669 0.000000 
0.677851 0.000000 
1.276411 0.000000 
-0.718707 0.000000 
-0.193359 0.000000 
0.329046 0.000000 
0.685959 0.000000 
-0.973561 -0.000000 
-0.430937 -0.000000 
0.811098 0.000000 
0.480032 0.000000 
-0.853400 0.000000 
-0.021451 0.000000 
0.836659 -0.000000 
0.061606 0.000000 
0.265988 -0.000000 
-0.205544 0.000000 
0.219805 -0.000000 
0.067747 0.000000 
0.434881 0.000000 
-0.042922 0.000000 
0.108698 -0.000000 
-0.297060 0.000000 
1.045861 0.000000 
-0.214998 -0.000000 
-0.607468 -0.000000 
0.191620 0.000000 
-0.470735 0.000000 
-0.029352 -0.000000 
-0.277889 0.000000 
0.074691 -0.000000 
0.243103 0.000000 
0.417032 -0.000000 
0.371131 0.000000 
-0.091501 0.000000 
-0.110906 -0.000000 
0.131587 -0.000000 
-0.009771 0.000000 
-0.404556 0.000000 
1.250875 0.000000 
0.165002 -0.000000 
-1.058673 0.000000 
-0.353347 -0.000000 
0.163158 -0.000000 
-0.305981 0.000000 
0.028446 -0.000000 
0.057489 -0.000000 
0.190114 -0.000000 
0.394428 -0.000000 
-0.498307 -0.000000 
0.361166 0.000000 
0.341161 0.000000 
-0.372047 0.000000 
-0.296867 0.000000 
0.233434 -0.000000 
-1.094804 0.000000 
-0.279499 0.000000 
0.030936 -0.000000 
-0.423103 0.000000 
-0.141978 0.000000 
-0.025882 0.000000 
0.342188 0.000000 
0.162019 -0.000000 
0.278584 0.000000 
-0.285530 0.000000 
-0.401085 0.000000 
-0.417957 -0.000000 
0.781574 0.000000 
-0.423106 0.000000 
0.473252 -0.000000 
-0.049216 -0.000000 
0.657429 0.000000 
0.044777 0.000000 
-0.150974 0.000000 
-0.419138 0.000000 
0.685959 0.000000 
0.260239 -0.000000 
0.756585 0.000000 
0.207941 0.000000 
0.478183 -0.000000 
-0.255389 0.000000 
-0.170401 0.000000 
-0.197861 -0.000000 
-0.257541 0.000000 
0.990088 -0.000000 
0.652881 0.000000 
-0.210088 0.000000 
0.487659 -0.000000 
-0.552681 0.000000 
-0.069604 -0.000000 
0.284252 -0.000000 
-0.352080 0.000000 
0.339182 0.000000 
-0.265218 -0.000000 
0.486513 0.000000 
0.350632 -0.000000 
1.425782 0.000000 
0.017030 0.000000 
-0.135336 -0.000000 
-0.744299 -0.000000 
0.850028 0.000000 
-0.273994 -0.000000 
-0.579389 -0.000000 
0.989179 0.000000 
-0.682909 0.000000 
0.380985 0.000000 
0.138967 0.000000 
-0.207815 0.000000 
-0.581326 0.000000 
0.077623 -0.000000 
-0.321859 0.000000 
0.072928 0.000000 
-0.368209 -0.000000 
-0.942196 0.000000 
-0.073285 0.000000 
-0.573320 -0.000000 
0.417844 0.000000 
-0.018109 0.000000 
-0.366249 0.000000 
-0.239373 -0.000000 
-0.101988 0.000000 
0.723988 0.000000 
0.636229 0.000000 
0.599000 0.000000 
0.387905 -0.000000 
-0.140015 0.000000 
-0.557067 0.000000 
-0.200613 0.000000 
-0.116820 -0.000000 
-0.085880 0.000000 
-0.376260 -0.000000 
0.244298 0.000000 
0.801752 0.000000 
0.500861 0.000000 
0.095493 0.000000 
-0.276622 0.000000 
-0.218003 0.000000 
-0.421646 -0.000000 
-0.116880 0.000000 
-0.273555 -0.000000 
-0.041538 0.000000 
0.186722 0.000000 
0.514629 -0.000000 
0.086427 0.000000 
0.391861 0.000000 
0.546179 0.000000 
-0.532345 0.000000 
0.267894 -0.000000 
-0.788199 0.000000 
-0.857522 0.000000 
0.912856 0.000000 
-0.928281 0.000000 
0.371242 0.000000 
-1.118369 0.000000 
-0.417408 0.000000 
-0.152772 -0.000000 
-0.469742 0.000000 
-0.032503 0.000000 
-0.889144 0.000000 
0.276611 -0.000000 
0.087104 0.000000 
-0.200589 0.000000 
-0.135995 0.000000 
-0.492240 0.000000 
-0.177637 0.000000 
0.114644 0.000000 
-0.377689 0.000000 
0.395076 0.000000 
-0.407214 -0.000000 
-0.003210 0.000000 
-0.637036 0.000000 
-0.603245 -0.000000 
0.560968 0.000000 
-0.911969 0.000000 
-0.557043 0.000000 
0.165548 0.000000 
0.243007 -0.000000 
-0.305764 0.000000 
0.552750 0.000000 
0.808418 -0.000000 
-0.314345 0.000000 
-0.302922 0.000000 
0.318009 -0.000000 
0.453491 0.000000 
0.200040 -0.000000 
0.160698 -0.000000 
0.280053 0.000000 
-0.897044 0.000000 
-0.288086 0.000000 
0.343272 -0.000000 
0.213078 0.000000 
-0.305634 -0.000000 
-0.151247 0.000000 
0.244321 0.000000 
-0.203953 0.000000 
-0.757915 0.000000 
-0.072552 -0.000000 
-0.310545 0.000000 
-0.041305 0.000000 
-0.342142 -0.000000 
-0.324188 0.000000 
0.556645 -0.000000 
-0.954104 0.000000 
-0.193153 -0.000000 
0.683524 -0.000000 
-0.485940 0.000000 
-0.002866 -0.000000 
-0.389406 -0.000000 
0.407018 0.000000 
0.040262 0.000000 
0.556959 0.000000 
-0.443492 -0.000000 
0.224780 0.000000 
-0.092773 0.000000 
-0.063908 0.000000 
-0.216365 0.000000 
0.298660 -0.000000 
0.603862 0.000000 
-0.236695 0.000000 
-0.450653 0.000000 
0.053333 0.000000 
0.408721 -0.000000 
-0.218929 -0.000000 
0.071107 0.000000 
-0.264572 -0.000000 
0.465483 0.000000 
0.271746 0.000000 
-0.263779 0.000000 
-0.146101 0.000000 
-0.219448 -0.000000 
-0.970958 -0.000000 
0.933410 0.000000 
-0.575769 -0.000000 
-0.897698 0.000000 
1.020998 0.000000 
-1.032751 0.000000 
0.176690 -0.000000 
0.199032 0.000000 
0.763775 -0.000000 
0.345338 -0.000000 
0.015231 0.000000 
0.301071 0.000000 
0.451486 0.000000 
0.095833 -0.000000 
-0.596378 0.000000 
-0.217136 -0.000000 
-0.480711 0.000000 
-0.394151 0.000000 
0.575379 0.000000 
-0.286834 -0.000000 
0.122204 0.000000 
0.672718 -0.000000 
-0.220875 0.000000 
-0.432218 0.000000 
0.573914 0.000000 
-0.223969 0.000000 
0.217829 -0.000000 
0.597045 0.000000 
-0.960756 0.000000 
-0.569840 0.000000 
0.231336 0.000000 
-0.094694 0.000000 
-0.146128 0.000000 
-0.245934 0.000000 
0.143162 0.000000 
0.739832 -0.000000 
-0.233008 0.000000 
0.340443 0.000000 
0.565332 0.000000 
-0.325723 0.000000 
0.890895 0.000000 
-0.301789 0.000000 
0.010822 0.000000 
-0.590648 -0.000000 
-0.100962 -0.000000 
0.230804 -0.000000 
0.288667 0.000000 
0.396244 0.000000 
-0.276778 0.000000 
-0.326964 0.000000 
1.255904 0.000000 
0.529325 0.000000 
0.227970 -0.000000 
-0.012934 0.000000 
0.458810 0.000000 
-0.239629 0.000000 
-0.153223 0.000000 
0.133411 -0.000000 
-0.095671 -0.000000 
0.370437 0.000000 
0.196017 -0.000000 
-0.309375 0.000000 
0.847727 -0.000000 
0.127499 0.000000 
0.468806 0.000000 
-0.249805 -0.000000 
-0.333747 0.000000 
0.246437 0.000000 
0.066072 0.000000 
-0.064212 0.000000 
-0.627893 -0.000000 
-0.435567 0.000000 
-0.312705 0.000000 
0.157903 0.000000 
-0.190951 0.000000 
0.086013 -0.000000 
-0.574026 0.000000 
0.656769 0.000000 
-0.817422 0.000000 
-0.008488 0.000000 
-0.592363 0.000000 
-0.079344 0.000000 
0.136861 0.000000 
-0.201114 0.000000 
-0.247484 0.000000 
-0.253438 0.000000 
-0.431073 -0.000000 
0.056859 0.000000 
0.246921 0.000000 
-0.183950 0.000000 
-1.071710 -0.000000 
-0.314127 -0.000000 
0.205693 0.000000 
-0.305752 -0.000000 
-1.210067 0.000000 
0.835398 0.000000 
-0.577197 -0.000000 
0.083971 0.000000 
0.563793 -0.000000 
-0.183285 0.000000 
-0.237601 -0.000000 
0.142476 0.000000 
-1.179083 0.000000 
0.376468 0.000000 
0.489947 0.000000 
-0.330660 0.000000 
0.845445 -0.000000 
0.132272 0.000000 
-0.388227 0.000000 
0.608927 0.000000 
0.232759 0.000000 
0.440737 -0.000000 
0.326931 0.000000 
-0.011921 0.000000 
0.190633 0.000000 
0.296895 0.000000 
0.065610 0.000000 
0.045587 0.000000 
-0.075634 0.000000 
-0.244776 0.000000 
0.440330 0.000000 
-0.222651 0.000000 
0.046844 -0.000000 
0.705146 0.000000 
0.932761 -0.000000 
-0.252692 0.000000 
0.588844 0.000000 
-0.733230 0.000000 
0.508393 0.000000 
-0.230000 0.000000 
-0.317522 0.000000 
0.651244 0.000000 
0.023392 0.000000 
0.044175 -0.000000 
-0.192559 -0.000000 
-0.336864 0.000000 
0.305362 -0.000000 
-0.261999 -0.000000 
0.239372 0.000000 
-0.202227 -0.000000 
0.175676 0.000000 
-0.221240 0.000000 
-0.683060 0.000000 
0.421006 0.000000 
0.695581 -0.000000 
0.508667 0.000000 
0.461909 -0.000000 
0.568288 -0.000000 
-0.242547 0.000000 
-0.406634 0.000000 
-0.633944 -0.000000 
-0.418022 0.000000 
0.210742 0.000000 
-0.690953 -0.000000 
-0.467755 -0.000000 
0.766466 -0.000000 
-0.014802 -0.000000 
0.039657 0.000000 
-0.209895 0.000000 
-0.424429 -0.000000 
0.025238 0.000000 
0.541590 -0.000000 
-0.433049 -0.000000 
0.049302 0.000000 
-0.504999 -0.000000 
0.278689 0.000000 
0.361532 0.000000 
-0.408418 0.000000 
-0.767582 0.000000 
-0.909492 -0.000000 
-0.304325 0.000000 
-0.507437 0.000000 
0.587159 0.000000 
0.416252 -0.000000 
-0.218635 -0.000000 
0.519793 0.000000 
-0.966355 0.000000 
0.272766 -0.000000 
-0.425417 0.000000 
0.521660 0.000000 
0.467420 -0.000000 
0.226773 -0.000000 
-1.035523 0.000000 
0.016566 -0.000000 
0.627195 -0.000000 
-0.361085 0.000000 
1.438570 0.000000 
0.183620 -0.000000 
0.511958 0.000000 
0.812208 -0.000000 
-0.392874 -0.000000 
-0.096494 -0.000000 
0.230680 0.000000 
0.072032 0.000000 
0.145975 0.000000 
-0.371577 0.000000 
-0.424262 0.000000 
-0.718025 -0.000000 
0.440524 0.000000 
0.156041 -0.000000 
0.464994 0.000000 
0.173893 0.000000 
0.114555 -0.000000 
0.109177 0.000000 
0.101150 0.000000 
-0.015304 -0.000000 
-0.320260 0.000000 
0.570035 0.000000 
0.374928 0.000000 
0.378452 -0.000000 
-0.241744 0.000000 
0.937215 0.000000 
0.629821 0.000000 
0.197411 0.000000 
0.368532 0.000000 
-0.452217 0.000000 
0.489455 0.000000 
-0.073638 0.000000 
-0.497799 0.000000 
-0.218031 0.000000 
0.554535 -0.000000 
0.141196 0.000000 
-1.222130 0.000000 
1.313260 0.000000 
-0.179428 0.000000 
-0.118729 -0.000000 
-0.013397 -0.000000 
-0.026634 0.000000 
0.763909 0.000000 
-0.205492 0.000000 
-0.800140 0.000000 
0.224694 0.000000 
0.094195 0.000000 
-0.682813 0.000000 
-0.073187 0.000000 
0.461576 -0.000000 
0.159887 0.000000 
0.097033 -0.000000 
-0.116948 0.000000 
-0.137513 0.000000 
-0.063770 -0.000000 
0.369768 0.000000 
0.120123 -0.000000 
-0.612236 0.000000 
0.103826 0.000000 
0.237051 0.000000 
-0.495164 0.000000 
0.374150 0.000000 
0.810938 -0.000000 
-0.681758 0.000000 
-0.918755 0.000000 
-0.353419 -0.000000 
-0.930365 -0.000000 
-0.145834 0.000000 
1.199636 0.000000 
0.241198 0.000000 
0.842276 0.000000 
-0.027674 0.000000 
-0.614199 0.000000 
-0.506879 0.000000 
-0.013153 -0.000000 
0.132807 -0.000000 
-0.319070 0.000000 
1.056158 0.000000 
-0.629127 -0.000000 
0.282289 0.000000 
-0.089800 0.000000 
-0.188852 0.000000 
-0.419585 -0.000000 
-1.168805 -0.000000 
0.116055 0.000000 
0.952866 -0.000000 
0.295374 0.000000 
-0.073220 -0.000000 
-0.871705 0.000000 
0.555431 0.000000 
-0.590069 0.000000 
0.041021 0.000000 
0.512520 0.000000 
-0.252152 0.000000 
0.091695 -0.000000 
-0.363109 0.000000 
0.596104 -0.000000 
-0.303922 0.000000 
-0.017377 -0.000000 
-0.472396 0.000000 
0.157538 -0.000000 
-0.341910 -0.000000 
0.282670 -0.000000 
-0.651443 0.000000 
0.641962 0.000000 
0.139857 0.000000 
-0.932282 -0.000000 
-0.691497 0.000000 
-0.346897 0.000000 
-0.926278 -0.000000 
-0.024163 0.000000 
0.031175 0.000000 
-0.632043 0.000000 
0.199322 0.000000 
-0.757611 -0.000000 
0.006841 0.000000 
-0.343008 0.000000 
-0.261613 -0.000000 
-0.235599 0.000000 
0.617623 0.000000 
-0.062667 0.000000 
-0.090042 0.000000 
0.738989 -0.000000 
-0.817572 0.000000 
0.838558 0.000000 
0.591736 -0.000000 
-0.501953 -0.000000 
-0.131804 0.000000 
0.005601 0.000000 
0.001485 0.000000 
-0.223431 -0.000000 
-0.158483 -0.000000 
0.222894 0.000000 
0.791091 0.000000 
-0.238850 -0.000000 
0.580305 0.000000 
0.149685 -0.000000 
-0.230772 0.000000 
-0.058759 0.000000 
-0.180115 0.000000 
0.046074 -0.000000 
0.234970 -0.000000 
-0.336629 -0.000000 
-0.954893 -0.000000 
-0.768211 0.000000 
-0.499650 -0.000000 
0.036969 -0.000000 
-0.276590 0.000000 
0.485493 0.000000 
0.912908 0.000000 
0.071026 0.000000 
0.541656 0.000000 
0.825906 0.000000 
0.020620 -0.000000 
-0.012313 0.000000 
0.568455 0.000000 
0.169131 -0.000000 
0.615515 -0.000000 
0.368469 -0.000000 
1.110604 0.000000 
0.837177 0.000000 
-0.253769 0.000000 
-0.021235 0.000000 
1.274872 0.000000 
0.139320 0.000000 
0.653022 -0.000000 
-0.482824 0.000000 
1.208825 -0.000000 
1.084533 0.000000 
0.487549 0.000000 
0.409072 0.000000 
0.117563 0.000000 
0.598997 0.000000 
0.229201 0.000000 
-0.461102 -0.000000 
-0.634107 0.000000 
-0.075649 -0.000000 
0.776043 -0.000000 
-0.441344 -0.000000 
0.103086 0.000000 
0.535888 -0.000000 
0.060983 0.000000 
-0.051120 0.000000 
1.059978 -0.000000 
-0.180165 -0.000000 
-0.116663 0.000000 
0.380830 -0.000000 
0.244989 0.000000 
-1.083881 0.000000 
-0.793490 0.000000 
0.440970 0.000000 
1.142913 0.000000 
0.031154 0.000000 
0.451059 0.000000 
-0.123451 -0.000000 
0.421050 -0.000000 
-0.106600 0.000000 
0.267749 0.000000 
-0.502515 0.000000 
-0.403515 0.000000 
-0.051677 0.000000 
-0.189868 0.000000 
-0.249980 0.000000 
0.997761 0.000000 
0.022740 0.000000 
-0.205227 0.000000 
0.625109 0.000000 
0.686116 0.000000 
-0.095601 0.000000 
-0.064714 0.000000 
-0.152554 -0.000000 
0.114937 0.000000 
0.565059 0.000000 
1.177052 -0.000000 
0.140421 0.000000 
0.723640 0.000000 
-0.131156 -0.000000 
-0.037480 0.000000 
0.327343 -0.000000 
0.071659 0.000000 
-0.131973 0.000000 
-0.472205 -0.000000 
-0.621612 -0.000000 
-0.031786 -0.000000 
-0.559256 0.000000 
0.454853 -0.000000 
0.131616 0.000000 
-0.398660 0.000000 
0.504857 -0.000000 
-0.224576 -0.000000 
-0.084872 0.000000 
-0.262340 0.000000 
0.179265 -0.000000 
0.481549 -0.000000 
0.269668 0.000000 
-0.246917 0.000000 
0.327469 0.000000 
0.298783 0.000000 
-0.504947 0.000000 
-0.412051 0.000000 
0.422241 0.000000 
-0.236053 0.000000 
0.646208 0.000000 
0.209014 0.000000 
-0.336712 0.000000 
0.432935 -0.000000 
0.530472 -0.000000 
-0.023234 0.000000 
0.895326 -0.000000 
0.084801 0.000000 
-0.283249 -0.000000 
-0.453267 0.000000 
-0.844679 -0.000000 
0.010758 0.000000 
-0.111694 0.000000 
0.013978 0.000000 
-0.401284 0.000000 
0.226277 0.000000 
-0.330109 -0.000000 
0.085355 0.000000 
-0.068864 0.000000 
0.230751 0.000000 
0.480812 0.000000 
-0.978381 0.000000 
0.486401 0.000000 
-0.055433 0.000000 
-0.588562 0.000000 
-1.379918 -0.000000 
1.129937 0.000000 
-1.264944 0.000000 
-0.083913 0.000000 
0.270841 0.000000 
-0.641517 -0.000000 
-0.210275 0.000000 
0.103683 0.000000 
0.514942 0.000000 
-0.115307 0.000000 
0.512765 0.000000 
-0.967982 0.000000 
0.245166 0.000000 
-0.390744 -0.000000 
0.224116 -0.000000 
-0.443225 0.000000 
0.956445 0.000000 
1.027649 0.000000 
0.011106 0.000000 
-0.013885 -0.000000 
-0.507077 -0.000000 
0.441855 -0.000000 
-0.036226 -0.000000 
-0.019916 0.000000 
0.344359 0.000000 
0.640952 0.000000 
-0.472649 0.000000 
-0.108067 0.000000 
0.069679 0.000000 
-0.568456 0.000000 
0.069183 0.000000 
-0.435486 -0.000000 
0.113825 -0.000000 
-0.749923 0.000000 
0.213374 0.000000 
0.519940 0.000000 
0.587500 0.000000 
-0.057343 -0.000000 
0.664206 0.000000 
-0.255114 0.000000 
0.051857 0.000000 
-0.186799 -0.000000 
0.253754 -0.000000 
-0.377243 -0.000000 
-0.135221 -0.000000 
-0.262120 -0.000000 
-0.102673 0.000000 
-0.171307 -0.000000 
-0.431225 -0.000000 
-0.410333 0.000000 
-0.452606 -0.000000 
0.385095 0.000000 
0.786534 0.000000 
-0.854245 -0.000000 
0.196258 -0.000000 
0.201268 0.000000 
0.363963 -0.000000 
-1.246982 0.000000 
-0.676426 0.000000 
-0.060346 0.000000 
0.210680 -0.000000 
0.001583 -0.000000 
-0.411686 -0.000000 
0.480748 0.000000 
-0.369193 -0.000000 
-0.247674 0.000000 
-0.236050 -0.000000 
0.818263 0.000000 
0.838679 0.000000 
0.227750 0.000000 
-0.091755 0.000000 
0.798591 0.000000 
-0.403525 -0.000000 
-0.161463 0.000000 
-0.201715 -0.000000 
0.167723 -0.000000 
1.168444 0.000000 
0.191423 -0.000000 
-0.293960 0.000000 
-0.014682 0.000000 
-0.972179 -0.000000 
-0.215350 -0.000000 
-0.557587 0.000000 
-0.644816 0.000000 
0.125977 0.000000 
0.060381 0.000000 
-0.340281 -0.000000 
-0.783117 0.000000 
0.131214 0.000000 
-0.718264 0.000000 
-0.080712 0.000000 
-0.081863 0.000000 
-0.321476 -0.000000 
-0.008625 0.000000 
0.372569 0.000000 
-0.249428 -0.000000 
-0.145281 -0.000000 
-0.375755 0.000000 
-0.261979 0.000000 
0.196974 0.000000 
-0.078547 0.000000 
1.126037 -0.000000 
0.044100 -0.000000 
0.192117 0.000000 
0.405667 -0.000000 
1.548386 -0.000000 
-0.706258 0.000000 
-0.436576 0.000000 
-0.775849 0.000000 
0.267076 0.000000 
0.881638 0.000000 
-0.178114 0.000000 
-0.283337 -0.000000 
-0.126252 0.000000 
0.437153 0.000000 
-0.123620 0.000000 
0.648101 0.000000 
-0.383420 0.000000 
-0.043346 0.000000 
-0.735169 0.000000 
-0.016578 -0.000000 
-0.547369 -0.000000 
0.781473 -0.000000 
-0.114340 0.000000 
-0.501981 0.000000 
0.270939 0.000000 
-0.105835 0.000000 
-0.111653 0.000000 
-0.374746 0.000000 
-0.963073 0.000000 
-0.059894 -0.000000 
-0.309907 -0.000000 
0.308838 0.000000 
-0.234195 0.000000 
0.391080 -0.000000 
-0.275916 0.000000 
-0.170044 0.000000 
-0.234007 0.000000 
1.086219 0.000000 
-0.071806 0.000000 
-0.400207 0.000000 
-0.332513 0.000000 
0.134631 0.000000 
0.089396 -0.000000 
1.006943 0.000000 
-0.332679 0.000000 
-0.023786 0.000000 
-0.263992 0.000000 
0.504622 0.000000 
0.273679 0.000000 
-0.031864 -0.000000 
0.599936 0.000000 
0.458926 0.000000 
-0.098054 0.000000 
0.871276 0.000000 
-0.074961 -0.000000 
-0.897803 0.000000 
0.422096 0.000000 
-0.920458 0.000000 
-0.697036 -0.000000 
-0.882657 0.000000 
-0.138424 0.000000 
-0.795370 0.000000 
0.541151 0.000000 
0.503687 -0.000000 
-0.318857 -0.000000 
-0.774571 -0.000000 
-0.549236 0.000000 
-0.263299 0.000000 
0.910773 0.000000 
0.126254 0.000000 
0.171148 0.000000 
-0.427095 0.000000 
0.637439 -0.000000 
1.425152 0.000000 
-0.709604 0.000000 
-0.424452 0.000000 
-0.168047 0.000000 
0.027011 0.000000 
-0.586134 -0.000000 
-0.415974 0.000000 
-0.583455 -0.000000 
-0.077924 0.000000 
0.423697 0.000000 
0.193124 -0.000000 
0.776573 0.000000 
0.939662 0.000000 
-0.687929 0.000000 
0.259940 -0.000000 
-1.021456 0.000000 
-0.103584 0.000000 
-0.601772 0.000000 
-0.524650 0.000000 
-0.373210 0.000000 
0.650238 0.000000 
0.928612 0.000000 
-0.092980 -0.000000 
-0.382788 -0.000000 
-0.081437 -0.000000 
0.247917 -0.000000 
0.322206 -0.000000 
0.103150 0.000000 
0.258873 0.000000 
0.327495 0.000000 
0.146718 0.000000 
0.113253 0.000000 
-0.375604 -0.000000 
-0.358469 -0.000000 
0.261755 -0.000000 
0.770500 0.000000 
-0.407073 0.000000 
0.298425 -0.000000 
-0.177556 0.000000 
-0.455846 0.000000 
-0.343114 0.000000 
-0.005821 0.000000 
0.648687 -0.000000 
0.686166 0.000000 
0.443096 0.000000 
0.506606 -0.000000 
0.367966 0.000000 
0.114016 0.000000 
0.134037 0.000000 
-0.381665 -0.000000 
-0.161738 0.000000 
0.875809 -0.000000 
0.183291 0.000000 
-0.354771 0.000000 
0.526692 -0.000000 
-0.033066 0.000000 
0.374394 -0.000000 
-0.264213 -0.000000 
-0.276305 -0.000000 
0.077147 0.000000 
0.335163 -0.000000 
-0.146123 0.000000 
0.258254 0.000000 
0.282294 0.000000 
0.353576 -0.000000 
-0.067945 0.000000 
-0.215350 -0.000000 
0.182217 0.000000 
0.504872 -0.000000 
-0.395167 -0.000000 
0.174501 0.000000 
0.230702 0.000000 
0.785048 0.000000 
0.257023 0.000000 
0.277572 0.000000 
0.475005 0.000000 
1.057265 0.000000 
0.439110 -0.000000 
0.095348 -0.000000 
-0.413916 0.000000 
-0.115376 -0.000000 
-0.034648 0.000000 
0.625054 0.000000 
-0.667284 -0.000000 
-0.038998 0.000000 
0.063683 -0.000000 
-0.236148 -0.000000 
-0.044005 0.000000 
-0.678021 0.000000 
0.232490 -0.000000 
-0.699283 0.000000 
0.839131 -0.000000 
-0.309405 0.000000 
-0.871013 -0.000000 
-0.117554 0.000000 
-0.032431 0.000000 
0.294762 -0.000000 
0.465832 -0.000000 
-0.211094 0.000000 
-0.100422 0.000000 
0.946684 -0.000000 
-0.097670 -0.000000 
0.521270 -0.000000 
-0.062058 0.000000 
-0.805493 -0.000000 
-0.288494 0.000000 
0.063669 0.000000 
0.447602 0.000000 
-0.314996 -0.000000 
-0.523666 0.000000 
0.042289 0.000000 
-0.218526 -0.000000 
0.683911 -0.000000 
-0.299659 0.000000 
-0.683862 -0.000000 
0.536199 0.000000 
0.010466 -0.000000 
-0.003044 0.000000 
0.445680 -0.000000 
-0.014918 -0.000000 
-1.356505 0.000000 
0.252268 -0.000000 
-0.036068 0.000000 
0.295129 -0.000000 
0.123623 0.000000 
0.019405 0.000000 
-1.067224 0.000000 
0.462228 0.000000 
-0.153820 -0.000000 
-0.268090 0.000000 
0.035505 0.000000 
0.046057 -0.000000 
0.158887 -0.000000 
0.739526 -0.000000 
-0.219316 -0.000000 
0.017125 0.000000 
0.073497 0.000000 
0.077802 0.000000 
0.060463 -0.000000 
0.263246 0.000000 
-0.376474 0.000000 
-0.658481 -0.000000 
-0.564337 0.000000 
0.797759 0.000000 
0.504465 0.000000 
0.632939 -0.000000 
0.489101 0.000000 
0.110102 -0.000000 
-0.385412 0.000000 
0.447557 -0.000000 
-1.484369 0.000000 
-0.762095 0.000000 
-0.541454 0.000000 
0.270070 -0.000000 
0.082171 -0.000000 
-0.124841 0.000000 
0.266486 -0.000000 
0.403901 0.000000 
-0.477004 0.000000 
-0.655655 0.000000 
0.249814 0.000000 
0.466797 0.000000 
-0.425657 0.000000 
-1.107324 -0.000000 
-0.771153 -0.000000 
-0.359957 0.000000 
-0.460688 0.000000 
-0.519268 0.000000 
-0.554033 0.000000 
-0.376281 0.000000 
0.987855 0.000000 
-0.886291 -0.000000 
0.090107 0.000000 
0.759698 -0.000000 
-1.314051 -0.000000 
0.100076 0.000000 
-0.200011 -0.000000 
-0.122129 0.000000 
0.628057 0.000000 
-0.095120 0.000000 
0.242407 0.000000 
-0.909358 -0.000000 
-0.769578 -0.000000 
0.446577 -0.000000 
-0.079887 0.000000 
-0.147920 0.000000 
-0.171337 0.000000 
0.909368 -0.000000 
0.303900 0.000000 
-0.196131 0.000000 
-0.314917 0.000000 
0.086548 -0.000000 
0.715913 -0.000000 
0.177678 0.000000 
0.462204 -0.000000 
-0.038993 0.000000 
0.031592 0.000000 
-0.659481 -0.000000 
0.051046 -0.000000 
-1.410209 0.000000 
0.725535 0.000000 
0.229536 0.000000 
0.328939 0.000000 
-0.017442 -0.000000 
0.707848 0.000000 
0.487531 0.000000 
-0.598222 0.000000 
-0.339343 -0.000000 
-0.171027 0.000000 
-0.194222 0.000000 
-0.341389 -0.000000 
-0.025302 -0.000000 
-0.239538 0.000000 
-0.247222 -0.000000 
0.041029 0.000000 
0.042566 -0.000000 
0.101423 0.000000 
-0.012571 0.000000 
-0.737197 0.000000 
0.724521 0.000000 
-0.022709 0.000000 
-0.103902 -0.000000 
0.217991 0.000000 
0.059980 0.000000 
0.636217 0.000000 
-0.608376 0.000000 
-1.336578 0.000000 
-0.442777 -0.000000 
-0.232406 -0.000000 
0.404106 0.000000 
-0.093826 0.000000 
-0.090680 -0.000000 
0.135894 -0.000000 
0.478738 0.000000 
-0.160604 0.000000 
0.360423 0.000000 
-0.440905 -0.000000 
0.510039 0.000000 
0.011416 0.000000 
0.167770 0.000000 
0.603967 0.000000 
-0.192024 0.000000 
-0.869062 0.000000 
0.165036 0.000000 
-1.036818 0.000000 
-0.721432 0.000000 
0.507851 0.000000 
-0.428671 0.000000 
0.298759 0.000000 
-0.942153 0.000000 
0.049154 0.000000 
-0.568483 0.000000 
0.181468 0.000000 
-1.080114 0.000000 
-0.697729 0.000000 
-0.021562 -0.000000 
0.076325 0.000000 
-0.028323 -0.000000 
0.257968 0.000000 
-0.618207 0.000000 
0.309167 0.000000 
0.434546 0.000000 
0.255212 0.000000 
-0.260692 0.000000 
-0.761576 -0.000000 
-0.309630 0.000000 
-0.584567 0.000000 
-0.502793 0.000000 
-0.042793 -0.000000 
-0.119111 0.000000 
0.672012 0.000000 
-0.339736 -0.000000 
-0.204547 0.000000 
-0.218640 0.000000 
0.299784 0.000000 
0.034921 0.000000 
-0.209174 0.000000 
-0.602264 -0.000000 
-0.422238 0.000000 
-0.303592 0.000000 
0.369321 -0.000000 
-0.944636 -0.000000 
-0.511211 0.000000 
0.176754 0.000000 
-0.399419 0.000000 
-0.645894 0.000000 
0.246233 0.000000 
-0.747858 0.000000 
0.153343 0.000000 
-0.224479 0.000000 
-0.639633 0.000000 
0.084543 0.000000 
-0.494065 0.000000 
0.145635 0.000000 
-0.129733 -0.000000 
-0.072476 -0.000000 
0.264448 -0.000000 
0.079769 0.000000 
-0.152466 0.000000 
0.465790 0.000000 
0.425052 0.000000 
-0.309916 0.000000 
-0.183795 0.000000 
-0.215873 0.000000 
0.470240 0.000000 
0.379342 0.000000 
0.079024 0.000000 
-0.338183 0.000000 
1.224356 0.000000 
-0.469013 -0.000000 
-0.120708 -0.000000 
0.816893 0.000000 
0.831471 0.000000 
-0.435262 -0.000000 
0.192780 -0.000000 
0.263689 0.000000 
-0.129221 0.000000 
0.683730 0.000000 
0.630920 0.000000 
0.329399 -0.000000 
-0.402089 -0.000000 
0.164723 0.000000 
-0.293767 -0.000000 
-0.190802 0.000000 
-0.098877 -0.000000 
0.362342 -0.000000 
0.295237 0.000000 
0.336232 0.000000 
0.170600 0.000000 
0.158797 0.000000 
0.530322 -0.000000 
0.415190 0.000000 
-0.203312 0.000000 
0.882210 -0.000000 
-0.207980 -0.000000 
-0.884746 -0.000000 
-0.508001 0.000000 
-0.730271 0.000000 
0.898448 0.000000 
-0.427390 0.000000 
-0.468806 -0.000000 
0.272751 0.000000 
-0.077549 0.000000 
0.138168 0.000000 
1.143096 -0.000000 
0.436425 0.000000 
0.151576 -0.000000 
0.639370 0.000000 
-0.592530 0.000000 
0.373717 0.000000 
-0.333638 0.000000 
-0.741558 0.000000 
-0.307883 -0.000000 
0.550243 -0.000000 
-0.612493 0.000000 
0.234295 0.000000 
0.064293 0.000000 
-0.083564 -0.000000 
0.168978 0.000000 
0.248751 -0.000000 
-0.404009 0.000000 
0.320321 0.000000 
-0.487304 0.000000 
-0.122717 -0.000000 
0.213713 0.000000 
-0.163311 0.000000 
-0.445732 0.000000 
0.414220 -0.000000 
-0.428682 0.000000 
0.310147 0.000000 
0.138726 -0.000000 
0.972430 0.000000 
0.174919 0.000000 
0.110729 0.000000 
-1.811232 0.000000 
-0.006786 -0.000000 
0.555673 0.000000 
0.690994 0.000000 
-0.692515 0.000000 
0.650962 0.000000 
0.809741 0.000000 
0.087387 0.000000 
0.104106 0.000000 
0.242591 -0.000000 
-0.030227 0.000000 
-0.017365 -0.000000 
0.833547 0.000000 
0.206609 0.000000 
-0.341899 0.000000 
0.142709 0.000000 
-0.430064 0.000000 
0.197186 0.000000 
0.169368 0.000000 
0.063302 0.000000 
0.793252 0.000000 
0.738328 0.000000 
0.416265 -0.000000 
0.341273 0.000000 
-0.265410 -0.000000 
-0.351408 0.000000 
0.176306 -0.000000 
-0.056479 -0.000000 
-0.915325 0.000000 
0.521528 -0.000000 
0.705575 0.000000 
0.087666 0.000000 
-0.047020 0.000000 
-0.287271 -0.000000 
0.080316 0.000000 
0.059752 0.000000 
0.316026 0.000000 
-0.067870 -0.000000 
0.294366 0.000000 
-0.690072 -0.000000 
-0.289329 0.000000 
0.259796 0.000000 
-0.317101 -0.000000 
-0.456308 -0.000000 
-0.176410 -0.000000 
0.232408 -0.000000 
-0.120847 -0.000000 
0.687468 0.000000 
0.473756 0.000000 
0.118161 -0.000000 
-0.357692 0.000000 
0.957642 0.000000 
-0.894916 0.000000 
0.356102 0.000000 
0.269776 0.000000 
0.335659 -0.000000 
0.106362 -0.000000 
-0.759654 0.000000 
0.353997 -0.000000 
0.051462 0.000000 
-0.189835 0.000000 
-0.277409 0.000000 
1.024472 -0.000000 
-0.343852 0.000000 
-0.472328 -0.000000 
-0.307867 0.000000 
0.532740 -0.000000 
0.432589 0.000000 
-0.077531 0.000000 
0.498008 0.000000 
0.384380 0.000000 
0.065817 -0.000000 
-0.657991 -0.000000 
-0.329666 0.000000 
0.274210 0.000000 
-0.041583 0.000000 
-0.014786 0.000000 
-0.931931 0.000000 
-0.404892 0.000000 
0.396627 0.000000 
-0.365213 0.000000 
-0.440372 0.000000 
0.028164 0.000000 
0.367834 0.000000 
0.771748 0.000000 
-0.073822 0.000000 
-1.038461 -0.000000 
0.522686 0.000000 
-0.564950 0.000000 
0.196274 -0.000000 
-0.347296 -0.000000 
1.047428 -0.000000 
-0.667357 0.000000 
0.316800 0.000000 
-1.184092 0.000000 
-0.133182 0.000000 
0.429067 0.000000 
0.199026 -0.000000 
-0.027190 0.000000 
-0.499046 -0.000000 
0.547882 0.000000 
-0.243248 0.000000 
0.065232 -0.000000 
-0.464610 -0.000000 
0.145335 0.000000 
0.410910 0.000000 
0.591691 0.000000 
-0.232685 0.000000 
-0.566569 -0.000000 
-0.942430 -0.000000 
0.351822 0.000000 
-0.146301 -0.000000 
0.306715 -0.000000 
0.066330 0.000000 
0.096887 0.000000 
0.056798 0.000000 
-0.653489 0.000000 
0.813417 0.000000 
0.253015 -0.000000 
0.087685 0.000000 
0.159001 0.000000 
1.035629 0.000000 
-0.515122 0.000000 
0.208589 0.000000 
0.080422 0.000000 
0.435809 0.000000 
0.445251 0.000000 
0.350466 0.000000 
-0.984442 0.000000 
-0.102335 0.000000 
-0.527715 0.000000 
-0.755254 -0.000000 
0.579081 0.000000 
0.851154 0.000000 
-0.317841 0.000000 
-0.030363 -0.000000 
-0.150000 0.000000 
0.050644 0.000000 
-0.076916 -0.000000 
-0.544168 0.000000 
0.112769 0.000000 
-0.413783 0.000000 
0.486600 0.000000 
-0.185159 0.000000 
0.465244 0.000000 
0.014980 -0.000000 
-0.119883 0.000000 
-0.824234 0.000000 
0.211088 -0.000000 
-0.196427 -0.000000 
-0.213731 0.000000 
0.312679 -0.000000 
-0.109221 -0.000000 
-0.501735 0.000000 
-0.102170 0.000000 
0.264453 -0.000000 
0.198824 -0.000000 
0.247456 -0.000000 
0.522486 -0.000000 
0.786073 -0.000000 
0.796290 0.000000 
-0.117881 0.000000 
-0.255997 0.000000 
-0.916739 0.000000 
0.034308 -0.000000 
-0.089694 0.000000 
-0.494516 0.000000 
-0.433151 -0.000000 
-0.036653 0.000000 
-0.244801 -0.000000 
0.218978 0.000000 
0.028923 -0.000000 
-0.573851 0.000000 
0.091763 -0.000000 
-0.773528 0.000000 
-0.028522 0.000000 
0.051977 0.000000 
0.285327 0.000000 
0.272802 -0.000000 
0.894449 0.000000 
0.163497 0.000000 
-0.311984 0.000000 
-0.200005 -0.000000 
0.995358 0.000000 
-0.197639 -0.000000 
0.109289 0.000000 
0.521403 0.000000 
0.664639 0.000000 
-0.225343 -0.000000 
-0.189854 0.000000 
0.663991 0.000000 
1.371247 0.000000 
0.468896 -0.000000 
0.221119 -0.000000 
-0.120972 -0.000000 
0.039849 -0.000000 
0.122081 0.000000 
0.682348 0.000000 
0.062371 0.000000 
-0.874944 -0.000000 
0.522227 -0.000000 
0.015790 -0.000000 
0.174420 0.000000 
0.053103 0.000000 
0.138679 0.000000 
-0.366520 -0.000000 
-0.195989 0.000000 
-0.074312 0.000000 
-0.453685 0.000000 
-0.922590 -0.000000 
0.053987 0.000000 
0.570632 0.000000 
-0.536694 0.000000 
-1.071176 -0.000000 
-0.085806 -0.000000 
1.199158 0.000000 
-0.152268 0.000000 
-0.123743 -0.000000 
-0.270179 -0.000000 
0.160841 0.000000 
0.409998 0.000000 
0.122286 0.000000 
1.739069 0.000000 
0.820277 -0.000000 
0.623943 0.000000 
0.040008 0.000000 
-0.455722 -0.000000 
0.346429 0.000000 
0.432531 0.000000 
-0.157046 0.000000 
-0.516103 0.000000 
1.255133 0.000000 
-0.330510 -0.000000 
-0.327415 0.000000 
0.399369 -0.000000 
-0.466085 0.000000 
-0.166752 0.000000 
-0.053595 -0.000000 
-0.236353 0.000000 
-0.183780 0.000000 
-0.495387 0.000000 
-0.707703 0.000000 
-0.227006 0.000000 
0.311583 0.000000 
-0.015237 0.000000 
-0.433729 -0.000000 
-0.002893 0.000000 
0.642769 0.000000 
-0.236171 0.000000 
0.372368 0.000000 
0.722788 0.000000 
-0.818465 0.000000 
0.171877 -0.000000 
-0.191441 0.000000 
-0.443364 -0.000000 
0.521454 0.000000 
-0.548855 0.000000 
-0.451295 0.000000 
0.000897 -0.000000 
0.006119 -0.000000 
-0.201384 0.000000 
-0.319286 0.000000 
-0.918587 -0.000000 
-0.786170 0.000000 
0.297553 -0.000000 
-0.152958 0.000000 
0.100174 0.000000 
-0.589524 -0.000000 
0.011154 0.000000 
-1.010088 0.000000 
0.042226 0.000000 
-0.438120 0.000000 
-0.689912 -0.000000 
-0.560049 -0.000000 
0.658762 -0.000000 
-0.070210 0.000000 
0.668869 0.000000 
-0.404026 0.000000 
-0.537455 -0.000000 
-0.121823 0.000000 
0.018587 0.000000 
0.217920 -0.000000 
0.569675 0.000000 
-0.467828 0.000000 
-0.549717 0.000000 
0.244510 0.000000 
-1.491104 -0.000000 
-0.258000 0.000000 
0.670967 0.000000 
1.158213 0.000000 
0.225813 -0.000000 
-0.651508 0.000000 
0.438179 -0.000000 
-0.465842 0.000000 
-0.259885 0.000000 
-0.812383 0.000000 
-0.258788 0.000000 
-0.248596 -0.000000 
0.342064 -0.000000 
0.202259 0.000000 
-0.017865 0.000000 
0.474262 -0.000000 
-0.127759 0.000000 
-0.359808 0.000000 
-0.291813 0.000000 
-0.071847 0.000000 
-0.702976 -0.000000 
-0.078143 -0.000000 
0.392029 0.000000 
0.244981 -0.000000 
0.495780 0.000000 
-0.010141 0.000000 
-1.120378 0.000000 
0.025366 0.000000 
-0.711717 0.000000 
0.094480 0.000000 
-0.297395 0.000000 
-0.160456 0.000000 
0.168508 0.000000 
-0.025853 0.000000 
0.518449 0.000000 
-0.279697 0.000000 
0.291100 0.000000 
1.001897 0.000000 
-0.528255 0.000000 
-0.232904 -0.000000 
-0.443117 0.000000 
0.569754 -0.000000 
0.067104 -0.000000 
-0.331147 0.000000 
0.361808 0.000000 
0.093075 -0.000000 
0.129931 0.000000 
-0.000313 0.000000 
-0.739655 -0.000000 
-0.693882 -0.000000 
0.182737 -0.000000 
-0.423015 0.000000 
-0.183515 0.000000 
-0.209279 0.000000 
-0.369801 0.000000 
0.083995 0.000000 
0.588068 0.000000 
0.826138 0.000000 
-0.019876 0.000000 
-0.127791 -0.000000 
0.358918 -0.000000 
-0.131978 0.000000 
-0.211292 0.000000 
-0.242141 0.000000 
-0.485264 0.000000 
0.081041 0.000000 
-0.128654 0.000000 
0.401164 0.000000 
0.194254 -0.000000 
1.066506 0.000000 
0.352986 -0.000000 
-0.798053 -0.000000 
0.138360 0.000000 
-0.254501 -0.000000 
-0.428272 0.000000 
0.131146 0.000000 
-0.728691 0.000000 
-0.215526 0.000000 
0.194409 0.000000 
0.497748 -0.000000 
0.392820 0.000000 
0.776235 -0.000000 
-0.173621 0.000000 
0.663004 0.000000 
-0.143388 0.000000 
-0.031765 -0.000000 
-0.159856 0.000000 
-0.176778 -0.000000 
0.700804 0.000000 
0.536073 -0.000000 
-0.043363 -0.000000 
-0.550250 -0.000000 
0.049154 0.000000 
-0.072723 0.000000 
0.435033 0.000000 
0.054682 0.000000 
-0.416046 0.000000 
-0.276232 0.000000 
-0.598450 0.000000 
0.547316 0.000000 
-0.622059 -0.000000 
0.444448 -0.000000 
-0.339877 0.000000 
0.365074 0.000000 
-0.125432 -0.000000 
-0.193829 0.000000 
0.368260 0.000000 
-0.027790 0.000000 
0.751300 -0.000000 
0.165184 0.000000 
0.364764 0.000000 
0.900094 -0.000000 
-0.272410 -0.000000 
-0.361732 0.000000 
-0.000221 -0.000000 
0.074480 0.000000 
-0.194306 0.000000 
0.005810 0.000000 
0.339309 0.000000 
0.008756 0.000000 
-0.975520 0.000000 
-0.273763 0.000000 
0.560741 0.000000 
0.088944 0.000000 
-0.217790 -0.000000 
0.133056 0.000000 
-0.637445 -0.000000 
-0.340618 0.000000 
0.150510 0.000000 
0.441652 0.000000 
-0.080383 -0.000000 
0.068749 0.000000 
0.566093 0.000000 
-0.351565 0.000000 
0.583547 0.000000 
-0.891173 0.000000 
-0.797468 0.000000 
0.053194 0.000000 
0.719253 0.000000 
0.329056 -0.000000 
1.064313 0.000000 
-0.418604 0.000000 
0.676504 -0.000000 
0.004275 0.000000 
0.159627 0.000000 
0.258730 0.000000 
-0.994344 0.000000 
0.471899 -0.000000 
0.044594 -0.000000 
-0.094864 0.000000 
0.014279 0.000000 
-0.164841 0.000000 
-0.491897 0.000000 
-0.373754 -0.000000 
-0.156493 0.000000 
-0.085879 0.000000 
-0.344159 0.000000 
-0.416979 0.000000 
0.538827 -0.000000 
0.778736 -0.000000 
0.508686 0.000000 
0.253576 0.000000 
0.293359 0.000000 
0.124211 0.000000 
-0.759512 -0.000000 
0.050501 0.000000 
-0.316370 -0.000000 
-1.306152 -0.000000 
0.269841 0.000000 
0.343353 0.000000 
0.492785 0.000000 
-0.420381 0.000000 
0.743636 0.000000 
1.185287 -0.000000 
-0.906510 -0.000000 
-0.407465 0.000000 
-0.562317 0.000000 
-0.016558 0.000000 
-1.265498 -0.000000 
-0.610166 0.000000 
-0.437415 0.000000 
-0.223505 0.000000 
-0.417991 -0.000000 
0.964466 0.000000 
0.472688 0.000000 
-0.915128 0.000000 
-0.404087 0.000000 
-0.041830 0.000000 
-0.244284 0.000000 
-0.496776 0.000000 
0.967226 -0.000000 
-0.933296 0.000000 
0.215753 -0.000000 
-0.179871 -0.000000 
-0.191167 0.000000 
-1.054054 -0.000000 
0.232159 0.000000 
0.710551 -0.000000 
0.481595 -0.000000 
0.826942 -0.000000 
-1.229030 -0.000000 
-0.309050 -0.000000 
0.141422 0.000000 
-0.393032 0.000000 
0.253168 0.000000 
1.014507 0.000000 
-0.306916 0.000000 
-0.668530 -0.000000 
0.172375 -0.000000 
0.147625 0.000000 
0.243038 0.000000 
0.506220 -0.000000 
0.606878 0.000000 
0.790632 -0.000000 
-0.109031 0.000000 
-0.153395 0.000000 
-0.362456 0.000000 
-0.178274 -0.000000 
0.105519 0.000000 
-1.403789 -0.000000 
-0.142746 0.000000 
-1.100254 0.000000 
-0.441418 0.000000 
-0.442759 -0.000000 
-0.610696 -0.000000 
0.057730 -0.000000 
-1.250920 -0.000000 
0.053050 0.000000 
0.263654 -0.000000 
0.437932 -0.000000 
0.205283 0.000000 
0.296024 0.000000 
0.479162 0.000000 
-0.694039 0.000000 
0.049849 0.000000 
0.433672 0.000000 
-0.455816 -0.000000 
0.647040 0.000000 
-0.296413 0.000000 
0.482060 0.000000 
0.997866 0.000000 
0.953831 0.000000 
0.314276 0.000000 
0.070671 0.000000 
-0.320946 0.000000 
0.007465 0.000000 
0.831191 0.000000 
-0.462518 0.000000 
0.143716 -0.000000 
-0.031958 0.000000 
-0.487081 0.000000 
-0.189724 0.000000 
0.036735 -0.000000 
-0.055860 0.000000 
0.200346 0.000000 
0.836208 0.000000 
0.333221 0.000000 
0.181316 0.000000 
-0.551110 0.000000 
0.093074 0.000000 
0.054998 0.000000 
-0.507130 0.000000 
-0.020748 -0.000000 
0.469304 0.000000 
-0.636325 -0.000000 
-0.756729 -0.000000 
-0.340546 0.000000 
0.582693 -0.000000 
0.192774 -0.000000 
-0.351497 -0.000000 
0.283749 -0.000000 
-0.548148 0.000000 
-0.353814 0.000000 
0.117381 0.000000 
0.158700 0.000000 
0.206951 0.000000 
-0.739905 0.000000 
1.030476 -0.000000 
-0.540544 -0.000000 
0.136943 0.000000 
-0.923460 0.000000 
-0.244923 0.000000 
-0.552151 0.000000 
-0.315964 -0.000000 
-0.126776 0.000000 
-0.270462 0.000000 
-0.207699 -0.000000 
0.515214 0.000000 
-0.219109 0.000000 
-0.487127 0.000000 
0.116254 0.000000 
0.475077 0.000000 
-0.205314 0.000000 
-0.065440 0.000000 
0.043793 0.000000 
0.616056 -0.000000 
0.443824 0.000000 
-0.379272 0.000000 
0.277461 0.000000 
0.068429 0.000000 
-0.169669 0.000000 
-0.000585 -0.000000 
0.300325 0.000000 
-0.274834 0.000000 
0.469219 0.000000 
-0.838722 0.000000 
-0.495372 0.000000 
-0.315034 0.000000 
-0.323918 0.000000 
0.988672 0.000000 
-0.934513 0.000000 
-0.124340 -0.000000 
-0.266182 0.000000 
-1.189972 -0.000000 
0.262909 -0.000000 
0.179906 -0.000000 
-0.138825 -0.000000 
0.353414 -0.000000 
0.256708 -0.000000 
-0.027993 0.000000 
0.004513 -0.000000 
0.255222 -0.000000 
-0.385991 -0.000000 
-0.583220 0.000000 
0.325357 0.000000 
0.550368 -0.000000 
-0.467784 0.000000 
0.131301 0.000000 
-0.915823 -0.000000 
0.252036 0.000000 
0.679958 0.000000 
0.555454 0.000000 
-0.858905 -0.000000 
0.134227 0.000000 
-0.368155 -0.000000 
0.712332 -0.000000 
-0.867688 0.000000 
0.754596 -0.000000 
0.114360 0.000000 
-0.218889 0.000000 
-0.007576 -0.000000 
-0.491606 -0.000000 
-0.607183 -0.000000 
0.339321 0.000000 
0.259093 -0.000000 
-0.372415 0.000000 
0.657777 0.000000 
-0.068564 -0.000000 
0.207239 0.000000 
0.543714 -0.000000 
-0.089820 0.000000 
0.820812 0.000000 
-0.287316 0.000000 
1.013565 -0.000000 
0.205257 -0.000000 
0.150070 0.000000 
0.181494 0.000000 
0.152155 -0.000000 
-0.415510 0.000000 
0.154799 0.000000 
-0.068927 0.000000 
0.507845 0.000000 
-0.183753 0.000000 
0.880992 0.000000 
-0.201981 -0.000000 
-0.392447 0.000000 
-0.631697 -0.000000 
-0.637952 0.000000 
0.120989 0.000000 
0.131305 -0.000000 
0.587234 0.000000 
0.124363 0.000000 
0.210515 -0.000000 
-0.738112 0.000000 
-0.018456 -0.000000 
0.669944 0.000000 
0.128333 0.000000 
-0.685369 -0.000000 
-0.674572 0.000000 
0.558672 0.000000 
-1.031688 -0.000000 
-0.515098 0.000000 
0.586603 0.000000 
0.555720 0.000000 
0.640534 -0.000000 
0.990151 0.000000 
0.045963 0.000000 
-0.578509 0.000000 
0.718877 -0.000000 
0.402429 -0.000000 
0.292457 0.000000 
0.339342 0.000000 
0.900280 -0.000000 
0.095853 0.000000 
0.385060 -0.000000 
-0.527594 -0.000000 
-1.524341 0.000000 
0.720704 -0.000000 
0.052022 0.000000 
-0.094787 0.000000 
-0.146631 0.000000 
-0.251641 0.000000 
0.628969 0.000000 
0.302247 0.000000 
-0.238084 0.000000 
0.410686 0.000000 
0.606158 0.000000 
0.095745 0.000000 
0.344468 -0.000000 
0.398747 -0.000000 
0.445232 0.000000 
-0.204316 0.000000 
0.121206 0.000000 
0.245182 0.000000 
-0.243298 -0.000000 
0.522552 0.000000 
-0.337485 0.000000 
-0.569699 0.000000 
-0.410054 0.000000 
-0.826877 0.000000 
0.245812 0.000000 
-0.192265 0.000000 
-0.068499 -0.000000 
-1.198864 -0.000000 
0.190232 0.000000 
0.917083 -0.000000 
-0.068727 0.000000 
0.197996 0.000000 
0.084006 0.000000 
-0.448764 0.000000 
-0.061240 0.000000 
-0.724243 0.000000 
-0.453244 0.000000 
-0.093147 0.000000 
-0.544440 0.000000 
0.433445 0.000000 
-0.431154 0.000000 
0.057442 0.000000 
0.428235 0.000000 
-0.497123 0.000000 
1.015682 -0.000000 
-0.334666 0.000000 
0.261766 -0.000000 
0.303153 0.000000 
0.561243 0.000000 
0.340905 -0.000000 
-0.135746 0.000000 
-0.131235 -0.000000 
-0.656257 0.000000 
-0.860841 0.000000 
-0.518216 0.000000 
0.591864 -0.000000 
0.666157 -0.000000 
-0.628907 0.000000 
0.028573 -0.000000 
0.027900 0.000000 
0.047611 0.000000 
0.199537 0.000000 
0.191522 0.000000 
0.974074 -0.000000 
-0.404878 0.000000 
0.396291 -0.000000 
0.639909 -0.000000 
0.368976 -0.000000 
-0.513728 0.000000 
0.063217 -0.000000 
0.033298 -0.000000 
0.247612 -0.000000 
0.334611 0.000000 
-0.893958 0.000000 
-0.774158 -0.000000 
0.551465 0.000000 
0.857604 0.000000 
-0.302853 -0.000000 
0.465556 0.000000 
-0.071798 0.000000 
-0.476171 -0.000000 
-0.510075 0.000000 
0.129579 0.000000 
-0.421492 -0.000000 
0.484116 0.000000 
-0.041057 0.000000 
0.592649 0.000000 
-0.041196 -0.000000 
-0.058280 0.000000 
0.486502 0.000000 
0.362480 -0.000000 
-0.339269 0.000000 
-0.437686 -0.000000 
0.256279 0.000000 
0.589298 0.000000 
0.034792 -0.000000 
-0.455386 -0.000000 
-0.582573 0.000000 
0.225605 0.000000 
0.415981 0.000000 
-0.466414 0.000000 
0.444655 0.000000 
1.079646 -0.000000 
0.385840 0.000000 
0.042118 0.000000 
-0.156013 0.000000 
0.032201 0.000000 
-0.314110 -0.000000 
-0.435260 0.000000 
0.464466 0.000000 
-0.580993 -0.000000 
0.478625 0.000000 
0.376731 0.000000 
-0.678763 0.000000 
-0.770810 0.000000 
0.176508 0.000000 
0.223877 -0.000000 
-0.330909 -0.000000 
-0.735021 -0.000000 
0.129223 -0.000000 
0.028437 0.000000 
-0.750947 -0.000000 
0.006630 0.000000 
0.269585 0.000000 
-0.608527 -0.000000 
-0.338740 0.000000 
-0.254570 0.000000 
-0.059903 0.000000 
-1.185470 -0.000000 
0.635278 0.000000 
-0.421007 0.000000 
-0.902886 -0.000000 
0.437463 -0.000000 
-0.429376 0.000000 
0.115275 -0.000000 
-0.148473 0.000000 
0.975563 0.000000 
-0.045856 -0.000000 
-0.005385 0.000000 
-0.195693 0.000000 
0.188441 0.000000 
0.433922 0.000000 
0.133938 0.000000 
0.591268 0.000000 
0.074968 0.000000 
0.315234 0.000000 
0.056407 0.000000 
-0.438633 0.000000 
0.213044 0.000000 
0.507108 0.000000 
0.490088 0.000000 
0.048587 0.000000 
-0.304765 0.000000 
0.674575 0.000000 
-0.219797 0.000000 
-0.190470 -0.000000 
0.015284 0.000000 
-0.292471 0.000000 
-0.378447 0.000000 
0.240960 0.000000 
0.667227 0.000000 
-0.519127 0.000000 
0.423443 0.000000 
1.329197 0.000000 
-1.096308 0.000000 
0.613691 -0.000000 
0.049913 0.000000 
-0.028319 0.000000 
-0.302887 0.000000 
0.367017 -0.000000 
-0.360297 0.000000 
-0.399145 -0.000000 
-0.006372 -0.000000 
0.532355 0.000000 
-0.262505 0.000000 
0.769390 -0.000000 
-0.925280 0.000000 
0.250603 -0.000000 
0.443355 0.000000 
-0.853662 0.000000 
0.628154 -0.000000 
-0.770654 0.000000 
0.901759 -0.000000 
-0.179592 -0.000000 
0.405773 0.000000 
0.126335 -0.000000 
1.445427 0.000000 
0.470220 -0.000000 
0.430460 0.000000 
-0.393987 -0.000000 
-0.341616 0.000000 
0.101502 -0.000000 
0.431755 -0.000000 
0.511031 0.000000 
0.184349 0.000000 
0.298753 0.000000 
-0.152522 0.000000 
-0.135205 0.000000 
0.303355 0.000000 
-0.402976 0.000000 
0.196274 0.000000 
0.533823 -0.000000 
1.490198 0.000000 
0.584207 0.000000 
-0.424656 -0.000000 
0.649229 0.000000 
-0.364139 0.000000 
0.073524 0.000000 
0.154338 -0.000000 
-0.230706 0.000000 
-0.614973 0.000000 
-0.555863 -0.000000 
-0.007683 -0.000000 
0.161395 0.000000 
-0.008882 0.000000 
-0.135306 0.000000 
-0.222216 -0.000000 
0.072008 0.000000 
0.070789 0.000000 
0.307365 0.000000 
-0.260195 0.000000 
-0.023498 0.000000 
-0.322961 0.000000 
0.351716 0.000000 
0.258494 -0.000000 
-0.065594 0.000000 
0.293582 -0.000000 
0.477665 -0.000000 
0.554752 -0.000000 
-0.766820 -0.000000 
-0.422408 -0.000000 
0.076720 -0.000000 
0.506210 -0.000000 
-0.123450 0.000000 
-0.124441 0.000000 
-1.342610 0.000000 
0.421682 0.000000 
-0.616082 -0.000000 
0.377624 0.000000 
-0.133309 0.000000 
-0.235983 0.000000 
1.226601 -0.000000 
0.272503 0.000000 
-0.044390 0.000000 
-0.435230 -0.000000 
0.321026 0.000000 
-0.171465 -0.000000 
0.043707 0.000000 
0.474049 -0.000000 
0.359214 0.000000 
-0.318779 -0.000000 
-0.332545 -0.000000 
0.038090 0.000000 
0.607645 0.000000 
0.031903 0.000000 
-0.527054 0.000000 
1.150860 0.000000 
-0.078725 0.000000 
0.514066 -0.000000 
0.367089 0.000000 
-0.510506 -0.000000 
-0.592686 0.000000 
-0.544968 0.000000 
-0.285637 0.000000 
-0.041394 0.000000 
0.317214 0.000000 
-0.111821 0.000000 
0.700053 0.000000 
-0.679456 0.000000 
0.039322 -0.000000 
0.958939 0.000000 
-0.082524 0.000000 
0.175532 0.000000 
-0.459439 -0.000000 
-0.617483 0.000000 
0.732417 0.000000 
0.195009 0.000000 
0.072964 0.000000 
0.952075 0.000000 
0.565852 0.000000 
0.196127 0.000000 
-0.718428 0.000000 
0.107357 -0.000000 
-0.216279 0.000000 
-0.485018 0.000000 
1.058651 -0.000000 
0.068305 -0.000000 
-0.158043 0.000000 
1.039815 0.000000 
0.859627 0.000000 
-0.624154 -0.000000 
0.345204 0.000000 
0.687790 0.000000 
0.375962 0.000000 
-0.222342 0.000000 
-0.090952 0.000000 
-0.069398 -0.000000 
0.114795 -0.000000 
0.654308 0.000000 
-0.269532 0.000000 
0.624900 0.000000 
0.331052 -0.000000 
-0.336556 0.000000 
-0.102161 -0.000000 
0.012860 0.000000 
-0.459811 -0.000000 
-0.654572 -0.000000 
-0.136966 -0.000000 
-0.608919 0.000000 
0.391917 -0.000000 
0.568567 -0.000000 
0.071008 0.000000 
-1.713596 -0.000000 
-0.447863 0.000000 
0.299396 -0.000000 
0.606130 0.000000 
0.233863 0.000000 
0.701447 0.000000 
0.170583 -0.000000 
0.123606 0.000000 
-0.141443 0.000000 
-0.057101 -0.000000 
-0.045115 0.000000 
-0.006355 0.000000 
0.721913 -0.000000 
0.500822 0.000000 
0.191022 0.000000 
-0.306044 0.000000 
-0.082191 -0.000000 
-0.269510 -0.000000 
-0.157051 0.000000 
-1.429852 0.000000 
-0.208274 -0.000000 
-0.125082 0.000000 
0.731159 -0.000000 
-0.394979 0.000000 
0.776903 0.000000 
-0.246115 -0.000000 
0.198765 0.000000 
0.436419 0.000000 
-0.408900 0.000000 
-1.014425 0.000000 
0.665692 0.000000 
-0.488221 0.000000 
0.605657 0.000000 
0.887869 0.000000 
-0.079851 0.000000 
-0.636792 0.000000 
0.723084 -0.000000 
0.429356 0.000000 
-0.133017 -0.000000 
0.598342 -0.000000 
-0.422156 0.000000 
1.206375 -0.000000 
-0.055656 0.000000 
-0.452907 0.000000 
0.711908 0.000000 
0.073303 -0.000000 
-0.882891 -0.000000 
0.299808 0.000000 
-0.403480 -0.000000 
0.448994 -0.000000 
0.063097 0.000000 
-0.361458 0.000000 
-0.677120 0.000000 
0.774396 0.000000 
0.443169 0.000000 
-0.084160 0.000000 
0.134389 -0.000000 
-0.266870 -0.000000 
-0.708653 0.000000 
-1.045336 0.000000 
-0.591398 0.000000 
0.661951 -0.000000 
-0.069311 0.000000 
-0.341385 0.000000 
-0.853361 -0.000000 
-0.176463 -0.000000 
-0.551151 0.000000 
-0.500212 0.000000 
-0.807899 0.000000 
0.203581 0.000000 
0.336833 -0.000000 
0.200789 0.000000 
0.448102 -0.000000 
-0.049038 0.000000 
-0.699948 0.000000 
0.867767 -0.000000 
0.413028 0.000000 
-0.694492 -0.000000 
-0.154268 0.000000 
-0.443735 -0.000000 
-0.623030 0.000000 
0.143713 0.000000 
0.749016 -0.000000 
-0.039686 -0.000000 
-0.202673 0.000000 
-0.177594 0.000000 
0.518409 0.000000 
0.656502 0.000000 
0.242907 -0.000000 
-0.239458 -0.000000 
-0.211338 0.000000 
-0.572344 -0.000000 
0.338470 -0.000000 
-1.250146 -0.000000 
-0.365833 -0.000000 
-0.813984 -0.000000 
0.285803 0.000000 
0.891298 -0.000000 
-0.768095 0.000000 
-0.503900 0.000000 
0.142464 0.000000 
0.844678 0.000000 
-0.635227 -0.000000 
-0.093325 -0.000000 
0.602196 0.000000 
-0.224075 -0.000000 
-0.417998 0.000000 
0.429841 0.000000 
0.000272 0.000000 
-0.285647 0.000000 
-0.336354 -0.000000 
0.248700 -0.000000 
0.167196 0.000000 
0.019948 -0.000000 
-0.626813 0.000000 
-0.006160 -0.000000 
-0.117038 -0.000000 
-0.147777 0.000000 
0.314582 0.000000 
-0.147990 0.000000 
0.623900 -0.000000 
-0.430343 0.000000 
-0.447176 0.000000 
0.036707 0.000000 
0.174255 0.000000 
-0.521353 -0.000000 
0.474694 0.000000 
0.123541 -0.000000 
0.064484 -0.000000 
-0.507410 0.000000 
1.395007 0.000000 
-0.298620 0.000000 
0.201915 0.000000 
-0.401615 -0.000000 
0.204754 0.000000 
-0.819870 0.000000 
0.034924 0.000000 
0.098069 0.000000 
-0.153834 0.000000 
0.159462 0.000000 
-0.707735 0.000000 
0.160857 0.000000 
-0.072379 0.000000 
-0.264094 -0.000000 
-0.140387 0.000000 
0.882114 0.000000 
0.770616 -0.000000 
-0.344657 -0.000000 
0.653518 -0.000000 
-0.262177 -0.000000 
1.134758 0.000000 
-0.605859 0.000000 
0.166235 0.000000 
-0.561853 0.000000 
0.671925 0.000000 
0.723314 0.000000 
-0.891265 0.000000 
-0.264560 0.000000 
-0.346180 0.000000 
0.347093 0.000000 
0.084506 0.000000 
0.552838 0.000000 
-0.356330 0.000000 
0.625780 0.000000 
-0.417431 0.000000 
0.381593 0.000000 
0.372841 0.000000 
0.295976 0.000000 
0.576457 0.000000 
-0.067172 0.000000 
-0.019741 0.000000 
-0.099996 -0.000000 
0.206363 -0.000000 
-0.285684 0.000000 
-0.704238 0.000000 
0.136640 0.000000 
-0.212665 0.000000 
0.237384 0.000000 
0.532761 0.000000 
-0.193281 0.000000 
-0.285696 -0.000000 
-0.050266 0.000000 
-0.179962 -0.000000 
0.414736 0.000000 
0.240354 0.000000 
-0.249781 -0.000000 
-0.234103 -0.000000 
0.375295 0.000000 
-0.160071 -0.000000 
0.421429 -0.000000 
0.536723 0.000000 
-0.029526 0.000000 
-0.133832 0.000000 
0.408281 0.000000 
0.589898 0.000000 
-0.503854 -0.000000 
-0.725160 -0.000000 
0.785978 0.000000 
-0.270765 0.000000 
-0.462181 0.000000 
0.469489 0.000000 
-0.409759 0.000000 
-0.859020 -0.000000 
-0.378173 0.000000 
-0.639257 0.000000 
-0.213984 0.000000 
-0.035220 -0.000000 
0.027836 0.000000 
-1.194151 0.000000 
0.780900 0.000000 
-0.291915 -0.000000 
-0.817363 0.000000 
0.250202 -0.000000 
-0.414741 0.000000 
0.265102 0.000000 
-0.486706 0.000000 
0.840537 0.000000 
0.046040 0.000000 
-0.807680 0.000000 
0.351964 0.000000 
0.137319 0.000000 
-0.031375 0.000000 
-0.464367 -0.000000 
-0.383846 0.000000 
0.071278 0.000000 
-0.403794 -0.000000 
0.582952 0.000000 
-1.065847 0.000000 
0.081421 -0.000000 
1.010979 0.000000 
0.300375 0.000000 
0.340913 0.000000 
-1.053596 0.000000 
-0.055948 -0.000000 
-0.160342 0.000000 
-0.814126 0.000000 
0.053022 0.000000 
1.141455 0.000000 
0.518816 0.000000 
-0.501105 -0.000000 
-0.178287 -0.000000 
0.100651 0.000000 
-0.089442 -0.000000 
-0.961945 0.000000 
-0.467236 0.000000 
0.502874 -0.000000 
0.429209 0.000000 
0.034848 0.000000 
-1.082508 0.000000 
-0.211755 -0.000000 
-0.257205 0.000000 
-0.408142 0.000000 
-0.114057 0.000000 
0.015189 -0.000000 
0.042964 -0.000000 
-0.823581 -0.000000 
-0.165021 0.000000 
0.207340 -0.000000 
0.453109 0.000000 
0.064381 -0.000000 
0.141292 0.000000 
0.044883 -0.000000 
0.372970 -0.000000 
0.246874 0.000000 
-0.013596 0.000000 
0.345789 -0.000000 
1.427777 0.000000 
-0.539707 -0.000000 
0.280667 0.000000 
-1.150057 0.000000 
-0.283636 0.000000 
-0.330469 0.000000 
0.077019 0.000000 
-0.532387 0.000000 
0.209484 0.000000 
0.238496 0.000000 
0.419996 0.000000 
-0.537664 0.000000 
0.371802 0.000000 
0.216710 0.000000 
-0.091467 0.000000 
-0.694227 0.000000 
0.160922 0.000000 
-1.583923 -0.000000 
-0.370003 0.000000 
-0.056504 -0.000000 
0.643024 0.000000 
-0.964217 0.000000 
-0.462354 0.000000 
-0.645444 0.000000 
0.424327 0.000000 
0.525565 0.000000 
-1.130462 -0.000000 
0.050069 -0.000000 
-0.380945 0.000000 
-0.820937 0.000000 
0.133743 0.000000 
-0.071861 -0.000000 
0.382299 0.000000 
0.109062 0.000000 
-0.754762 0.000000 
-0.464790 0.000000 
-0.000923 -0.000000 
0.477249 0.000000 
-0.888394 0.000000 
0.188325 0.000000 
-0.030098 -0.000000 
-0.205230 0.000000 
-0.118183 0.000000 
0.906567 0.000000 
0.430287 -0.000000 
-0.121704 -0.000000 
-0.312327 0.000000 
0.300415 0.000000 
0.256096 0.000000 
-1.167867 0.000000 
0.651900 0.000000 
-0.505826 0.000000 
0.116287 0.000000 
-0.641355 0.000000 
0.908529 0.000000 
1.074616 0.000000 
-0.697407 -0.000000 
-0.160692 0.000000 
0.724441 0.000000 
0.390705 -0.000000 
-0.220050 -0.000000 
0.564585 0.000000 
-0.903412 -0.000000 
0.068316 0.000000 
0.070470 0.000000 
-0.916843 0.000000 
-0.472159 0.000000 
0.233957 0.000000 
-0.820438 0.000000 
-0.437350 0.000000 
0.972706 0.000000 
0.017754 -0.000000 
-0.179009 0.000000 
-0.747699 0.000000 
0.636342 0.000000 
0.244854 0.000000 
-0.529148 -0.000000 
-0.113571 0.000000 
0.549475 0.000000 
0.687408 0.000000 
0.600947 -0.000000 
0.302481 -0.000000 
-0.034388 -0.000000 
-0.487963 0.000000 
0.070764 0.000000 
0.259666 0.000000 
0.585797 -0.000000 
-0.723460 0.000000 
-0.082182 -0.000000 
0.068323 0.000000 
-0.221673 0.000000 
-0.452783 0.000000 
-0.735099 0.000000 
0.245575 0.000000 
-0.166182 0.000000 
0.185498 0.000000 
0.168577 -0.000000 
0.705693 0.000000 
0.333927 0.000000 
-0.437372 0.000000 
0.928754 0.000000 
0.404186 0.000000 
-0.060013 -0.000000 
-0.461089 0.000000 
-0.399003 0.000000 
-0.078656 0.000000 
0.248697 -0.000000 
0.881966 0.000000 
-0.467621 -0.000000 
-0.308287 -0.000000 
-1.008112 0.000000 
-0.198860 -0.000000 
0.114001 0.000000 
-0.135411 0.000000 
0.158561 0.000000 
0.441224 -0.000000 
0.028328 0.000000 
0.021446 0.000000 
0.173410 0.000000 
-0.759366 0.000000 
-0.483925 -0.000000 
-0.860784 0.000000 
1.155764 -0.000000 
0.728993 0.000000 
0.522855 0.000000 
0.826522 -0.000000 
-0.185272 -0.000000 
-0.245644 0.000000 
0.206214 0.000000 
-0.366595 0.000000 
0.555776 -0.000000 
0.178066 0.000000 
0.234595 -0.000000 
-0.026380 0.000000 
0.016038 0.000000 
-0.117419 0.000000 
0.081518 -0.000000 
0.320902 0.000000 
-0.096361 0.000000 
-0.157383 0.000000 
-0.913050 -0.000000 
0.218416 0.000000 
0.647142 0.000000 
-0.165105 -0.000000 
-0.121560 0.000000 
0.098577 -0.000000 
-0.237538 0.000000 
-0.833384 -0.000000 
-0.767329 -0.000000 
-0.416739 0.000000 
0.195607 -0.000000 
0.586281 0.000000 
-0.363948 0.000000 
-0.594538 0.000000 
0.543339 0.000000 
0.406326 -0.000000 
-0.270164 0.000000 
-0.240438 0.000000 
0.249301 0.000000 
0.429210 0.000000 
-0.764252 0.000000 
-0.742876 0.000000 
-0.100934 0.000000 
0.079226 -0.000000 
-0.016108 -0.000000 
0.774304 0.000000 
-1.007869 0.000000 
0.458113 0.000000 
0.714782 0.000000 
0.654156 -0.000000 
0.324362 -0.000000 
0.210625 -0.000000 
-0.037792 0.000000 
0.056306 -0.000000 
0.629435 0.000000 
-0.532424 0.000000 
-0.682235 0.000000 
0.451324 -0.000000 
-0.058153 -0.000000 
-0.523373 0.000000 
-0.034096 0.000000 
0.062673 0.000000 
-0.237524 0.000000 
-0.912162 0.000000 
0.303788 0.000000 
0.565444 -0.000000 
-0.013442 0.000000 
1.157001 0.000000 
0.230174 -0.000000 
-0.436082 0.000000 
0.649936 0.000000 
0.352842 -0.000000 
0.327424 0.000000 
-0.127256 0.000000 
0.349319 0.000000 
0.252962 0.000000 
0.744429 0.000000 
0.413428 -0.000000 
0.442188 0.000000 
0.417541 0.000000 
-0.099110 0.000000 
-0.866559 0.000000 
-0.191641 0.000000 
-0.020837 0.000000 
-0.220314 -0.000000 
0.537151 0.000000 
-0.192017 0.000000 
-0.645962 0.000000 
0.514879 0.000000 
0.281143 0.000000 
-0.445765 -0.000000 
0.357863 0.000000 
-0.961683 -0.000000 
0.546262 0.000000 
-0.248883 0.000000 
-0.303019 0.000000 
0.426841 0.000000 
0.013427 0.000000 
-0.168266 0.000000 
0.462799 0.000000 
0.587949 0.000000 
-0.046247 -0.000000 
-0.335862 0.000000 
0.481187 -0.000000 
-0.086624 0.000000 
-0.528679 -0.000000 
0.440633 -0.000000 
-0.095759 0.000000 
0.076262 -0.000000 
1.026458 -0.000000 
-0.574347 0.000000 
-0.246490 0.000000 
0.073478 0.000000 
0.656335 0.000000 
0.250939 -0.000000 
0.148918 0.000000 
-0.235157 -0.000000 
-0.659941 -0.000000 
0.248229 -0.000000 
1.329844 0.000000 
0.653606 0.000000 
0.383470 -0.000000 
0.350476 0.000000 
0.363947 -0.000000 
0.693117 0.000000 
-0.093028 -0.000000 
-0.759412 -0.000000 
0.295100 -0.000000 
-0.222360 -0.000000 
0.446503 -0.000000 
0.179590 0.000000 
-0.230513 0.000000 
0.033651 -0.000000 
-0.561403 0.000000 
0.388305 -0.000000 
-0.778908 0.000000 
0.420365 -0.000000 
0.011888 0.000000 
0.911922 -0.000000 
-0.801765 0.000000 
0.651907 -0.000000 
0.543136 0.000000 
0.260071 0.000000 
-0.055109 0.000000 
-0.522907 0.000000 
0.130983 -0.000000 
-0.132190 0.000000 
0.130972 0.000000 
0.608900 0.000000 
0.105452 0.000000 
0.386336 -0.000000 
0.069889 0.000000 
-0.089551 0.000000 
-0.735989 0.000000 
0.763742 -0.000000 
-0.391245 0.000000 
0.112595 0.000000 
1.104706 0.000000 
0.431080 0.000000 
0.151896 0.000000 
-0.150393 0.000000 
-0.532868 0.000000 
-0.800967 -0.000000 
0.007325 -0.000000 
0.037657 0.000000 
0.319857 -0.000000 
0.730509 0.000000 
-0.737983 -0.000000 
-0.284611 0.000000 
0.229497 -0.000000 
0.349562 0.000000 
-0.093004 0.000000 
-0.379573 0.000000 
0.775300 0.000000 
-0.574210 0.000000 
0.013473 0.000000 
-0.505665 0.000000 
0.274634 -0.000000 
0.277366 -0.000000 
-0.050888 0.000000 
-0.526829 0.000000 
0.628604 0.000000 
1.060354 0.000000 
-0.444863 0.000000 
0.016725 -0.000000 
0.414112 -0.000000 
-0.094503 0.000000 
0.373288 0.000000 
-0.114071 -0.000000 
0.423088 -0.000000 
0.287548 0.000000 
-0.308620 0.000000 
0.798783 -0.000000 
1.235839 -0.000000 
-0.258319 0.000000 
0.176886 -0.000000 
-0.343909 0.000000 
-0.279842 0.000000 
0.384244 -0.000000 
0.216579 0.000000 
-0.012535 0.000000 
-0.593821 0.000000 
-0.185176 0.000000 
-0.633396 0.000000 
0.118653 0.000000 
0.528354 0.000000 
-0.374040 0.000000 
0.143064 0.000000 
1.059285 0.000000 
-0.060963 0.000000 
-0.558004 0.000000 
-0.593102 0.000000 
-0.492186 -0.000000 
0.659940 0.000000 
-0.347779 0.000000 
0.425785 -0.000000 
-0.557469 0.000000 
-0.171661 0.000000 
0.277926 0.000000 
0.110998 0.000000 
-0.136809 0.000000 
0.023928 0.000000 
-0.881491 -0.000000 
-0.436542 0.000000 
-0.184194 0.000000 
-0.064870 0.000000 
-0.012633 0.000000 
0.673016 0.000000 
-0.244263 -0.000000 
-0.133587 -0.000000 
0.181026 0.000000 
-0.327826 0.000000 
0.482595 0.000000 
0.063348 0.000000 
0.408322 0.000000 
0.783636 -0.000000 
0.045271 0.000000 
-0.002504 0.000000 
-0.695591 -0.000000 
0.357516 -0.000000 
-0.227481 -0.000000 
-0.153403 0.000000 
-0.354386 -0.000000 
0.009799 0.000000 
0.229774 0.000000 
0.206104 -0.000000 
0.096819 0.000000 
0.542935 0.000000 
-0.433144 0.000000 
-0.654132 0.000000 
-0.481941 -0.000000 
-0.160271 0.000000 
0.469816 0.000000 
0.152830 -0.000000 
0.368528 0.000000 
0.346260 0.000000 
-0.676741 -0.000000 
0.063232 0.000000 
-0.687001 -0.000000 
-0.330468 -0.000000 
-0.474092 0.000000 
0.455719 0.000000 
-0.274797 0.000000 
0.557060 0.000000 
0.472891 -0.000000 
0.656212 0.000000 
1.183581 0.000000 
-0.129140 0.000000 
-0.188873 -0.000000 
-0.141345 -0.000000 
0.213125 0.000000 
0.056097 -0.000000 
0.167517 0.000000 
-0.265094 0.000000 
-0.326041 0.000000 
-0.177403 0.000000 
-0.719889 -0.000000 
-0.111785 0.000000 
-0.205544 -0.000000 
0.165073 -0.000000 
0.631018 0.000000 
-0.161506 0.000000 
-0.855644 0.000000 
1.094907 0.000000 
-0.433467 -0.000000 
-0.013695 0.000000 
0.257902 0.000000 
0.100628 -0.000000 
-0.107009 0.000000 
0.099830 0.000000 
0.136568 -0.000000 
0.038859 0.000000 
-0.469062 -0.000000 
-0.143959 0.000000 
0.032178 -0.000000 
0.317822 0.000000 
0.455803 0.000000 
-0.713452 -0.000000 
-0.236257 -0.000000 
0.256191 0.000000 
0.577053 0.000000 
0.150735 0.000000 
-0.382615 -0.000000 
1.320947 0.000000 
-1.305067 0.000000 
-0.852091 0.000000 
-0.051648 0.000000 
0.759954 0.000000 
0.362657 0.000000 
0.877379 -0.000000 
0.672522 0.000000 
1.256516 0.000000 
0.794146 -0.000000 
-0.393365 0.000000 
-0.248163 0.000000 
0.091395 -0.000000 
-0.586831 0.000000 
-0.302441 0.000000 
0.741142 0.000000 
-0.521820 0.000000 
0.047576 0.000000 
0.453256 0.000000 
0.180463 0.000000 
-0.921394 0.000000 
-0.279386 0.000000 
0.268356 -0.000000 
0.120874 0.000000 
-0.804653 -0.000000 
0.369628 0.000000 
0.593316 0.000000 
0.306719 0.000000 
0.255185 -0.000000 
-1.232818 0.000000 
-0.635357 0.000000 
-0.464685 0.000000 
-0.248799 -0.000000 
-0.698294 0.000000 
0.882244 -0.000000 
0.392644 0.000000 
-0.369468 -0.000000 
0.207170 0.000000 
-0.384613 -0.000000 
0.674279 -0.000000 
0.440734 0.000000 
-0.957260 0.000000 
-0.401953 -0.000000 
0.187060 -0.000000 
0.190330 0.000000 
1.031279 0.000000 
0.951573 -0.000000 
-0.063170 0.000000 
-0.169501 0.000000 
0.102506 0.000000 
-0.549027 0.000000 
-0.312380 0.000000 
0.024606 0.000000 
0.145149 0.000000 
0.579898 -0.000000 
0.483272 0.000000 
-0.227768 -0.000000 
0.122274 0.000000 
0.010557 0.000000 
0.541722 0.000000 
-0.298265 0.000000 
-0.312271 0.000000 
0.086371 -0.000000 
-0.442715 0.000000 
-0.204662 0.000000 
0.673816 0.000000 
-0.706148 0.000000 
-0.246283 -0.000000 
0.615503 0.000000 
0.347089 -0.000000 
-0.017857 -0.000000 
-0.425083 0.000000 
-0.518831 0.000000 
-0.168408 0.000000 
-0.375723 0.000000 
0.342956 -0.000000 
0.077543 0.000000 
0.364182 0.000000 
0.296161 0.000000 
-0.294499 0.000000 
-0.756020 0.000000 
0.309895 0.000000 
0.578828 0.000000 
0.187764 0.000000 
-0.237073 0.000000 
-0.837410 -0.000000 
0.409689 -0.000000 
-0.030994 0.000000 
-0.004311 -0.000000 
0.402686 0.000000 
0.130557 0.000000 
-0.213965 -0.000000 
0.646875 0.000000 
0.136318 0.000000 
0.302784 0.000000 
1.109299 -0.000000 
-0.691498 0.000000 
0.258719 0.000000 
0.656977 0.000000 
-0.480081 -0.000000 
-0.040626 0.000000 
0.024722 0.000000 
-0.589588 -0.000000 
0.148343 0.000000 
-0.224327 0.000000 
0.342467 -0.000000 
0.342327 -0.000000 
-0.146991 -0.000000 
0.611996 0.000000 
-0.076221 0.000000 
0.808251 -0.000000 
-0.401671 0.000000 
-0.343124 0.000000 
-0.763238 -0.000000 
0.616008 -0.000000 
0.636819 0.000000 
-0.177486 -0.000000 
-0.212957 -0.000000 
-0.529859 0.000000 
-0.644900 0.000000 
-0.003414 0.000000 
0.323436 0.000000 
0.001377 -0.000000 
0.237212 0.000000 
0.477729 0.000000 
0.125495 0.000000 
-0.170200 0.000000 
0.052523 -0.000000 
0.671151 0.000000 
0.017815 -0.000000 
-0.091110 -0.000000 
0.502398 -0.000000 
-0.043463 0.000000 
0.792253 -0.000000 
0.354140 0.000000 
-0.272036 0.000000 
0.473194 0.000000 
0.017474 0.000000 
-0.120347 0.000000 
0.123208 -0.000000 
0.285791 0.000000 
0.348839 -0.000000 
0.054661 0.000000 
0.387904 0.000000 
-0.579727 0.000000 
-0.825639 0.000000 
0.129696 0.000000 
-0.364248 -0.000000 
0.400689 0.000000 
0.707002 0.000000 
0.386965 0.000000 
-0.480481 -0.000000 
0.300758 0.000000 
-0.636604 -0.000000 
0.931756 0.000000 
0.704545 0.000000 
-0.244388 0.000000 
-0.067906 -0.000000 
-0.218132 -0.000000 
-0.068022 0.000000 
-0.425103 0.000000 
0.213193 -0.000000 
-0.065084 0.000000 
0.151512 -0.000000 
-0.005551 -0.000000 
-0.464679 0.000000 
0.607549 0.000000 
-0.195140 -0.000000 
-0.569422 0.000000 
0.851073 0.000000 
0.176460 0.000000 
0.137229 0.000000 
1.018819 0.000000 
-0.485108 -0.000000 
0.683190 0.000000 
-0.432157 0.000000 
0.134254 0.000000 
0.350527 0.000000 
0.171120 -0.000000 
-1.026170 -0.000000 
0.949517 0.000000 
-0.199407 -0.000000 
-0.412955 0.000000 
-0.253291 -0.000000 
-0.834638 0.000000 
0.155809 -0.000000 
0.008682 -0.000000 
0.319166 0.000000 
0.304555 -0.000000 
-0.111844 0.000000 
-0.455526 0.000000 
-0.091357 0.000000 
0.253298 0.000000 
-0.030614 -0.000000 
-0.392729 0.000000 
-0.715341 0.000000 
0.190526 0.000000 
-0.866448 -0.000000 
-0.393993 0.000000 
-0.280932 -0.000000 
-0.162651 -0.000000 
0.394772 0.000000 
0.299213 0.000000 
-0.248301 0.000000 
0.084362 0.000000 
0.181674 0.000000 
0.007416 0.000000 
0.845645 -0.000000 
0.752678 0.000000 
1.239216 0.000000 
0.100441 -0.000000 
-0.876599 -0.000000 
0.076408 0.000000 
0.191511 0.000000 
-0.497732 -0.000000 
0.746485 0.000000 
0.284755 0.000000 
-0.263406 -0.000000 
-0.034735 -0.000000 
0.165493 0.000000 
0.316308 0.000000 
0.198883 0.000000 
-0.162805 -0.000000 
0.247945 0.000000 
0.309547 0.000000 
0.972954 0.000000 
-0.269457 0.000000 
-0.492722 0.000000 
0.461754 0.000000 
-0.227281 0.000000 
0.650019 -0.000000 
-0.170068 0.000000 
0.198760 0.000000 
0.060604 0.000000 
-0.412264 0.000000 
0.182422 -0.000000 
-0.189283 0.000000 
0.062738 0.000000 
-1.197978 0.000000 
0.216195 -0.000000 
-0.545305 -0.000000 
0.294026 0.000000 
0.039520 0.000000 
-0.105014 0.000000 
-0.443619 -0.000000 
-0.218276 0.000000 
0.504623 0.000000 
0.032174 -0.000000 
0.413840 0.000000 
-0.640932 -0.000000 
0.276870 0.000000 
0.384853 -0.000000 
-0.899889 0.000000 
0.107169 0.000000 
-0.147216 0.000000 
-0.517855 0.000000 
-0.601746 0.000000 
-0.023704 0.000000 
0.388247 0.000000 
0.591152 0.000000 
0.147375 0.000000 
-0.353740 0.000000 
0.594539 0.000000 
-0.205984 0.000000 
-0.044485 0.000000 
-0.556468 0.000000 
0.184593 0.000000 
-0.062268 0.000000 
0.303204 -0.000000 
0.961707 0.000000 
-0.166012 0.000000 
0.158553 -0.000000 
-0.182410 0.000000 
0.185362 0.000000 
0.475094 -0.000000 
-0.318778 0.000000 
0.131747 0.000000 
0.392855 -0.000000 
0.433566 -0.000000 
-0.769955 -0.000000 
-0.186696 0.000000 
-0.089099 0.000000 
0.070471 0.000000 
-0.009519 0.000000 
-0.289750 0.000000 
-0.422730 0.000000 
-0.161754 0.000000 
-0.232825 0.000000 
-0.525627 -0.000000 
-0.292820 0.000000 
0.012826 0.000000 
0.188284 0.000000 
-0.798588 0.000000 
-0.520775 0.000000 
-0.064046 0.000000 
-0.212104 0.000000 
-0.636493 -0.000000 
0.567148 0.000000 
0.322369 0.000000 
-0.348270 0.000000 
0.795089 0.000000 
-0.494039 0.000000 
0.224403 0.000000 
0.018430 0.000000 
-0.259486 0.000000 
-0.193769 0.000000 
-0.292578 -0.000000 
0.881432 0.000000 
-0.509366 -0.000000 
-0.437953 0.000000 
-0.580760 0.000000 
0.559104 -0.000000 
0.372828 0.000000 
0.972698 0.000000 
-0.931315 0.000000 
0.289970 0.000000 
-0.296803 0.000000 
-0.117889 0.000000 
0.369830 -0.000000 
-0.250350 0.000000 
-0.206999 0.000000 
0.652530 -0.000000 
0.841238 -0.000000 
-0.433230 0.000000 
-0.237830 0.000000 
0.139520 0.000000 
0.220854 -0.000000 
0.557654 0.000000 
1.043118 -0.000000 
-0.332984 -0.000000 
-0.016864 0.000000 
-0.001402 0.000000 
0.079126 -0.000000 
-0.061942 0.000000 
0.150655 0.000000 
-0.088017 0.000000 
0.422245 0.000000 
-0.689059 -0.000000 
0.158155 -0.000000 
0.347095 -0.000000 
0.266393 0.000000 
0.542226 -0.000000 
1.110865 0.000000 
-0.346046 -0.000000 
-0.407133 0.000000 
0.494805 0.000000 
-0.148465 -0.000000 
-0.609282 -0.000000 
-0.432490 0.000000 
0.676713 -0.000000 
-0.226241 -0.000000 
-0.193707 -0.000000 
0.094074 0.000000 
0.105491 -0.000000 
0.432936 0.000000 
-0.401899 -0.000000 
0.295530 0.000000 
0.199052 0.000000 
-0.284912 0.000000 
-0.141451 -0.000000 
0.051917 0.000000 
0.981780 0.000000 
-0.774423 -0.000000 
0.703283 -0.000000 
0.186265 0.000000 
0.495897 -0.000000 
-0.240430 -0.000000 
-0.573309 0.000000 
-0.387589 0.000000 
0.085715 0.000000 
-0.170390 0.000000 
-0.215378 0.000000 
0.533088 0.000000 
-0.589352 0.000000 
-0.124184 0.000000 
0.229832 -0.000000 
1.481266 0.000000 
-0.385632 0.000000 
0.199377 -0.000000 
0.373966 -0.000000 
-0.767469 -0.000000 
0.277444 -0.000000 
0.060462 -0.000000 
0.262612 0.000000 
-0.556852 0.000000 
0.286682 -0.000000 
0.514348 0.000000 
0.251955 -0.000000 
-0.369711 0.000000 
-0.453085 0.000000 
-0.083698 0.000000 
-0.187637 -0.000000 
0.145805 -0.000000 
-0.338790 0.000000 
-0.389822 -0.000000 
0.320593 0.000000 
0.121021 0.000000 
0.070370 0.000000 
-0.169564 -0.000000 
-0.223752 0.000000 
0.419608 -0.000000 
-0.143141 0.000000 
0.271917 -0.000000 
0.212111 0.000000 
0.960912 0.000000 
-0.100292 0.000000 
-0.816344 0.000000 
-0.608200 -0.000000 
0.079847 0.000000 
-0.616426 0.000000 
-1.056102 -0.000000 
0.253595 0.000000 
0.812628 -0.000000 
-0.118424 0.000000 
-0.386855 0.000000 
-0.185586 0.000000 
-0.368092 0.000000 
0.366068 -0.000000 
-1.196356 0.000000 
-0.390533 0.000000 
0.326714 0.000000 
-0.746759 0.000000 
0.127499 0.000000 
0.673847 0.000000 
0.182074 0.000000 
-0.444526 0.000000 
0.366156 0.000000 
0.791532 0.000000 
-0.380793 0.000000 
0.057191 0.000000 
-0.021070 0.000000 
0.850581 0.000000 
-0.081418 0.000000 
-0.494589 0.000000 
0.882144 0.000000 
0.096610 0.000000 
-0.329837 0.000000 
-0.010600 -0.000000 
-0.625651 -0.000000 
-0.246754 -0.000000 
0.042254 0.000000 
-0.453926 0.000000 
-0.102542 -0.000000 
-1.095877 0.000000 
-0.069593 0.000000 
-0.341404 -0.000000 
0.409852 0.000000 
-0.476541 0.000000 
-0.665325 0.000000 
-0.265521 0.000000 
-0.265699 0.000000 
0.148815 0.000000 
0.171863 -0.000000 
0.283785 0.000000 
0.695421 0.000000 
0.503436 -0.000000 
0.175032 -0.000000 
0.476354 0.000000 
-0.466415 -0.000000 
-0.047970 0.000000 
-0.017737 0.000000 
0.132040 0.000000 
0.007246 0.000000 
-0.015294 0.000000 
0.330315 0.000000 
1.024939 0.000000 
0.570145 -0.000000 
0.088175 0.000000 
-0.082363 0.000000 
0.538380 0.000000 
-0.069921 0.000000 
0.241516 0.000000 
-0.545087 0.000000 
0.282593 0.000000 
0.072827 0.000000 
0.596732 0.000000 
0.492238 -0.000000 
-0.039574 0.000000 
-0.752953 0.000000 
-0.911165 -0.000000 
0.002153 0.000000 
-0.781824 -0.000000 
0.326929 0.000000 
-0.446449 -0.000000 
-0.965230 -0.000000 
-0.021515 0.000000 
-0.342866 0.000000 
-0.039076 -0.000000 
-0.434432 -0.000000 
-0.527130 0.000000 
-0.097805 0.000000 
-0.159866 0.000000 
-0.577467 0.000000 
0.364331 0.000000 
-0.298190 0.000000 
0.069168 -0.000000 
-0.012100 0.000000 
-0.755122 -0.000000 
-0.472344 -0.000000 
0.178291 0.000000 
-0.341147 0.000000 
0.711409 0.000000 
0.531543 0.000000 
-0.665704 -0.000000 
0.556815 0.000000 
0.499190 0.000000 
0.335235 -0.000000 
0.749549 0.000000 
0.185494 -0.000000 
-0.101295 -0.000000 
-0.371282 0.000000 
0.314745 0.000000 
-0.124019 -0.000000 
0.106700 0.000000 
-0.935942 0.000000 
-0.301874 0.000000 
-0.073972 0.000000 
0.398229 -0.000000 
0.763842 -0.000000 
-0.157655 0.000000 
-0.154285 0.000000 
-0.023911 0.000000 
-0.055366 -0.000000 
1.004980 0.000000 
0.311460 0.000000 
-0.775532 0.000000 
-0.095652 0.000000 
-0.368270 0.000000 
0.778581 0.000000 
-0.359550 -0.000000 
0.393372 0.000000 
-0.347602 -0.000000 
0.541233 0.000000 
-0.117701 0.000000 
0.614242 -0.000000 
0.539384 0.000000 
1.080459 0.000000 
-0.308340 0.000000 
-0.121072 0.000000 
-0.346524 -0.000000 
0.188757 0.000000 
-0.653775 0.000000 
1.155688 0.000000 
-0.461246 0.000000 
-0.613709 0.000000 
-0.451740 0.000000 
0.410530 0.000000 
0.098753 0.000000 
0.751352 0.000000 
0.840555 -0.000000 
-0.143988 -0.000000 
-0.478758 0.000000 
-0.084040 0.000000 
0.158229 0.000000 
0.233841 0.000000 
0.351638 0.000000 
-0.444849 0.000000 
0.033682 -0.000000 
-0.506930 0.000000 
-0.626784 0.000000 
-0.329981 -0.000000 
-0.250584 0.000000 
-0.464866 0.000000 
-0.786546 -0.000000 
-0.117776 -0.000000 
-0.317054 0.000000 
-0.053340 0.000000 
-0.344355 0.000000 
0.333706 -0.000000 
0.298655 0.000000 
0.219316 0.000000 
0.071117 -0.000000 
-0.212367 -0.000000 
-0.538188 -0.000000 
-0.882811 -0.000000 
-0.562506 0.000000 
0.556932 0.000000 
-0.235239 0.000000 
0.550606 -0.000000 
-0.308445 0.000000 
0.146249 0.000000 
0.468261 0.000000 
0.446115 -0.000000 
0.153326 0.000000 
-0.037743 0.000000 
-0.049881 0.000000 
0.541037 0.000000 
0.163442 0.000000 
-0.206639 -0.000000 
-0.093931 0.000000 
0.013533 0.000000 
-0.312728 -0.000000 
0.734927 -0.000000 
0.056374 0.000000 
-0.461141 -0.000000 
0.019768 -0.000000 
0.246107 0.000000 
0.499827 0.000000 
-0.361267 -0.000000 
-0.543527 -0.000000 
-0.880928 -0.000000 
0.597860 -0.000000 
-0.365034 0.000000 
0.558429 0.000000 
-0.387980 -0.000000 
-0.353422 -0.000000 
0.171149 0.000000 
0.096556 -0.000000 
0.170071 0.000000 
-0.207519 0.000000 
0.699083 0.000000 
-1.130854 0.000000 
-0.172952 0.000000 
0.220783 0.000000 
0.035246 0.000000 
-0.391399 0.000000 
-1.041021 0.000000 
0.272155 -0.000000 
-0.482815 0.000000 
0.632367 0.000000 
-0.115557 0.000000 
-0.065459 -0.000000 
-0.271279 0.000000 
0.446973 -0.000000 
-0.630111 0.000000 
0.412527 0.000000 
0.115527 0.000000 
-0.400012 -0.000000 
0.261611 0.000000 
0.106568 0.000000 
0.650747 0.000000 
0.324084 -0.000000 
-0.415478 -0.000000 
0.628288 0.000000 
-1.144874 0.000000 
-0.865766 0.000000 
-0.706347 0.000000 
0.353714 0.000000 
-0.354114 0.000000 
0.357139 0.000000 
-0.452373 0.000000 
0.116012 0.000000 
0.067615 0.000000 
-0.190586 -0.000000 
0.018046 0.000000 
-0.278105 0.000000 
0.454201 -0.000000 
-0.876674 -0.000000 
0.140705 0.000000 
-0.533119 0.000000 
0.185995 0.000000 
-0.254293 0.000000 
0.659450 -0.000000 
-0.216303 -0.000000 
0.140341 0.000000 
0.466527 0.000000 
0.482548 -0.000000 
-0.587077 0.000000 
0.313982 -0.000000 
-0.562967 0.000000 
-0.536854 -0.000000 
0.273789 0.000000 
0.479461 0.000000 
1.292501 0.000000 
-0.120319 -0.000000 
0.456434 0.000000 
-0.378510 -0.000000 
0.318532 -0.000000 
