T	 |m|	 <m[0]>	 <m[1]>	 <E>	 dim_{Lat}=2	 L=128,128	 J=1.000000,1.000000	 {/Symbol s}_J=0.000000,0.000000	 <J_{ij}>=0.000000,0.000000	 dim_{Spin}=2	 h=0.000000,0.000000	 {/Symbol s}_h=0.500000,0.000000	 <h_i>=-0.000085,0.000000	 order=1.000000,0.000000	 order_h=0	 order_r=1	 (thermalizing-MCS,averaging-MCS)/{/Symbol D}T=(128000,12800)/0.010000	 
Cooling... 
2.000000	 0.041774	 -0.001113	 -0.000042	 -0.606394	 
1.990000	 0.042443	 0.000256	 -0.001454	 -0.610635	 
1.980000	 0.042687	 -0.001090	 -0.001078	 -0.614938	 
1.970000	 0.042660	 -0.000638	 -0.002337	 -0.618514	 
1.960000	 0.042109	 0.000389	 -0.000713	 -0.621762	 
1.950000	 0.042053	 0.000778	 -0.000458	 -0.624979	 
1.940000	 0.042938	 -0.000992	 0.000116	 -0.628604	 
1.930000	 0.042874	 -0.001505	 0.000733	 -0.631330	 
1.920000	 0.043276	 -0.000405	 -0.001633	 -0.636077	 
1.910000	 0.043212	 -0.000777	 -0.001608	 -0.640631	 
1.900000	 0.043602	 -0.000748	 -0.002990	 -0.644480	 
1.890000	 0.043690	 -0.000495	 -0.002538	 -0.648238	 
1.880000	 0.044225	 0.000773	 -0.001028	 -0.652174	 
1.870000	 0.042965	 -0.000216	 0.002158	 -0.655633	 
1.860000	 0.044195	 -0.001388	 -0.000408	 -0.659680	 
1.850000	 0.044335	 -0.001541	 -0.000076	 -0.664113	 
1.840000	 0.044606	 0.000408	 -0.001156	 -0.668513	 
1.830000	 0.044643	 -0.002010	 -0.002330	 -0.673291	 
1.820000	 0.044791	 -0.000582	 -0.002452	 -0.678138	 
1.810000	 0.044937	 0.001139	 -0.001693	 -0.681860	 
1.800000	 0.044309	 0.001036	 -0.000111	 -0.685329	 
1.790000	 0.044745	 -0.001227	 0.000320	 -0.690160	 
1.780000	 0.045462	 -0.001462	 0.001103	 -0.693798	 
1.770000	 0.045606	 -0.000310	 -0.003034	 -0.699411	 
1.760000	 0.045320	 -0.000324	 -0.000999	 -0.705070	 
1.750000	 0.046207	 -0.002246	 -0.002886	 -0.709500	 
1.740000	 0.045911	 -0.000285	 -0.002282	 -0.714138	 
1.730000	 0.045906	 0.001373	 -0.000846	 -0.718496	 
1.720000	 0.045834	 -0.001187	 0.000105	 -0.723045	 
1.710000	 0.046485	 -0.001320	 -0.000023	 -0.727776	 
1.700000	 0.047737	 -0.000983	 0.000208	 -0.733104	 
1.690000	 0.047460	 -0.000746	 -0.000749	 -0.738539	 
1.680000	 0.046746	 -0.002344	 -0.003232	 -0.744532	 
1.670000	 0.047675	 -0.000187	 -0.001704	 -0.749809	 
1.660000	 0.048123	 0.000045	 -0.002178	 -0.755212	 
1.650000	 0.046487	 0.000564	 0.000887	 -0.760051	 
1.640000	 0.048543	 -0.001391	 0.001752	 -0.765173	 
1.630000	 0.048327	 -0.000867	 0.000664	 -0.770631	 
1.620000	 0.049162	 0.000226	 -0.001028	 -0.776344	 
1.610000	 0.048786	 -0.002160	 -0.002526	 -0.783059	 
1.600000	 0.049405	 -0.002105	 -0.004540	 -0.789389	 
1.590000	 0.050124	 -0.001144	 -0.002096	 -0.794954	 
1.580000	 0.049077	 0.001442	 -0.000946	 -0.801071	 
1.570000	 0.050014	 -0.000606	 -0.000736	 -0.806062	 
1.560000	 0.049655	 -0.000792	 0.000539	 -0.812074	 
1.550000	 0.051406	 -0.000808	 -0.000523	 -0.819299	 
1.540000	 0.050783	 -0.000344	 -0.000688	 -0.825698	 
1.530000	 0.051789	 -0.001973	 -0.003288	 -0.832751	 
1.520000	 0.051055	 -0.001208	 -0.002194	 -0.839037	 
1.510000	 0.052690	 0.002255	 -0.000832	 -0.845844	 
1.500000	 0.051236	 0.000507	 0.003187	 -0.851512	 
1.490000	 0.051591	 -0.001705	 0.002611	 -0.858339	 
1.480000	 0.054648	 -0.003045	 0.001683	 -0.865893	 
1.470000	 0.053667	 -0.000373	 -0.001503	 -0.873251	 
1.460000	 0.053655	 -0.002532	 -0.001490	 -0.881612	 
1.450000	 0.054026	 -0.001348	 -0.004807	 -0.889492	 
1.440000	 0.055683	 0.001114	 -0.003817	 -0.896322	 
1.430000	 0.053315	 0.001874	 0.001679	 -0.902827	 
1.420000	 0.056664	 0.000693	 -0.000120	 -0.910886	 
1.410000	 0.056718	 -0.003346	 0.004629	 -0.917843	 
1.400000	 0.056930	 -0.000726	 -0.002888	 -0.927428	 
1.390000	 0.057986	 -0.002464	 -0.003381	 -0.935562	 
1.380000	 0.057344	 -0.001779	 -0.009534	 -0.943935	 
1.370000	 0.057394	 -0.001418	 -0.006690	 -0.951603	 
1.360000	 0.057956	 0.000954	 -0.004284	 -0.960145	 
1.350000	 0.060368	 0.001666	 0.006170	 -0.968177	 
1.340000	 0.060589	 -0.003031	 0.004632	 -0.976610	 
1.330000	 0.061759	 -0.003990	 0.000167	 -0.986202	 
1.320000	 0.061149	 0.000837	 -0.001764	 -0.995666	 
1.310000	 0.062290	 -0.001687	 -0.008910	 -1.005797	 
1.300000	 0.064280	 -0.000809	 -0.008453	 -1.014677	 
1.290000	 0.064142	 0.004904	 -0.006562	 -1.025407	 
1.280000	 0.061839	 0.000942	 0.000684	 -1.032819	 
1.270000	 0.067544	 -0.001574	 -0.000003	 -1.042000	 
1.260000	 0.068842	 -0.001768	 0.004879	 -1.052162	 
1.250000	 0.066606	 0.000034	 -0.007156	 -1.062538	 
1.240000	 0.066291	 -0.000904	 -0.001558	 -1.073605	 
1.230000	 0.065267	 -0.001713	 -0.018280	 -1.084896	 
1.220000	 0.072627	 -0.000768	 -0.008597	 -1.094175	 
1.210000	 0.066196	 0.002096	 -0.006670	 -1.103905	 
1.200000	 0.069153	 -0.001461	 0.005108	 -1.114406	 
1.190000	 0.072316	 -0.001302	 0.004557	 -1.125168	 
1.180000	 0.076621	 0.001044	 0.003312	 -1.136277	 
1.170000	 0.074160	 0.001838	 -0.000767	 -1.148276	 
1.160000	 0.078334	 -0.000496	 -0.020366	 -1.161780	 
1.150000	 0.080802	 0.001740	 -0.011602	 -1.170640	 
1.140000	 0.085603	 0.002679	 -0.021605	 -1.183714	 
1.130000	 0.078538	 0.001440	 0.002444	 -1.193472	 
1.120000	 0.085546	 -0.000971	 0.001298	 -1.205110	 
1.110000	 0.082556	 0.000458	 0.024544	 -1.216872	 
1.100000	 0.092914	 0.004147	 0.010308	 -1.229326	 
1.090000	 0.086304	 0.001786	 -0.035842	 -1.241777	 
1.080000	 0.097345	 -0.001672	 -0.058020	 -1.254809	 
1.070000	 0.112281	 -0.000948	 -0.039758	 -1.268636	 
1.060000	 0.100169	 0.004569	 0.006242	 -1.277883	 
1.050000	 0.100291	 0.002797	 -0.017373	 -1.290134	 
1.040000	 0.108778	 -0.006347	 0.056558	 -1.302744	 
1.030000	 0.108264	 -0.001748	 0.032243	 -1.315211	 
1.020000	 0.109794	 -0.002461	 -0.020459	 -1.326950	 
1.010000	 0.182724	 -0.000862	 -0.166863	 -1.344890	 
1.000000	 0.206286	 -0.003243	 -0.149884	 -1.356327	 
0.990000	 0.176912	 0.014402	 -0.141604	 -1.370855	 
0.980000	 0.149809	 0.008269	 -0.075150	 -1.379205	 
0.970000	 0.132167	 0.002543	 -0.091352	 -1.390491	 
0.960000	 0.221716	 -0.006175	 -0.195513	 -1.405700	 
0.950000	 0.462871	 0.011157	 -0.460163	 -1.426987	 
0.940000	 0.490752	 -0.009380	 -0.488535	 -1.441554	 
0.930000	 0.519046	 -0.001366	 -0.517210	 -1.453673	 
0.920000	 0.556774	 0.003857	 -0.555208	 -1.466724	 
0.910000	 0.551334	 0.002338	 -0.549294	 -1.475135	 
0.900000	 0.581462	 0.004047	 -0.579818	 -1.487903	 
0.890000	 0.580606	 -0.001193	 -0.579273	 -1.496109	 
0.880000	 0.597365	 0.000001	 -0.595601	 -1.507626	 
0.870000	 0.604208	 -0.004228	 -0.602601	 -1.518049	 
0.860000	 0.620836	 -0.014034	 -0.618847	 -1.528446	 
0.850000	 0.626426	 0.006276	 -0.625052	 -1.537264	 
0.840000	 0.623681	 0.007483	 -0.622293	 -1.545467	 
0.830000	 0.634697	 0.003846	 -0.633290	 -1.554260	 
0.820000	 0.636366	 0.002742	 -0.634854	 -1.561830	 
0.810000	 0.646845	 0.007849	 -0.645457	 -1.571184	 
0.800000	 0.657060	 -0.001895	 -0.655453	 -1.580277	 
0.790000	 0.662706	 -0.005679	 -0.661383	 -1.588919	 
0.780000	 0.673033	 -0.001053	 -0.671804	 -1.597345	 
0.770000	 0.676938	 0.008603	 -0.675627	 -1.605079	 
0.760000	 0.676559	 0.005872	 -0.675064	 -1.611694	 
0.750000	 0.680826	 0.003171	 -0.679536	 -1.618954	 
0.740000	 0.682883	 0.003631	 -0.681512	 -1.626447	 
0.730000	 0.691469	 0.001768	 -0.690289	 -1.634525	 
0.720000	 0.697018	 -0.000973	 -0.695896	 -1.642229	 
0.710000	 0.699428	 -0.004021	 -0.698567	 -1.649704	 
0.700000	 0.706487	 0.001575	 -0.705435	 -1.657110	 
0.690000	 0.708630	 0.003050	 -0.707710	 -1.663708	 
0.680000	 0.706807	 0.004858	 -0.705701	 -1.669734	 
0.670000	 0.715519	 0.000258	 -0.714441	 -1.676892	 
0.660000	 0.719910	 0.002452	 -0.718823	 -1.683745	 
0.650000	 0.721053	 0.000586	 -0.720080	 -1.690805	 
0.640000	 0.726446	 -0.004484	 -0.725768	 -1.698063	 
0.630000	 0.732639	 -0.003306	 -0.731782	 -1.704536	 
0.620000	 0.736119	 0.006985	 -0.735204	 -1.711020	 
0.610000	 0.735470	 0.004535	 -0.734645	 -1.717388	 
0.600000	 0.739506	 0.003517	 -0.738758	 -1.723414	 
0.590000	 0.743246	 0.003722	 -0.742323	 -1.729606	 
0.580000	 0.746592	 -0.001424	 -0.745911	 -1.736469	 
0.570000	 0.752497	 0.001252	 -0.751769	 -1.743112	 
0.560000	 0.757752	 -0.008408	 -0.757117	 -1.749614	 
0.550000	 0.759559	 -0.006510	 -0.758894	 -1.755625	 
0.540000	 0.760648	 0.003897	 -0.760003	 -1.761509	 
0.530000	 0.762785	 0.003091	 -0.762112	 -1.767577	 
0.520000	 0.764350	 0.009190	 -0.763629	 -1.773210	 
0.510000	 0.768219	 0.004671	 -0.767500	 -1.779670	 
0.500000	 0.772836	 0.005067	 -0.772068	 -1.785952	 
0.490000	 0.777431	 -0.004774	 -0.776882	 -1.792200	 
0.480000	 0.780854	 0.005038	 -0.780353	 -1.798054	 
0.470000	 0.783787	 0.000055	 -0.783278	 -1.803986	 
0.460000	 0.783210	 0.002541	 -0.782719	 -1.809352	 
0.450000	 0.785233	 0.004996	 -0.784793	 -1.815418	 
0.440000	 0.789464	 0.009081	 -0.788879	 -1.820974	 
0.430000	 0.795128	 -0.001193	 -0.794597	 -1.826908	 
0.420000	 0.798897	 -0.003450	 -0.798390	 -1.832947	 
0.410000	 0.803230	 -0.001871	 -0.802797	 -1.838855	 
0.400000	 0.804165	 0.008020	 -0.803777	 -1.844400	 
0.390000	 0.805297	 0.006234	 -0.804816	 -1.849891	 
0.380000	 0.807328	 0.004206	 -0.806914	 -1.855581	 
0.370000	 0.811406	 0.003977	 -0.811079	 -1.861177	 
0.360000	 0.813259	 0.000161	 -0.812849	 -1.866698	 
0.350000	 0.817767	 -0.000509	 -0.817331	 -1.872602	 
0.340000	 0.820454	 -0.001457	 -0.820182	 -1.878330	 
0.330000	 0.825353	 0.003702	 -0.825042	 -1.883695	 
0.320000	 0.824972	 -0.000376	 -0.824696	 -1.889188	 
0.310000	 0.825694	 0.006561	 -0.825394	 -1.894633	 
0.300000	 0.828856	 -0.000755	 -0.828577	 -1.900159	 
0.290000	 0.831629	 -0.000812	 -0.831266	 -1.905599	 
0.280000	 0.834751	 0.000472	 -0.834468	 -1.911023	 
0.270000	 0.839199	 0.000541	 -0.838998	 -1.916609	 
0.260000	 0.842889	 0.004402	 -0.842600	 -1.922066	 
0.250000	 0.844270	 0.001060	 -0.844036	 -1.927307	 
0.240000	 0.846565	 0.001414	 -0.846391	 -1.932719	 
0.230000	 0.849021	 -0.001758	 -0.848810	 -1.938106	 
0.220000	 0.851608	 0.001417	 -0.851418	 -1.943295	 
0.210000	 0.852864	 0.001304	 -0.852709	 -1.948642	 
0.200000	 0.856583	 0.004317	 -0.856429	 -1.954047	 
0.190000	 0.859367	 -0.000175	 -0.859240	 -1.959259	 
0.180000	 0.862114	 0.002793	 -0.861993	 -1.964662	 
0.170000	 0.864976	 0.001035	 -0.864888	 -1.969889	 
0.160000	 0.866726	 0.001421	 -0.866623	 -1.974923	 
0.150000	 0.868741	 0.004005	 -0.868628	 -1.980124	 
0.140000	 0.872653	 -0.001050	 -0.872543	 -1.985408	 
0.130000	 0.873447	 0.003565	 -0.873365	 -1.990556	 
0.120000	 0.875607	 0.001848	 -0.875520	 -1.995797	 
0.110000	 0.879120	 0.001042	 -0.879070	 -2.000935	 
0.100000	 0.880933	 -0.000954	 -0.880885	 -2.006091	 
0.090000	 0.884782	 0.003434	 -0.884733	 -2.011146	 
0.080000	 0.886380	 0.001739	 -0.886340	 -2.016304	 
0.070000	 0.888857	 0.003402	 -0.888818	 -2.021383	 
0.060000	 0.891361	 0.003774	 -0.891328	 -2.026505	 
0.050000	 0.893932	 0.003236	 -0.893883	 -2.031593	 
0.040000	 0.896781	 0.001836	 -0.896768	 -2.036615	 
0.030000	 0.898880	 0.001557	 -0.898867	 -2.041690	 
0.020000	 0.900639	 0.004239	 -0.900620	 -2.046696	 
0.010000	 0.903246	 0.003270	 -0.903237	 -2.051708	 
