T	 |m|	 <m[0]>	 <m[1]>	 <E>	 dim_{Lat}=2	 L=128,128	 J=1.000000,1.000000	 {/Symbol s}_J=0.000000,0.000000	 <J_{ij}>=0.000000,0.000000	 dim_{Spin}=2	 h=0.125000,0.000000	 {/Symbol s}_h=0.500000,0.000000	 <h_i>=0.006889,0.000000	 order=1.000000,0.000000	 order_h=0	 order_r=1	 (thermalizing-MCS,averaging-MCS)/{/Symbol D}T=(128000,12800)/0.010000	 
Cooling... 
2.000000	 0.126216	 0.121173	 0.000059	 -0.637979	 
1.990000	 0.128914	 0.124151	 -0.001624	 -0.642755	 
1.980000	 0.130261	 0.125331	 -0.001072	 -0.647607	 
1.970000	 0.132218	 0.127295	 -0.002177	 -0.651854	 
1.960000	 0.134406	 0.129772	 -0.000851	 -0.656130	 
1.950000	 0.136145	 0.131544	 -0.000387	 -0.659990	 
1.940000	 0.137349	 0.132587	 -0.000240	 -0.663547	 
1.930000	 0.137706	 0.133105	 0.000360	 -0.666744	 
1.920000	 0.140473	 0.136006	 -0.001354	 -0.672214	 
1.910000	 0.142798	 0.138235	 -0.000746	 -0.677280	 
1.900000	 0.144739	 0.140258	 -0.003015	 -0.681984	 
1.890000	 0.146628	 0.142091	 -0.002389	 -0.686830	 
1.880000	 0.149819	 0.145207	 -0.001832	 -0.691830	 
1.870000	 0.150830	 0.146525	 0.001625	 -0.695149	 
1.860000	 0.152197	 0.147909	 -0.000570	 -0.700005	 
1.850000	 0.154446	 0.150104	 -0.001020	 -0.704436	 
1.840000	 0.157936	 0.153809	 -0.001425	 -0.710279	 
1.830000	 0.159192	 0.154899	 -0.002726	 -0.715101	 
1.820000	 0.162480	 0.158292	 -0.002128	 -0.721413	 
1.810000	 0.167357	 0.163275	 -0.001426	 -0.727093	 
1.800000	 0.168250	 0.164238	 -0.000269	 -0.731220	 
1.790000	 0.169733	 0.165570	 0.000066	 -0.736197	 
1.780000	 0.171866	 0.167699	 0.000911	 -0.740804	 
1.770000	 0.174839	 0.170762	 -0.003252	 -0.747045	 
1.760000	 0.178217	 0.174183	 -0.000789	 -0.753264	 
1.750000	 0.180537	 0.176431	 -0.003366	 -0.759068	 
1.740000	 0.183731	 0.179762	 -0.001959	 -0.764846	 
1.730000	 0.188397	 0.184389	 -0.000767	 -0.771362	 
1.720000	 0.189528	 0.185651	 0.000838	 -0.775719	 
1.710000	 0.191540	 0.187779	 -0.000003	 -0.781015	 
1.700000	 0.196783	 0.192850	 -0.000116	 -0.788189	 
1.690000	 0.200113	 0.196291	 -0.001461	 -0.794773	 
1.680000	 0.203518	 0.199702	 -0.003474	 -0.802041	 
1.670000	 0.206913	 0.203194	 -0.002309	 -0.809123	 
1.660000	 0.211557	 0.207788	 -0.002635	 -0.816024	 
1.650000	 0.214512	 0.211114	 0.000677	 -0.821431	 
1.640000	 0.218290	 0.214467	 0.001660	 -0.828012	 
1.630000	 0.221644	 0.218128	 0.000515	 -0.834132	 
1.620000	 0.226299	 0.222539	 -0.000920	 -0.842157	 
1.610000	 0.230238	 0.226801	 -0.002260	 -0.849931	 
1.600000	 0.234093	 0.230388	 -0.004203	 -0.857838	 
1.590000	 0.238352	 0.234784	 -0.002835	 -0.864976	 
1.580000	 0.244911	 0.241538	 -0.000522	 -0.873274	 
1.570000	 0.248907	 0.245337	 0.000923	 -0.879691	 
1.560000	 0.251934	 0.248666	 0.001732	 -0.886651	 
1.550000	 0.257400	 0.253872	 0.000040	 -0.895020	 
1.540000	 0.262903	 0.259544	 -0.001986	 -0.903844	 
1.530000	 0.267584	 0.264001	 -0.003169	 -0.912528	 
1.520000	 0.272807	 0.269478	 -0.004907	 -0.921432	 
1.510000	 0.279372	 0.276201	 -0.001705	 -0.930311	 
1.500000	 0.284540	 0.281407	 0.001208	 -0.937805	 
1.490000	 0.289845	 0.286599	 0.001505	 -0.946365	 
1.480000	 0.294057	 0.290500	 0.001533	 -0.954556	 
1.470000	 0.302811	 0.299477	 -0.001054	 -0.965323	 
1.460000	 0.306646	 0.303246	 -0.001248	 -0.974409	 
1.450000	 0.313901	 0.310572	 -0.004689	 -0.984942	 
1.440000	 0.320614	 0.317325	 -0.004270	 -0.994696	 
1.430000	 0.327264	 0.324197	 -0.000525	 -1.003396	 
1.420000	 0.333885	 0.330871	 -0.000048	 -1.013006	 
1.410000	 0.338381	 0.335197	 0.003053	 -1.021321	 
1.400000	 0.347021	 0.343874	 -0.002835	 -1.033446	 
1.390000	 0.353380	 0.350082	 -0.002009	 -1.044327	 
1.380000	 0.360189	 0.356838	 -0.006540	 -1.055210	 
1.370000	 0.367149	 0.363858	 -0.004674	 -1.065751	 
1.360000	 0.375602	 0.372608	 -0.004618	 -1.077049	 
1.350000	 0.384152	 0.381130	 0.002655	 -1.086259	 
1.340000	 0.389418	 0.386421	 -0.000840	 -1.097001	 
1.330000	 0.397471	 0.394564	 -0.001162	 -1.107463	 
1.320000	 0.407090	 0.404220	 -0.000831	 -1.120905	 
1.310000	 0.415049	 0.411893	 -0.004010	 -1.132920	 
1.300000	 0.420784	 0.417639	 -0.004632	 -1.143920	 
1.290000	 0.431714	 0.428618	 -0.004663	 -1.157091	 
1.280000	 0.438626	 0.435764	 -0.001483	 -1.166707	 
1.270000	 0.446991	 0.444213	 -0.000926	 -1.178302	 
1.260000	 0.454378	 0.451427	 0.001016	 -1.188894	 
1.250000	 0.463757	 0.460854	 -0.004428	 -1.202508	 
1.240000	 0.470531	 0.467573	 -0.000273	 -1.213682	 
1.230000	 0.477414	 0.474431	 -0.004277	 -1.226431	 
1.220000	 0.486012	 0.482769	 -0.007301	 -1.237537	 
1.210000	 0.496128	 0.493005	 -0.006775	 -1.250588	 
1.200000	 0.504708	 0.501866	 0.002457	 -1.261764	 
1.190000	 0.511920	 0.509208	 -0.000526	 -1.272780	 
1.180000	 0.521171	 0.518187	 0.001761	 -1.285293	 
1.170000	 0.528055	 0.524961	 0.006405	 -1.298040	 
1.160000	 0.536572	 0.533587	 -0.004082	 -1.311277	 
1.150000	 0.543012	 0.539614	 -0.004146	 -1.322182	 
1.140000	 0.552301	 0.549081	 -0.005299	 -1.335012	 
1.130000	 0.561089	 0.557909	 -0.005800	 -1.346432	 
1.120000	 0.568985	 0.566365	 -0.000692	 -1.357788	 
1.110000	 0.576432	 0.573526	 0.002931	 -1.368539	 
1.100000	 0.582998	 0.579825	 0.000712	 -1.380604	 
1.090000	 0.588919	 0.586233	 -0.007192	 -1.392033	 
1.080000	 0.596208	 0.592644	 -0.014694	 -1.403076	 
1.070000	 0.603040	 0.599521	 -0.010011	 -1.414366	 
1.060000	 0.611957	 0.608762	 -0.008333	 -1.426376	 
1.050000	 0.620141	 0.617322	 0.000301	 -1.436722	 
1.040000	 0.623369	 0.620639	 0.001093	 -1.446169	 
1.030000	 0.630329	 0.627969	 0.001947	 -1.457844	 
1.020000	 0.634742	 0.631941	 0.005276	 -1.467573	 
1.010000	 0.643340	 0.640305	 -0.015551	 -1.479380	 
1.000000	 0.646859	 0.643643	 -0.006036	 -1.488419	 
0.990000	 0.656590	 0.653700	 -0.012044	 -1.500031	 
0.980000	 0.661652	 0.657849	 -0.006965	 -1.509422	 
0.970000	 0.668301	 0.665124	 0.007654	 -1.519690	 
0.960000	 0.670947	 0.668600	 0.006298	 -1.528110	 
0.950000	 0.677752	 0.675120	 -0.006793	 -1.538281	 
0.940000	 0.683383	 0.680235	 0.001318	 -1.548436	 
0.930000	 0.687086	 0.684076	 -0.015182	 -1.556828	 
0.920000	 0.692385	 0.689081	 -0.018995	 -1.566272	 
0.910000	 0.697479	 0.694629	 -0.000942	 -1.575275	 
0.900000	 0.702665	 0.699597	 -0.007644	 -1.584017	 
0.890000	 0.705968	 0.703038	 -0.009963	 -1.591902	 
0.880000	 0.712179	 0.708910	 -0.003471	 -1.601371	 
0.870000	 0.714793	 0.712624	 -0.013029	 -1.609239	 
0.860000	 0.718779	 0.715792	 -0.021761	 -1.617857	 
0.850000	 0.721551	 0.718435	 -0.016639	 -1.625683	 
0.840000	 0.726635	 0.723021	 -0.003626	 -1.633776	 
0.830000	 0.733996	 0.730895	 -0.000791	 -1.642410	 
0.820000	 0.735990	 0.733474	 -0.000708	 -1.649977	 
0.810000	 0.739956	 0.737629	 0.005816	 -1.657129	 
0.800000	 0.741151	 0.738739	 0.003860	 -1.664914	 
0.790000	 0.746813	 0.743909	 -0.015629	 -1.673528	 
0.780000	 0.750621	 0.747535	 -0.008093	 -1.680797	 
0.770000	 0.753282	 0.750110	 -0.025735	 -1.688095	 
0.760000	 0.759197	 0.757103	 0.002884	 -1.695428	 
0.750000	 0.762352	 0.759531	 0.009079	 -1.702808	 
0.740000	 0.767056	 0.764649	 -0.010947	 -1.709395	 
0.730000	 0.768567	 0.766580	 0.011087	 -1.716532	 
0.720000	 0.771260	 0.769153	 -0.006112	 -1.723647	 
0.710000	 0.776461	 0.773607	 -0.023669	 -1.731013	 
0.700000	 0.776703	 0.773673	 -0.022396	 -1.736929	 
0.690000	 0.781333	 0.778516	 -0.015859	 -1.744232	 
0.680000	 0.786152	 0.782746	 0.021984	 -1.751177	 
0.670000	 0.788762	 0.785587	 0.019599	 -1.757647	 
0.660000	 0.792626	 0.790638	 -0.012104	 -1.763774	 
0.650000	 0.796182	 0.794539	 -0.014325	 -1.770797	 
0.640000	 0.796805	 0.794460	 -0.013699	 -1.777501	 
0.630000	 0.801225	 0.798276	 -0.029624	 -1.783764	 
0.620000	 0.803068	 0.800927	 0.003755	 -1.790111	 
0.610000	 0.806776	 0.804076	 0.019582	 -1.796608	 
0.600000	 0.810093	 0.808033	 -0.002347	 -1.803126	 
0.590000	 0.814690	 0.812434	 0.000400	 -1.809166	 
0.580000	 0.816162	 0.814022	 -0.021936	 -1.815348	 
0.570000	 0.819183	 0.816623	 -0.028509	 -1.821558	 
0.560000	 0.822497	 0.820626	 -0.028970	 -1.827909	 
0.550000	 0.823055	 0.821330	 0.000975	 -1.833690	 
0.540000	 0.828272	 0.825454	 0.001459	 -1.839411	 
0.530000	 0.831291	 0.828464	 0.031128	 -1.845915	 
0.520000	 0.834666	 0.831905	 -0.016062	 -1.851517	 
0.510000	 0.835815	 0.833633	 -0.020931	 -1.857473	 
0.500000	 0.837574	 0.835740	 -0.016302	 -1.863585	 
0.490000	 0.841622	 0.838305	 -0.046375	 -1.870031	 
0.480000	 0.842679	 0.841269	 -0.013060	 -1.875408	 
0.470000	 0.847157	 0.845644	 0.008219	 -1.880981	 
0.460000	 0.851951	 0.850173	 0.004154	 -1.886922	 
0.450000	 0.852897	 0.850785	 0.000178	 -1.892862	 
0.440000	 0.856526	 0.853124	 -0.050973	 -1.898640	 
0.430000	 0.860986	 0.857023	 -0.053976	 -1.904611	 
0.420000	 0.860355	 0.858170	 -0.033424	 -1.910197	 
0.410000	 0.864343	 0.861829	 -0.024459	 -1.915922	 
0.400000	 0.864212	 0.863153	 -0.014783	 -1.921268	 
0.390000	 0.869347	 0.866873	 -0.037303	 -1.926714	 
0.380000	 0.873664	 0.871226	 0.017381	 -1.932590	 
0.370000	 0.874912	 0.870463	 -0.058581	 -1.938286	 
0.360000	 0.879033	 0.876856	 -0.019767	 -1.943845	 
0.350000	 0.878579	 0.876005	 0.000401	 -1.949388	 
0.340000	 0.881930	 0.880514	 0.020514	 -1.954962	 
0.330000	 0.884997	 0.882966	 0.041755	 -1.960084	 
0.320000	 0.887421	 0.886600	 -0.006100	 -1.965800	 
0.310000	 0.888179	 0.886751	 0.009414	 -1.971087	 
0.300000	 0.897302	 0.895760	 0.006337	 -1.976543	 
0.290000	 0.896691	 0.894042	 -0.026259	 -1.982129	 
0.280000	 0.896973	 0.896094	 0.000415	 -1.987532	 
0.270000	 0.897037	 0.896020	 0.031301	 -1.993002	 
0.260000	 0.900815	 0.899190	 -0.034174	 -1.998269	 
0.250000	 0.907970	 0.907279	 0.009604	 -2.003673	 
0.240000	 0.906568	 0.905483	 0.028893	 -2.008938	 
0.230000	 0.911222	 0.909784	 0.030965	 -2.014347	 
0.220000	 0.911998	 0.910258	 -0.042813	 -2.019579	 
0.210000	 0.915732	 0.914450	 0.036824	 -2.024789	 
0.200000	 0.914533	 0.911728	 -0.036416	 -2.030242	 
0.190000	 0.917841	 0.917247	 -0.024807	 -2.035508	 
0.180000	 0.922773	 0.922079	 -0.026258	 -2.040666	 
0.170000	 0.926130	 0.923102	 -0.055697	 -2.045918	 
0.160000	 0.924164	 0.923574	 0.002782	 -2.051132	 
0.150000	 0.930066	 0.929528	 0.002075	 -2.056208	 
0.140000	 0.930279	 0.927688	 -0.062219	 -2.061528	 
0.130000	 0.935501	 0.933458	 -0.058843	 -2.066597	 
0.120000	 0.933883	 0.929404	 -0.089323	 -2.071907	 
0.110000	 0.936496	 0.931860	 -0.091380	 -2.077005	 
0.100000	 0.939600	 0.937994	 -0.043152	 -2.082150	 
0.090000	 0.941735	 0.939736	 -0.058442	 -2.087244	 
0.080000	 0.942736	 0.940502	 -0.062502	 -2.092386	 
0.070000	 0.944212	 0.943238	 -0.040064	 -2.097478	 
0.060000	 0.946333	 0.942902	 -0.078670	 -2.102588	 
0.050000	 0.946408	 0.944559	 -0.057074	 -2.107619	 
0.040000	 0.949221	 0.947298	 -0.059231	 -2.112681	 
0.030000	 0.948214	 0.946473	 -0.056754	 -2.117741	 
0.020000	 0.951524	 0.949775	 -0.057482	 -2.122753	 
0.010000	 0.952833	 0.951100	 -0.057307	 -2.127751	 
