T	 |m|	 <m[0]>	 <m[1]>	 <E>	 dim_{Lat}=2	 L=128,128	 J=1.000000,1.000000	 {/Symbol s}_J=0.000000,0.000000	 <J_{ij}>=0.000000,0.000000	 dim_{Spin}=2	 h=0.125000,0.000000	 {/Symbol s}_h=0.500000,0.000000	 <h_i>=-0.004579,0.000000	 order=1.000000,0.000000	 order_h=0	 order_r=1	 (thermalizing-MCS,averaging-MCS)/{/Symbol D}T=(128000,12800)/0.010000	 
Cooling... 
2.000000	 0.116883	 0.111318	 -0.000354	 -0.631974	 
1.990000	 0.119183	 0.113959	 -0.001858	 -0.636966	 
1.980000	 0.120321	 0.114929	 -0.001216	 -0.641640	 
1.970000	 0.122000	 0.116627	 -0.002229	 -0.645731	 
1.960000	 0.124456	 0.119347	 -0.001010	 -0.649982	 
1.950000	 0.126063	 0.121006	 0.000012	 -0.653551	 
1.940000	 0.126496	 0.121242	 0.000147	 -0.656779	 
1.930000	 0.127211	 0.122102	 0.000175	 -0.660492	 
1.920000	 0.129766	 0.124728	 -0.001205	 -0.665767	 
1.910000	 0.131494	 0.126473	 -0.000933	 -0.670414	 
1.900000	 0.133902	 0.129009	 -0.002822	 -0.675179	 
1.890000	 0.134971	 0.130062	 -0.002424	 -0.679586	 
1.880000	 0.138023	 0.133007	 -0.001308	 -0.684448	 
1.870000	 0.139153	 0.134336	 0.002092	 -0.687927	 
1.860000	 0.140908	 0.135986	 -0.000458	 -0.692472	 
1.850000	 0.142705	 0.137956	 -0.000726	 -0.697245	 
1.840000	 0.146256	 0.141644	 -0.001437	 -0.703054	 
1.830000	 0.147056	 0.142406	 -0.002396	 -0.707848	 
1.820000	 0.149754	 0.145088	 -0.002178	 -0.713583	 
1.810000	 0.154128	 0.149561	 -0.000747	 -0.718794	 
1.800000	 0.155934	 0.151482	 -0.000017	 -0.723249	 
1.790000	 0.156711	 0.152208	 0.000137	 -0.727841	 
1.780000	 0.158431	 0.153877	 0.000817	 -0.732329	 
1.770000	 0.162227	 0.157777	 -0.002905	 -0.739096	 
1.760000	 0.164596	 0.160285	 -0.001108	 -0.744984	 
1.750000	 0.166166	 0.161653	 -0.003090	 -0.750166	 
1.740000	 0.169499	 0.165246	 -0.002457	 -0.756155	 
1.730000	 0.174269	 0.170002	 -0.001007	 -0.762260	 
1.720000	 0.175003	 0.170677	 0.001049	 -0.766346	 
1.710000	 0.177682	 0.173482	 -0.000721	 -0.772082	 
1.700000	 0.181759	 0.177425	 -0.000258	 -0.779150	 
1.690000	 0.184873	 0.180790	 -0.000723	 -0.785011	 
1.680000	 0.187823	 0.183777	 -0.003626	 -0.792123	 
1.670000	 0.191461	 0.187419	 -0.002088	 -0.798752	 
1.660000	 0.195930	 0.191883	 -0.002082	 -0.805388	 
1.650000	 0.198777	 0.195070	 0.001390	 -0.811172	 
1.640000	 0.201889	 0.197907	 0.001933	 -0.817213	 
1.630000	 0.205749	 0.201802	 -0.000303	 -0.823839	 
1.620000	 0.209982	 0.205987	 -0.000898	 -0.831308	 
1.610000	 0.212648	 0.208898	 -0.002588	 -0.838639	 
1.600000	 0.217715	 0.213588	 -0.004747	 -0.846675	 
1.590000	 0.221797	 0.217862	 -0.002590	 -0.853558	 
1.580000	 0.226705	 0.222943	 -0.000060	 -0.861158	 
1.570000	 0.230994	 0.227168	 0.000703	 -0.867823	 
1.560000	 0.233543	 0.229979	 0.000426	 -0.874271	 
1.550000	 0.239402	 0.235567	 -0.000048	 -0.882807	 
1.540000	 0.244925	 0.241153	 -0.000689	 -0.891943	 
1.530000	 0.248675	 0.244678	 -0.004366	 -0.899835	 
1.520000	 0.253905	 0.250324	 -0.003436	 -0.908316	 
1.510000	 0.261321	 0.257861	 -0.000694	 -0.917757	 
1.500000	 0.265518	 0.262113	 0.002251	 -0.924787	 
1.490000	 0.270622	 0.266998	 0.001496	 -0.933113	 
1.480000	 0.274466	 0.270724	 0.000608	 -0.941335	 
1.470000	 0.282672	 0.279108	 -0.001456	 -0.951562	 
1.460000	 0.286444	 0.282799	 -0.002740	 -0.960691	 
1.450000	 0.293029	 0.289344	 -0.005673	 -0.970708	 
1.440000	 0.299334	 0.295754	 -0.003674	 -0.979972	 
1.430000	 0.306390	 0.303074	 -0.000963	 -0.988932	 
1.420000	 0.312149	 0.308813	 0.000932	 -0.997733	 
1.410000	 0.317382	 0.313963	 0.003110	 -1.006566	 
1.400000	 0.324761	 0.321145	 -0.001944	 -1.017997	 
1.390000	 0.331487	 0.328239	 -0.002691	 -1.028408	 
1.380000	 0.338878	 0.335322	 -0.006971	 -1.039409	 
1.370000	 0.345781	 0.342157	 -0.006261	 -1.049971	 
1.360000	 0.353887	 0.350537	 -0.003474	 -1.060581	 
1.350000	 0.361684	 0.358405	 0.003202	 -1.069998	 
1.340000	 0.366568	 0.363290	 -0.000540	 -1.079744	 
1.330000	 0.374747	 0.371494	 -0.000519	 -1.091301	 
1.320000	 0.384729	 0.381661	 -0.002628	 -1.104238	 
1.310000	 0.391281	 0.387761	 -0.004928	 -1.115511	 
1.300000	 0.398055	 0.394755	 -0.004828	 -1.126956	 
1.290000	 0.409055	 0.405747	 -0.005294	 -1.139685	 
1.280000	 0.415597	 0.412395	 -0.003325	 -1.149540	 
1.270000	 0.424721	 0.421591	 -0.004619	 -1.160662	 
1.260000	 0.432805	 0.429194	 0.001039	 -1.172041	 
1.250000	 0.441341	 0.437921	 -0.009369	 -1.185273	 
1.240000	 0.449189	 0.445879	 -0.001969	 -1.197377	 
1.230000	 0.456908	 0.453448	 -0.006594	 -1.209521	 
1.220000	 0.464329	 0.460666	 -0.007171	 -1.220406	 
1.210000	 0.475130	 0.471806	 -0.005647	 -1.233818	 
1.200000	 0.482763	 0.479770	 0.001366	 -1.244431	 
1.190000	 0.490250	 0.487384	 -0.000017	 -1.255883	 
1.180000	 0.498935	 0.495476	 -0.000688	 -1.268121	 
1.170000	 0.507816	 0.504632	 0.001655	 -1.280942	 
1.160000	 0.515417	 0.512035	 -0.008646	 -1.293904	 
1.150000	 0.523809	 0.520182	 -0.008668	 -1.305257	 
1.140000	 0.533013	 0.529562	 -0.006876	 -1.317812	 
1.130000	 0.541398	 0.538288	 -0.003420	 -1.329704	 
1.120000	 0.550671	 0.547904	 0.003758	 -1.340974	 
1.110000	 0.557599	 0.554385	 0.008246	 -1.352048	 
1.100000	 0.565884	 0.562143	 -0.003139	 -1.365209	 
1.090000	 0.570867	 0.567517	 -0.005254	 -1.376124	 
1.080000	 0.578780	 0.575045	 -0.019222	 -1.387477	 
1.070000	 0.586717	 0.582790	 -0.018370	 -1.399557	 
1.060000	 0.594951	 0.590983	 -0.012416	 -1.411133	 
1.050000	 0.603363	 0.600492	 0.003088	 -1.421476	 
1.040000	 0.609145	 0.605934	 -0.005284	 -1.431694	 
1.030000	 0.616365	 0.613230	 -0.000702	 -1.442848	 
1.020000	 0.621700	 0.618924	 -0.001787	 -1.453117	 
1.010000	 0.628340	 0.625052	 -0.013969	 -1.465160	 
1.000000	 0.632818	 0.629545	 -0.005117	 -1.474188	 
0.990000	 0.641142	 0.637522	 -0.004315	 -1.485445	 
0.980000	 0.649475	 0.645686	 -0.003835	 -1.495595	 
0.970000	 0.652781	 0.648420	 0.003103	 -1.505585	 
0.960000	 0.659586	 0.656458	 0.008376	 -1.515117	 
0.950000	 0.665182	 0.662060	 -0.010012	 -1.524727	 
0.940000	 0.670937	 0.668141	 0.004026	 -1.534882	 
0.930000	 0.675901	 0.672708	 -0.020909	 -1.543795	 
0.920000	 0.678960	 0.676078	 -0.015399	 -1.553189	 
0.910000	 0.684583	 0.681613	 0.003409	 -1.562162	 
0.900000	 0.691517	 0.688525	 0.003781	 -1.571499	 
0.890000	 0.691790	 0.688532	 0.012843	 -1.579039	 
0.880000	 0.700194	 0.696612	 0.009330	 -1.588283	 
0.870000	 0.703277	 0.700138	 -0.018257	 -1.596992	 
0.860000	 0.705736	 0.702288	 -0.028494	 -1.605443	 
0.850000	 0.709455	 0.705634	 -0.025806	 -1.613410	 
0.840000	 0.715560	 0.711490	 -0.007122	 -1.621480	 
0.830000	 0.722432	 0.719171	 -0.013279	 -1.629965	 
0.820000	 0.727688	 0.724426	 0.004798	 -1.638009	 
0.810000	 0.727950	 0.725041	 0.000928	 -1.645296	 
0.800000	 0.733229	 0.730467	 -0.018416	 -1.653208	 
0.790000	 0.735665	 0.732100	 -0.044077	 -1.661410	 
0.780000	 0.739534	 0.735646	 -0.003485	 -1.668512	 
0.770000	 0.742598	 0.739410	 -0.021599	 -1.675888	 
0.760000	 0.747354	 0.743642	 0.000241	 -1.683767	 
0.750000	 0.752856	 0.749110	 0.005158	 -1.691032	 
0.740000	 0.755883	 0.752589	 -0.014873	 -1.697738	 
0.730000	 0.756583	 0.754000	 -0.013347	 -1.704859	 
0.720000	 0.762940	 0.760378	 -0.014713	 -1.712008	 
0.710000	 0.765808	 0.762937	 -0.019657	 -1.719265	 
0.700000	 0.767827	 0.763798	 -0.044117	 -1.725622	 
0.690000	 0.769907	 0.766176	 -0.004953	 -1.732736	 
0.680000	 0.774422	 0.771330	 -0.021136	 -1.739844	 
0.670000	 0.779093	 0.776628	 0.008578	 -1.746117	 
0.660000	 0.778961	 0.776998	 -0.000849	 -1.752398	 
0.650000	 0.783071	 0.781210	 0.017332	 -1.759354	 
0.640000	 0.785422	 0.782078	 -0.044793	 -1.766060	 
0.630000	 0.788961	 0.785123	 -0.052088	 -1.772366	 
0.620000	 0.791952	 0.787775	 0.016291	 -1.778647	 
0.610000	 0.796257	 0.793912	 0.016237	 -1.785150	 
0.600000	 0.800356	 0.798156	 -0.000180	 -1.791681	 
0.590000	 0.803630	 0.800546	 -0.030889	 -1.797701	 
0.580000	 0.805087	 0.802968	 -0.017041	 -1.803968	 
0.570000	 0.807054	 0.804911	 0.011497	 -1.810366	 
0.560000	 0.809894	 0.808392	 -0.002177	 -1.816600	 
0.550000	 0.811820	 0.810642	 0.008309	 -1.822264	 
0.540000	 0.816028	 0.812978	 0.001195	 -1.828187	 
0.530000	 0.820314	 0.817051	 -0.021378	 -1.834544	 
0.520000	 0.824999	 0.820846	 -0.028040	 -1.840551	 
0.510000	 0.822600	 0.819676	 -0.031662	 -1.846258	 
0.500000	 0.830664	 0.827765	 -0.045709	 -1.852300	 
0.490000	 0.829351	 0.827361	 0.006779	 -1.858583	 
0.480000	 0.830765	 0.826396	 -0.071611	 -1.864257	 
0.470000	 0.831515	 0.829886	 -0.015247	 -1.869846	 
0.460000	 0.840296	 0.837450	 0.010916	 -1.875595	 
0.450000	 0.841501	 0.838169	 0.013831	 -1.881761	 
0.440000	 0.842688	 0.836727	 -0.084987	 -1.887532	 
0.430000	 0.846858	 0.844287	 -0.024700	 -1.893314	 
0.420000	 0.846058	 0.844451	 -0.010987	 -1.899299	 
0.410000	 0.849689	 0.848200	 0.019793	 -1.904895	 
0.400000	 0.849368	 0.847857	 -0.016738	 -1.910246	 
0.390000	 0.857510	 0.856031	 -0.004071	 -1.915483	 
0.380000	 0.862158	 0.859412	 -0.036306	 -1.921371	 
0.370000	 0.861580	 0.856623	 -0.073398	 -1.927219	 
0.360000	 0.862884	 0.859638	 0.052605	 -1.932796	 
0.350000	 0.864143	 0.859187	 -0.081432	 -1.938330	 
0.340000	 0.866062	 0.860791	 -0.088818	 -1.943930	 
0.330000	 0.871124	 0.862971	 -0.110035	 -1.949100	 
0.320000	 0.868092	 0.865318	 0.028940	 -1.954605	 
0.310000	 0.874484	 0.870762	 0.070493	 -1.959995	 
0.300000	 0.880032	 0.877436	 0.052943	 -1.965510	 
0.290000	 0.879019	 0.871396	 0.109670	 -1.971158	 
0.280000	 0.881468	 0.878563	 -0.056937	 -1.976547	 
0.270000	 0.878613	 0.876586	 -0.017708	 -1.982009	 
0.260000	 0.886085	 0.879956	 0.097258	 -1.987305	 
0.250000	 0.882030	 0.880780	 -0.028277	 -1.992641	 
0.240000	 0.886283	 0.884713	 0.035207	 -1.997932	 
0.230000	 0.889782	 0.888887	 -0.001822	 -2.003386	 
0.220000	 0.889071	 0.888152	 0.004298	 -2.008488	 
0.210000	 0.893125	 0.891859	 -0.041310	 -2.013823	 
0.200000	 0.896778	 0.894066	 -0.062316	 -2.019276	 
0.190000	 0.898997	 0.895437	 -0.074081	 -2.024534	 
0.180000	 0.902557	 0.898652	 -0.078064	 -2.029728	 
0.170000	 0.902279	 0.900909	 -0.035538	 -2.035034	 
0.160000	 0.903986	 0.899835	 -0.081782	 -2.040292	 
0.150000	 0.907541	 0.904006	 -0.074644	 -2.045288	 
0.140000	 0.911577	 0.908572	 -0.070428	 -2.050537	 
0.130000	 0.912664	 0.908225	 -0.087140	 -2.055751	 
0.120000	 0.912011	 0.905481	 -0.106958	 -2.060904	 
0.110000	 0.911903	 0.907130	 -0.090069	 -2.066105	 
0.100000	 0.916132	 0.909785	 -0.106385	 -2.071260	 
0.090000	 0.923086	 0.917518	 -0.100107	 -2.076372	 
0.080000	 0.917376	 0.915111	 -0.061395	 -2.081363	 
0.070000	 0.922173	 0.914472	 -0.117965	 -2.086557	 
0.060000	 0.925870	 0.921440	 -0.088953	 -2.091535	 
0.050000	 0.930249	 0.923705	 -0.109467	 -2.096675	 
0.040000	 0.928063	 0.922102	 -0.104617	 -2.101757	 
0.030000	 0.930525	 0.921434	 -0.129369	 -2.106808	 
0.020000	 0.934274	 0.926562	 -0.119479	 -2.111791	 
0.010000	 0.933678	 0.925750	 -0.121349	 -2.116815	 
