-2.048356 2.048356 
0.000000 0.500000 -0.018145 
0.000000 0.000000 0.000000 

-0.565555 -0.000000 
0.065724 -0.000000 
-0.503236 -0.000000 
-0.385793 -0.000000 
0.035027 0.000000 
0.261414 0.000000 
-0.268573 0.000000 
-0.749032 0.000000 
0.102765 0.000000 
0.459858 -0.000000 
-0.344060 0.000000 
-0.261111 0.000000 
0.050965 0.000000 
-0.127690 0.000000 
-0.366654 -0.000000 
-0.240091 0.000000 
0.235450 -0.000000 
-0.474774 0.000000 
-0.256857 0.000000 
-0.081858 -0.000000 
0.251967 0.000000 
-0.010375 0.000000 
1.216610 0.000000 
0.497942 -0.000000 
-0.056207 0.000000 
0.442285 0.000000 
0.694749 0.000000 
-0.224464 -0.000000 
0.747821 0.000000 
-0.475403 0.000000 
0.143212 0.000000 
-0.816420 0.000000 
0.158873 0.000000 
-0.138411 -0.000000 
0.220987 0.000000 
-0.031174 0.000000 
0.728005 0.000000 
-0.238136 0.000000 
0.092878 0.000000 
-0.399615 -0.000000 
0.289826 0.000000 
0.468280 0.000000 
0.116468 0.000000 
0.723186 -0.000000 
-0.795255 0.000000 
1.004173 0.000000 
0.223558 0.000000 
0.126675 -0.000000 
-0.039420 0.000000 
-0.512367 -0.000000 
-0.426270 0.000000 
-0.382001 0.000000 
-0.397874 0.000000 
-0.357435 -0.000000 
0.562669 0.000000 
-0.826484 0.000000 
0.546164 -0.000000 
0.001821 0.000000 
0.557293 0.000000 
0.503534 0.000000 
-0.521850 0.000000 
1.375814 0.000000 
-0.638179 -0.000000 
-0.252572 0.000000 
-0.482395 0.000000 
-0.379009 0.000000 
1.429539 0.000000 
0.803188 0.000000 
-0.631827 -0.000000 
-0.076933 0.000000 
-0.546649 0.000000 
-0.104472 0.000000 
-0.314986 0.000000 
0.260666 0.000000 
0.454307 0.000000 
-0.736873 -0.000000 
-0.602556 -0.000000 
-1.064733 0.000000 
-0.075393 -0.000000 
-0.086225 -0.000000 
-0.344553 0.000000 
-0.287411 0.000000 
0.879841 -0.000000 
-0.745804 0.000000 
-0.270188 0.000000 
-0.719497 0.000000 
0.642198 0.000000 
0.101133 -0.000000 
-0.066584 0.000000 
0.540810 0.000000 
0.326629 -0.000000 
-0.073365 0.000000 
0.066318 0.000000 
0.451061 -0.000000 
-0.856273 0.000000 
0.508503 0.000000 
1.048331 0.000000 
-0.602793 0.000000 
-0.818889 0.000000 
0.972930 0.000000 
0.244874 0.000000 
0.277245 0.000000 
-0.979957 0.000000 
-0.804783 -0.000000 
0.966489 0.000000 
-0.944664 0.000000 
-0.078611 0.000000 
0.592212 0.000000 
0.033392 -0.000000 
-0.642312 0.000000 
-0.012876 0.000000 
-0.397315 0.000000 
0.085561 -0.000000 
0.034585 0.000000 
0.581051 -0.000000 
-0.092057 0.000000 
0.664587 0.000000 
0.546784 0.000000 
0.411351 0.000000 
0.681604 0.000000 
-1.137507 0.000000 
0.173128 0.000000 
0.746797 -0.000000 
0.180053 -0.000000 
0.214215 0.000000 
-0.226969 -0.000000 
-0.517284 0.000000 
0.757406 0.000000 
-0.234169 0.000000 
-0.348223 0.000000 
-0.163295 0.000000 
-0.334108 0.000000 
-0.567427 0.000000 
-0.302900 -0.000000 
-0.202638 0.000000 
0.055162 0.000000 
0.058515 0.000000 
0.507645 -0.000000 
0.142625 -0.000000 
0.331285 -0.000000 
-0.992863 0.000000 
-0.024808 0.000000 
0.429127 0.000000 
1.290467 0.000000 
0.247243 0.000000 
-0.041966 0.000000 
0.269762 0.000000 
-0.064467 0.000000 
-0.451066 0.000000 
0.081410 0.000000 
0.012874 0.000000 
-0.110844 -0.000000 
0.104549 0.000000 
0.271764 0.000000 
1.108247 0.000000 
0.109069 0.000000 
0.061882 -0.000000 
-0.087525 0.000000 
-0.476062 0.000000 
0.391599 -0.000000 
0.411227 -0.000000 
0.393977 0.000000 
-0.199644 0.000000 
0.021425 -0.000000 
0.051869 0.000000 
-0.080343 0.000000 
-0.358750 0.000000 
0.051401 -0.000000 
-0.603441 0.000000 
0.728761 0.000000 
-0.098369 0.000000 
0.382475 0.000000 
1.790060 0.000000 
0.106928 -0.000000 
0.174309 -0.000000 
-0.514415 0.000000 
-0.405281 0.000000 
-0.595727 0.000000 
-0.159089 0.000000 
0.067000 0.000000 
0.470050 -0.000000 
0.162452 0.000000 
-0.358916 -0.000000 
0.206328 0.000000 
0.226435 0.000000 
0.673561 -0.000000 
0.339211 0.000000 
-0.576313 0.000000 
0.195097 0.000000 
0.079366 0.000000 
-0.304554 0.000000 
0.424810 -0.000000 
-0.282966 0.000000 
-0.300185 0.000000 
0.079866 0.000000 
0.512760 0.000000 
0.104877 -0.000000 
-0.091709 0.000000 
0.206573 0.000000 
-0.327443 -0.000000 
0.354221 0.000000 
-1.040820 0.000000 
0.327271 0.000000 
-0.365685 -0.000000 
-0.790857 -0.000000 
-0.223768 0.000000 
-0.562935 0.000000 
1.422509 0.000000 
-0.004261 0.000000 
0.357801 0.000000 
-0.029221 0.000000 
0.487284 0.000000 
-0.245859 0.000000 
-0.708061 -0.000000 
-0.727626 0.000000 
0.413557 0.000000 
-0.481477 0.000000 
0.328016 0.000000 
0.840681 -0.000000 
0.440995 0.000000 
0.425670 -0.000000 
-0.355694 -0.000000 
-0.417829 0.000000 
-0.570758 -0.000000 
-0.391954 0.000000 
-1.068638 0.000000 
0.622299 0.000000 
-0.008342 -0.000000 
-0.583196 -0.000000 
-0.111711 0.000000 
0.417187 0.000000 
0.307693 0.000000 
-0.452230 0.000000 
-0.183129 0.000000 
-0.377949 0.000000 
-0.527407 0.000000 
-0.065986 -0.000000 
0.015318 0.000000 
-0.314836 0.000000 
-0.005589 -0.000000 
-0.082301 -0.000000 
0.084493 -0.000000 
0.731736 0.000000 
1.097676 0.000000 
0.054187 -0.000000 
-0.835451 -0.000000 
-0.212874 0.000000 
-0.013873 -0.000000 
-0.366058 -0.000000 
0.541984 0.000000 
0.069190 -0.000000 
0.076789 0.000000 
-0.589125 -0.000000 
-0.737492 0.000000 
-1.089779 -0.000000 
-0.850857 -0.000000 
0.039955 0.000000 
0.339225 0.000000 
0.654222 0.000000 
-0.150988 -0.000000 
0.925766 -0.000000 
0.144046 0.000000 
-0.274407 0.000000 
-0.742627 0.000000 
-0.043445 0.000000 
-0.342286 -0.000000 
0.074540 0.000000 
0.347668 -0.000000 
-0.147814 0.000000 
0.727129 0.000000 
0.128692 -0.000000 
0.253874 0.000000 
0.189492 0.000000 
-0.796902 -0.000000 
-0.033093 0.000000 
0.079984 0.000000 
0.534788 0.000000 
-0.576307 -0.000000 
0.078546 -0.000000 
0.957001 -0.000000 
0.253076 0.000000 
0.313744 -0.000000 
-0.765649 -0.000000 
0.353070 0.000000 
0.084238 -0.000000 
-0.360580 0.000000 
0.124824 -0.000000 
0.777709 0.000000 
1.005638 -0.000000 
0.219588 0.000000 
-0.985692 0.000000 
-0.497107 0.000000 
-0.406058 0.000000 
0.668591 0.000000 
0.574922 0.000000 
0.004236 0.000000 
-0.107733 0.000000 
0.192618 0.000000 
-0.106309 0.000000 
0.018491 -0.000000 
-0.337834 0.000000 
0.286234 0.000000 
0.561556 0.000000 
-0.452880 -0.000000 
-0.435120 -0.000000 
-0.045879 0.000000 
-0.864713 0.000000 
-0.727122 -0.000000 
0.162791 0.000000 
0.289505 0.000000 
-0.181240 0.000000 
-0.624024 -0.000000 
0.175020 0.000000 
-0.664152 0.000000 
-0.328848 -0.000000 
0.395684 0.000000 
-0.547980 0.000000 
-0.237135 -0.000000 
-0.352845 0.000000 
0.460544 -0.000000 
0.331078 0.000000 
-0.534366 -0.000000 
-0.096926 0.000000 
-0.019112 -0.000000 
-0.032617 0.000000 
0.422944 -0.000000 
0.223763 0.000000 
-0.072280 0.000000 
-0.569498 0.000000 
0.098282 0.000000 
-0.343471 0.000000 
1.259323 0.000000 
0.005076 0.000000 
-0.149384 0.000000 
0.078329 0.000000 
-0.981039 -0.000000 
-0.570367 -0.000000 
-0.440332 0.000000 
-0.863171 0.000000 
-0.645749 -0.000000 
0.226271 0.000000 
1.105207 0.000000 
-0.530867 0.000000 
-0.448032 0.000000 
0.013770 -0.000000 
-1.097784 0.000000 
-0.133939 -0.000000 
-0.407576 -0.000000 
0.199485 0.000000 
-0.069766 0.000000 
-0.575036 0.000000 
0.169817 0.000000 
0.209363 0.000000 
-0.139110 -0.000000 
-0.278269 0.000000 
0.337678 0.000000 
0.702850 0.000000 
0.107165 0.000000 
0.899147 0.000000 
-0.221180 -0.000000 
-0.872863 0.000000 
0.043230 0.000000 
0.352953 -0.000000 
0.336637 0.000000 
0.152586 -0.000000 
0.667952 0.000000 
-0.161435 -0.000000 
0.025386 0.000000 
0.862698 0.000000 
-0.885021 0.000000 
-0.712767 0.000000 
1.310301 0.000000 
-0.068739 0.000000 
0.751284 0.000000 
-0.249587 0.000000 
0.513478 -0.000000 
-0.886904 0.000000 
-0.423511 -0.000000 
-0.314952 0.000000 
-0.182634 -0.000000 
-0.281443 -0.000000 
-0.330286 -0.000000 
-0.418260 0.000000 
0.832200 0.000000 
0.551498 -0.000000 
-0.184699 0.000000 
-0.573943 -0.000000 
-0.054088 0.000000 
0.214675 -0.000000 
0.321160 0.000000 
-0.150997 0.000000 
0.025549 0.000000 
-0.434095 0.000000 
0.248351 -0.000000 
0.144792 -0.000000 
-0.976831 0.000000 
0.621555 0.000000 
0.465208 0.000000 
-0.704759 -0.000000 
-0.477258 0.000000 
0.558516 0.000000 
0.181162 0.000000 
-0.091854 -0.000000 
-0.403511 0.000000 
-0.541291 -0.000000 
0.716384 0.000000 
0.270013 0.000000 
0.767926 0.000000 
0.030929 0.000000 
-0.660354 0.000000 
-0.661812 -0.000000 
0.475222 0.000000 
0.323126 -0.000000 
-0.205851 -0.000000 
-0.514108 -0.000000 
0.359996 0.000000 
-0.215144 0.000000 
-0.313679 0.000000 
-0.160596 0.000000 
0.645345 0.000000 
0.675987 -0.000000 
0.652607 0.000000 
-0.274119 0.000000 
0.033333 0.000000 
-0.689543 0.000000 
-0.104315 0.000000 
-0.161170 -0.000000 
0.093318 0.000000 
0.326535 -0.000000 
0.014061 -0.000000 
-1.398796 0.000000 
0.175963 0.000000 
-0.147171 -0.000000 
0.483676 0.000000 
0.680415 0.000000 
-0.858347 -0.000000 
0.497205 0.000000 
0.322685 0.000000 
0.732104 0.000000 
-0.300441 0.000000 
0.521162 -0.000000 
0.337033 0.000000 
-0.016768 0.000000 
0.275935 -0.000000 
0.325090 0.000000 
-0.024026 -0.000000 
0.564109 0.000000 
-0.765336 0.000000 
0.108148 0.000000 
0.478085 0.000000 
0.293229 0.000000 
0.768737 -0.000000 
-0.399197 -0.000000 
1.024664 -0.000000 
0.211585 0.000000 
-0.328748 -0.000000 
0.686860 -0.000000 
-0.057313 -0.000000 
0.334232 0.000000 
-0.589525 0.000000 
-0.083755 -0.000000 
-0.585981 0.000000 
0.933444 0.000000 
0.357249 0.000000 
0.403766 0.000000 
0.621610 0.000000 
-0.488076 0.000000 
0.454828 -0.000000 
-0.209573 0.000000 
-0.702785 -0.000000 
0.469547 0.000000 
-0.452815 -0.000000 
0.096499 0.000000 
-0.943403 0.000000 
-0.886097 0.000000 
-0.291851 0.000000 
0.130251 0.000000 
-0.042830 -0.000000 
0.176637 0.000000 
-0.095251 0.000000 
0.744596 -0.000000 
0.418555 0.000000 
-0.654078 -0.000000 
0.507435 0.000000 
-0.034799 0.000000 
0.480954 0.000000 
0.113601 0.000000 
-0.872149 0.000000 
-0.220565 0.000000 
-0.873878 -0.000000 
-0.379231 0.000000 
0.730245 0.000000 
-0.004798 -0.000000 
-0.396905 0.000000 
-0.440284 0.000000 
-0.115311 0.000000 
-0.076709 0.000000 
0.228234 -0.000000 
-0.991641 0.000000 
0.462536 -0.000000 
-0.194737 0.000000 
-0.101689 0.000000 
-0.154110 -0.000000 
0.131064 -0.000000 
-0.086018 0.000000 
-0.594771 0.000000 
-0.657094 0.000000 
-0.585133 0.000000 
0.765713 -0.000000 
-0.727074 0.000000 
-1.246737 -0.000000 
-0.538684 -0.000000 
-0.047774 0.000000 
-0.044283 0.000000 
-0.034655 0.000000 
-0.174108 0.000000 
-0.442384 0.000000 
-0.723300 -0.000000 
-0.134609 0.000000 
-1.310306 0.000000 
-0.085586 0.000000 
0.618457 -0.000000 
0.444273 0.000000 
-0.632013 0.000000 
0.417873 0.000000 
-0.045730 0.000000 
0.515696 0.000000 
-1.063503 0.000000 
0.091714 -0.000000 
-0.135032 0.000000 
-0.442704 -0.000000 
-0.003324 0.000000 
1.579232 0.000000 
-0.473205 0.000000 
-0.362775 0.000000 
-0.273532 0.000000 
0.154722 0.000000 
-0.345076 0.000000 
1.003488 0.000000 
0.059312 0.000000 
-0.082776 0.000000 
-0.084967 0.000000 
-0.537960 -0.000000 
0.403729 0.000000 
0.021871 0.000000 
0.556852 0.000000 
-0.065606 0.000000 
0.826877 -0.000000 
0.109590 0.000000 
-1.288684 -0.000000 
0.197183 0.000000 
-0.054584 0.000000 
0.181201 0.000000 
-0.166904 -0.000000 
1.376963 -0.000000 
-0.788518 -0.000000 
-0.834180 0.000000 
-0.022021 0.000000 
-0.583928 0.000000 
-0.025231 0.000000 
-0.652483 0.000000 
0.124503 0.000000 
0.008968 0.000000 
-0.247487 0.000000 
0.087612 0.000000 
-0.746940 0.000000 
-0.199224 -0.000000 
-0.033079 0.000000 
-0.189592 0.000000 
-0.360814 0.000000 
-0.527682 0.000000 
-0.146847 0.000000 
0.143042 0.000000 
-0.056710 -0.000000 
-0.008849 -0.000000 
0.059111 0.000000 
0.113931 -0.000000 
0.141240 0.000000 
-0.065603 0.000000 
-0.448070 0.000000 
0.595832 -0.000000 
-0.175587 0.000000 
0.068717 -0.000000 
-0.148575 -0.000000 
-0.589240 0.000000 
-0.318454 -0.000000 
0.641172 0.000000 
0.493075 -0.000000 
0.112736 0.000000 
0.067439 -0.000000 
-0.049956 -0.000000 
-0.883934 0.000000 
0.539937 0.000000 
0.574552 0.000000 
-0.793667 0.000000 
0.242193 0.000000 
0.200139 0.000000 
-0.650080 -0.000000 
-0.100529 0.000000 
-0.027280 0.000000 
-0.419853 0.000000 
0.378769 0.000000 
-0.563870 0.000000 
0.008984 0.000000 
0.407538 0.000000 
-0.528926 0.000000 
0.281325 -0.000000 
-0.221926 -0.000000 
0.094864 -0.000000 
-0.280716 0.000000 
-0.324454 -0.000000 
0.141929 -0.000000 
-0.241543 0.000000 
-0.290000 -0.000000 
0.372789 -0.000000 
0.426016 0.000000 
-0.350715 0.000000 
1.037068 0.000000 
0.234030 -0.000000 
0.142387 0.000000 
-0.274862 0.000000 
-0.075788 0.000000 
-0.388871 0.000000 
0.040814 0.000000 
-1.069033 0.000000 
-0.594580 0.000000 
-0.223271 0.000000 
-0.614501 0.000000 
0.016597 0.000000 
-0.379939 -0.000000 
-0.187899 0.000000 
-0.063335 0.000000 
0.039465 0.000000 
0.305953 0.000000 
0.218644 0.000000 
0.487129 0.000000 
-0.520647 0.000000 
0.512439 -0.000000 
0.177720 0.000000 
0.639469 0.000000 
-0.337263 -0.000000 
0.530244 0.000000 
-0.095472 -0.000000 
0.111331 -0.000000 
0.155678 -0.000000 
0.098303 0.000000 
-0.295930 -0.000000 
0.480536 0.000000 
-0.555112 0.000000 
-0.380048 -0.000000 
-0.113901 0.000000 
0.844778 0.000000 
-0.477587 0.000000 
-0.087553 0.000000 
-0.264657 0.000000 
0.851245 -0.000000 
0.606101 -0.000000 
-0.153237 0.000000 
-0.222311 0.000000 
0.623680 0.000000 
-1.061925 0.000000 
0.537136 -0.000000 
-0.532770 0.000000 
-0.175854 -0.000000 
-0.019680 0.000000 
0.121425 0.000000 
-1.118287 0.000000 
-0.151111 -0.000000 
0.749635 0.000000 
0.333168 0.000000 
-0.018689 0.000000 
-0.018333 0.000000 
-0.093774 0.000000 
-0.197489 0.000000 
0.169813 0.000000 
0.230768 -0.000000 
-0.394225 0.000000 
-0.413034 0.000000 
-0.867650 0.000000 
0.104225 0.000000 
-1.117499 0.000000 
0.922561 -0.000000 
0.487094 -0.000000 
-0.727227 0.000000 
0.078533 0.000000 
0.472057 -0.000000 
-0.685461 0.000000 
-0.384620 0.000000 
-0.810155 -0.000000 
0.443948 0.000000 
-0.173212 0.000000 
-0.120005 0.000000 
0.365618 0.000000 
0.126509 0.000000 
0.534989 0.000000 
0.514505 -0.000000 
-0.694798 -0.000000 
0.031582 0.000000 
-0.645358 0.000000 
-0.969886 -0.000000 
-0.271074 0.000000 
-0.605836 -0.000000 
-0.430213 0.000000 
0.778524 0.000000 
-0.448279 0.000000 
0.441808 0.000000 
-0.266844 -0.000000 
-0.944680 0.000000 
-0.435240 -0.000000 
0.856342 0.000000 
-0.463148 0.000000 
0.017832 0.000000 
-0.798186 -0.000000 
-0.015978 0.000000 
-0.591682 0.000000 
0.797638 -0.000000 
0.333765 0.000000 
-0.524926 0.000000 
0.317169 -0.000000 
-0.052543 -0.000000 
-0.806911 -0.000000 
0.485996 0.000000 
0.070135 -0.000000 
0.418841 0.000000 
0.491141 0.000000 
0.090361 -0.000000 
-0.268429 0.000000 
0.010176 0.000000 
0.504619 -0.000000 
-0.166589 0.000000 
-0.156878 -0.000000 
-0.446540 -0.000000 
-0.086609 0.000000 
-0.280124 -0.000000 
-0.203711 0.000000 
-0.051213 -0.000000 
-0.019869 0.000000 
0.170120 -0.000000 
-0.446278 0.000000 
0.604860 -0.000000 
-0.684673 0.000000 
0.223157 -0.000000 
0.343716 0.000000 
-0.723215 0.000000 
-0.337994 0.000000 
-0.245949 0.000000 
-0.800287 0.000000 
-0.625860 -0.000000 
0.514545 0.000000 
-0.440712 0.000000 
-0.545975 0.000000 
-0.279335 0.000000 
0.003790 0.000000 
-0.356728 0.000000 
-0.777269 0.000000 
0.051561 0.000000 
-0.303361 0.000000 
0.282576 -0.000000 
-0.153205 -0.000000 
-0.071918 0.000000 
0.114228 0.000000 
0.474741 -0.000000 
-0.514132 0.000000 
0.685374 0.000000 
-0.679046 0.000000 
-0.132025 0.000000 
-0.082976 0.000000 
0.043598 0.000000 
0.310811 0.000000 
-0.112529 -0.000000 
0.828500 0.000000 
0.484045 0.000000 
-0.314210 -0.000000 
-1.420034 0.000000 
-0.341528 0.000000 
0.257420 -0.000000 
0.380475 0.000000 
-0.031152 -0.000000 
1.476490 -0.000000 
0.160917 0.000000 
0.374964 0.000000 
0.145460 0.000000 
-0.857864 0.000000 
-0.115436 0.000000 
0.627376 0.000000 
-0.146869 -0.000000 
-0.246489 0.000000 
0.139804 0.000000 
-0.848257 0.000000 
0.396037 0.000000 
0.230856 0.000000 
-0.272894 0.000000 
-0.226261 0.000000 
-0.585433 0.000000 
0.627374 -0.000000 
0.857780 -0.000000 
0.760068 -0.000000 
0.536673 0.000000 
0.760365 0.000000 
0.023981 -0.000000 
-0.449187 0.000000 
-0.410218 0.000000 
-0.716373 0.000000 
-0.511052 0.000000 
-0.354050 -0.000000 
0.626620 -0.000000 
0.050619 -0.000000 
0.551263 -0.000000 
0.523085 0.000000 
0.742136 -0.000000 
0.655400 0.000000 
0.372512 0.000000 
-0.589738 0.000000 
0.525795 0.000000 
0.270609 0.000000 
-0.013360 0.000000 
-0.171633 0.000000 
0.575221 0.000000 
-0.001261 0.000000 
-0.895985 0.000000 
-0.304296 0.000000 
0.188211 0.000000 
-0.324383 0.000000 
0.247830 -0.000000 
0.248172 0.000000 
0.182358 -0.000000 
0.262300 -0.000000 
0.037506 0.000000 
0.919247 0.000000 
-0.619753 0.000000 
0.627306 0.000000 
-1.002131 -0.000000 
-0.046430 0.000000 
-0.121980 0.000000 
0.161182 0.000000 
-0.129474 0.000000 
-0.035432 0.000000 
-0.398773 -0.000000 
-0.448638 0.000000 
-0.840811 0.000000 
0.177895 0.000000 
0.797088 0.000000 
0.797911 -0.000000 
-0.371236 0.000000 
-0.083220 0.000000 
0.253525 0.000000 
0.587322 0.000000 
0.604162 0.000000 
-0.022026 -0.000000 
-0.271378 0.000000 
0.503590 0.000000 
0.321767 0.000000 
-0.418614 0.000000 
-0.413533 0.000000 
0.179160 -0.000000 
0.258790 0.000000 
-1.061054 -0.000000 
-0.182060 0.000000 
-0.227861 0.000000 
0.293836 0.000000 
-0.159239 -0.000000 
-0.243434 -0.000000 
0.930864 0.000000 
-0.124003 0.000000 
0.450929 0.000000 
0.031189 -0.000000 
0.285308 0.000000 
-0.888531 0.000000 
-1.068334 0.000000 
-0.136869 0.000000 
-0.051501 -0.000000 
-0.288029 0.000000 
-0.163724 -0.000000 
0.286599 0.000000 
0.331716 0.000000 
-0.024345 -0.000000 
-0.754875 0.000000 
-0.239306 0.000000 
-0.576918 0.000000 
0.515457 0.000000 
-0.228696 0.000000 
-0.976322 0.000000 
-0.303847 -0.000000 
0.223481 0.000000 
-0.010313 0.000000 
0.250266 0.000000 
0.017002 0.000000 
0.196813 0.000000 
-0.372827 0.000000 
0.676508 0.000000 
0.395334 0.000000 
0.059423 0.000000 
0.103831 -0.000000 
0.551178 0.000000 
-1.006206 0.000000 
0.214260 0.000000 
-0.625770 0.000000 
-0.081732 0.000000 
-0.197964 0.000000 
0.460053 -0.000000 
0.332320 -0.000000 
-0.610527 -0.000000 
0.787463 0.000000 
-0.032217 0.000000 
-1.065374 0.000000 
0.252768 0.000000 
-0.037717 -0.000000 
0.313109 -0.000000 
-0.586466 0.000000 
0.052982 -0.000000 
-0.636365 0.000000 
-0.475568 0.000000 
-0.330133 0.000000 
0.581272 -0.000000 
0.084258 -0.000000 
0.084559 0.000000 
0.861379 0.000000 
-0.094752 -0.000000 
0.253183 0.000000 
0.110871 0.000000 
-0.117715 -0.000000 
0.096029 -0.000000 
0.432107 0.000000 
-0.084583 0.000000 
-0.209247 0.000000 
0.189669 0.000000 
0.087543 0.000000 
-0.122061 -0.000000 
0.417005 0.000000 
1.147381 0.000000 
0.020593 0.000000 
-0.526291 0.000000 
0.179914 0.000000 
0.470606 0.000000 
-1.021664 0.000000 
0.361156 -0.000000 
-0.015761 0.000000 
-0.247958 -0.000000 
0.299812 -0.000000 
-0.082829 0.000000 
0.715981 0.000000 
0.321601 -0.000000 
0.514661 0.000000 
-0.102602 0.000000 
0.705221 0.000000 
-0.014202 -0.000000 
0.198069 -0.000000 
0.369977 0.000000 
-0.450284 -0.000000 
-0.480628 0.000000 
-0.089753 0.000000 
-0.024100 -0.000000 
0.933089 -0.000000 
-0.439534 0.000000 
0.032806 -0.000000 
-0.464970 0.000000 
0.741112 0.000000 
-0.471506 -0.000000 
0.671849 -0.000000 
-0.043331 -0.000000 
0.026255 0.000000 
-0.239106 0.000000 
0.127587 0.000000 
-0.358022 -0.000000 
0.010868 0.000000 
-0.080329 0.000000 
-0.016519 -0.000000 
-0.357420 -0.000000 
-0.306507 0.000000 
0.272395 -0.000000 
-0.410698 0.000000 
0.475831 -0.000000 
-0.513641 0.000000 
-0.406752 -0.000000 
0.206121 0.000000 
0.143266 0.000000 
0.599520 0.000000 
-0.453342 0.000000 
0.648394 0.000000 
-0.151726 0.000000 
0.469609 0.000000 
-0.725811 0.000000 
0.070100 0.000000 
0.178824 0.000000 
0.534333 0.000000 
0.231370 0.000000 
-0.066807 0.000000 
0.120123 -0.000000 
-0.161705 0.000000 
1.357566 -0.000000 
-0.271662 -0.000000 
0.209664 0.000000 
-0.524897 0.000000 
-0.584225 0.000000 
-0.111031 0.000000 
0.132621 0.000000 
0.467922 -0.000000 
0.177692 0.000000 
0.350399 0.000000 
-0.240783 0.000000 
0.284807 0.000000 
-0.661870 0.000000 
-0.046891 0.000000 
0.248673 0.000000 
-0.031211 0.000000 
0.578758 -0.000000 
0.378505 0.000000 
0.816724 0.000000 
-0.208225 0.000000 
0.380236 0.000000 
0.253842 0.000000 
-0.669704 -0.000000 
-0.096958 -0.000000 
-0.720197 -0.000000 
0.158544 -0.000000 
-0.548268 0.000000 
0.374170 0.000000 
-0.259661 0.000000 
-0.855061 0.000000 
0.527637 -0.000000 
0.187556 -0.000000 
0.196742 0.000000 
-0.527183 0.000000 
0.048513 -0.000000 
