-2.048356 2.048356 
0.000000 0.500000 -0.024933 
0.000000 0.000000 0.000000 

0.329362 0.000000 
0.640733 0.000000 
-0.186244 -0.000000 
0.521363 0.000000 
-0.090894 -0.000000 
0.015231 0.000000 
-0.629165 0.000000 
0.133894 0.000000 
-0.114916 0.000000 
0.923562 0.000000 
-0.264743 -0.000000 
-0.230103 0.000000 
-0.491868 0.000000 
0.559663 -0.000000 
0.132389 -0.000000 
-0.217525 -0.000000 
-0.459116 -0.000000 
0.098589 0.000000 
-0.261117 0.000000 
0.395475 0.000000 
0.999483 -0.000000 
0.949191 0.000000 
-0.478684 -0.000000 
0.301365 0.000000 
-0.338847 -0.000000 
0.159169 -0.000000 
0.541181 -0.000000 
0.122538 0.000000 
-0.179407 0.000000 
-0.429211 -0.000000 
0.410497 -0.000000 
-1.070057 0.000000 
-0.338285 -0.000000 
0.314865 0.000000 
0.081622 0.000000 
-0.743681 0.000000 
-0.496484 -0.000000 
0.124430 -0.000000 
0.275569 0.000000 
-0.478759 -0.000000 
-0.294945 0.000000 
0.146425 0.000000 
-0.194763 0.000000 
0.884680 0.000000 
-0.500314 -0.000000 
-0.121420 0.000000 
-0.390150 -0.000000 
-0.408619 0.000000 
0.046138 0.000000 
-0.377017 0.000000 
-0.043388 0.000000 
0.184065 0.000000 
1.146959 0.000000 
0.218582 0.000000 
-0.533978 -0.000000 
0.148518 0.000000 
-0.410935 -0.000000 
-0.816564 0.000000 
0.148247 0.000000 
-0.064422 0.000000 
0.387269 0.000000 
0.247669 0.000000 
0.401700 0.000000 
-0.346500 0.000000 
-0.436037 -0.000000 
-0.194513 -0.000000 
0.091042 0.000000 
0.615206 0.000000 
-0.661031 0.000000 
-0.880717 0.000000 
-0.578491 -0.000000 
-0.463210 0.000000 
-0.318389 0.000000 
-0.885328 0.000000 
-0.043209 0.000000 
-0.266365 0.000000 
-0.155096 0.000000 
-0.076961 0.000000 
-0.100842 0.000000 
0.275648 0.000000 
-0.287971 0.000000 
-0.286688 0.000000 
0.030300 0.000000 
0.014567 -0.000000 
-0.300702 -0.000000 
-0.182489 -0.000000 
0.090758 0.000000 
-0.353498 0.000000 
-0.216868 0.000000 
-0.187503 0.000000 
-0.419641 0.000000 
-0.198238 0.000000 
0.662989 -0.000000 
-0.440478 0.000000 
-0.323113 0.000000 
0.101689 0.000000 
0.086929 0.000000 
0.453391 0.000000 
0.638966 0.000000 
0.374991 0.000000 
0.318221 0.000000 
-0.348659 0.000000 
0.706971 -0.000000 
0.610507 0.000000 
-0.622034 -0.000000 
0.603925 0.000000 
-0.012674 0.000000 
0.423837 0.000000 
-0.604564 0.000000 
0.743982 0.000000 
0.449172 -0.000000 
-0.954475 0.000000 
-0.566640 0.000000 
0.553332 0.000000 
0.143883 -0.000000 
0.278321 -0.000000 
-0.385742 0.000000 
0.159824 0.000000 
-0.222758 0.000000 
-0.397980 0.000000 
0.119283 -0.000000 
-1.183354 0.000000 
0.891532 0.000000 
0.418558 0.000000 
-0.094546 -0.000000 
-0.499516 0.000000 
0.277872 -0.000000 
-0.358953 0.000000 
0.203212 0.000000 
0.009640 -0.000000 
-0.101104 0.000000 
-0.373226 0.000000 
-0.282378 0.000000 
0.498725 -0.000000 
-0.317484 -0.000000 
0.040910 0.000000 
-0.200916 -0.000000 
-0.185371 0.000000 
0.165930 0.000000 
-0.408196 -0.000000 
-0.170419 0.000000 
0.057447 -0.000000 
-0.429483 0.000000 
0.472874 -0.000000 
-0.364847 -0.000000 
0.686894 -0.000000 
0.491239 0.000000 
-0.069532 -0.000000 
0.538045 -0.000000 
0.796303 0.000000 
0.993266 -0.000000 
-0.115655 0.000000 
-0.175674 -0.000000 
0.479432 0.000000 
-0.097609 -0.000000 
0.038112 0.000000 
-0.456147 0.000000 
0.269723 0.000000 
0.811758 0.000000 
-0.137369 -0.000000 
-0.366626 -0.000000 
-0.095055 -0.000000 
0.477350 0.000000 
0.055146 0.000000 
-1.159688 0.000000 
-0.004650 -0.000000 
0.368121 0.000000 
-0.213688 0.000000 
-0.326017 0.000000 
-0.791636 -0.000000 
0.308382 0.000000 
-0.478809 0.000000 
-0.205453 -0.000000 
-1.459563 -0.000000 
0.398408 -0.000000 
0.239748 0.000000 
0.495192 -0.000000 
0.160921 0.000000 
1.039529 0.000000 
0.055086 0.000000 
-0.560526 0.000000 
-0.217886 0.000000 
0.839477 0.000000 
0.210216 0.000000 
0.473991 0.000000 
-0.545013 -0.000000 
-0.133728 -0.000000 
-0.516573 0.000000 
-0.100633 -0.000000 
-0.167226 -0.000000 
-0.631429 0.000000 
-0.059339 -0.000000 
0.037426 0.000000 
0.041572 -0.000000 
-0.166854 0.000000 
-0.479374 0.000000 
-0.219594 0.000000 
0.234131 0.000000 
-0.676583 -0.000000 
-0.163683 0.000000 
0.281460 0.000000 
0.636786 0.000000 
-0.205027 0.000000 
-1.135889 0.000000 
0.151389 -0.000000 
-0.182318 0.000000 
0.079093 0.000000 
-0.057793 0.000000 
0.513522 0.000000 
0.544251 0.000000 
-0.187734 -0.000000 
-1.331547 0.000000 
0.053896 -0.000000 
0.860981 -0.000000 
-0.325046 0.000000 
0.282377 -0.000000 
0.458871 0.000000 
-0.134746 -0.000000 
0.026026 -0.000000 
0.449701 0.000000 
-0.527562 0.000000 
-0.531182 -0.000000 
-0.083734 -0.000000 
-0.692409 -0.000000 
-0.906794 0.000000 
0.030353 0.000000 
0.390701 0.000000 
-0.263593 -0.000000 
1.273874 -0.000000 
0.208680 0.000000 
0.460305 -0.000000 
0.613433 0.000000 
-0.168772 0.000000 
-0.617385 0.000000 
0.182471 -0.000000 
-0.596970 -0.000000 
0.809574 0.000000 
-0.005079 0.000000 
0.421365 0.000000 
0.710402 -0.000000 
-0.168695 0.000000 
0.017095 0.000000 
-0.192726 -0.000000 
-0.240839 0.000000 
-0.685040 0.000000 
-0.309169 0.000000 
-0.109439 -0.000000 
0.135048 -0.000000 
-0.236131 0.000000 
-0.527594 0.000000 
-0.328394 -0.000000 
-0.109193 0.000000 
-0.220050 0.000000 
-0.229374 0.000000 
0.113363 0.000000 
0.286576 0.000000 
-0.068201 0.000000 
0.354130 0.000000 
-0.642467 -0.000000 
0.502781 0.000000 
0.224508 0.000000 
-0.712803 0.000000 
0.583889 -0.000000 
0.307898 -0.000000 
0.254171 0.000000 
0.003530 0.000000 
-0.349179 0.000000 
0.180514 -0.000000 
0.650063 0.000000 
-0.159148 -0.000000 
0.665600 0.000000 
1.051410 0.000000 
-0.243632 0.000000 
1.520495 0.000000 
-0.860659 -0.000000 
0.128859 0.000000 
-0.303119 0.000000 
0.633132 -0.000000 
0.208557 -0.000000 
-0.371688 -0.000000 
-0.555034 -0.000000 
0.094519 0.000000 
0.579896 0.000000 
0.482260 0.000000 
0.302713 0.000000 
0.376508 0.000000 
0.579477 0.000000 
-0.777055 0.000000 
0.181031 -0.000000 
-0.459114 0.000000 
-0.289550 -0.000000 
-0.627900 0.000000 
-0.147492 0.000000 
0.194340 -0.000000 
0.495530 0.000000 
-0.029787 0.000000 
0.657225 0.000000 
0.262060 -0.000000 
-0.607472 0.000000 
0.310938 0.000000 
0.488064 -0.000000 
-0.387838 0.000000 
0.171894 -0.000000 
0.477216 0.000000 
0.201867 0.000000 
0.873315 0.000000 
-0.289439 -0.000000 
0.179540 0.000000 
0.601600 0.000000 
-0.410057 0.000000 
0.228479 0.000000 
-0.052738 -0.000000 
-0.086456 0.000000 
-1.137283 0.000000 
-0.400947 0.000000 
-0.060459 0.000000 
-0.485707 0.000000 
0.226254 -0.000000 
-0.531198 -0.000000 
-0.238361 0.000000 
-0.014747 -0.000000 
0.209044 0.000000 
0.071581 -0.000000 
0.352991 0.000000 
-0.667039 0.000000 
-0.306598 -0.000000 
0.317835 0.000000 
-0.132870 0.000000 
-0.405457 -0.000000 
-0.324430 -0.000000 
0.091194 0.000000 
0.739245 -0.000000 
-0.142699 0.000000 
-0.701300 -0.000000 
0.850953 0.000000 
0.016760 0.000000 
-0.212180 0.000000 
-0.034892 0.000000 
0.026969 0.000000 
-0.136454 0.000000 
0.032172 -0.000000 
0.138881 0.000000 
-0.539837 -0.000000 
0.237055 0.000000 
0.472629 0.000000 
-0.169030 -0.000000 
-0.639600 -0.000000 
-0.040083 -0.000000 
0.046910 0.000000 
0.400490 0.000000 
0.711352 0.000000 
0.469635 0.000000 
0.075044 0.000000 
-1.414854 -0.000000 
-0.330571 -0.000000 
0.160605 0.000000 
0.084391 -0.000000 
0.229045 0.000000 
0.561239 -0.000000 
0.057829 0.000000 
0.472296 -0.000000 
0.259534 0.000000 
0.203471 0.000000 
-0.368236 0.000000 
-0.317533 0.000000 
0.548550 -0.000000 
-0.032322 0.000000 
-0.058038 -0.000000 
-0.308285 -0.000000 
0.177522 -0.000000 
0.309892 0.000000 
-0.071075 0.000000 
-0.102093 0.000000 
-0.423663 0.000000 
-0.501294 -0.000000 
0.947182 -0.000000 
0.417109 0.000000 
0.434421 0.000000 
-0.574704 -0.000000 
-0.260887 0.000000 
-0.361766 0.000000 
0.010024 0.000000 
0.021197 0.000000 
-0.253833 0.000000 
0.034547 -0.000000 
-0.626510 -0.000000 
-0.008188 0.000000 
-0.063922 -0.000000 
-0.242238 0.000000 
1.588414 0.000000 
-0.216063 0.000000 
-0.510354 0.000000 
-0.521254 0.000000 
-0.265583 -0.000000 
0.664453 -0.000000 
-0.355732 -0.000000 
0.145190 0.000000 
0.960594 -0.000000 
0.489206 0.000000 
0.281702 0.000000 
0.288995 0.000000 
-0.073428 0.000000 
-1.213671 0.000000 
0.254243 0.000000 
-0.722828 0.000000 
0.386588 0.000000 
-0.154237 0.000000 
0.136225 0.000000 
-0.295549 -0.000000 
0.347978 0.000000 
0.036165 0.000000 
0.019386 -0.000000 
-0.691993 0.000000 
-0.786349 -0.000000 
0.195027 0.000000 
0.847677 0.000000 
0.452988 -0.000000 
-0.038793 0.000000 
0.208783 0.000000 
-0.292198 -0.000000 
-0.352682 0.000000 
-0.493209 0.000000 
-0.954724 0.000000 
0.043758 0.000000 
0.475634 0.000000 
0.202214 0.000000 
0.541563 0.000000 
-0.061176 0.000000 
-0.180144 -0.000000 
1.134160 -0.000000 
0.003112 0.000000 
0.133098 0.000000 
-0.066816 -0.000000 
0.484092 -0.000000 
0.865674 0.000000 
0.609501 0.000000 
0.213878 0.000000 
-0.086586 -0.000000 
0.281741 0.000000 
0.767516 -0.000000 
-0.644314 0.000000 
0.651964 0.000000 
-0.804442 0.000000 
-0.458668 0.000000 
-0.294882 -0.000000 
-0.767501 0.000000 
0.205291 -0.000000 
0.994181 0.000000 
0.084200 -0.000000 
-0.716580 -0.000000 
0.434342 0.000000 
-0.539764 0.000000 
0.480847 -0.000000 
-0.452451 0.000000 
-0.130224 0.000000 
-0.012209 0.000000 
-1.021695 -0.000000 
-0.308967 0.000000 
0.784695 0.000000 
0.047336 0.000000 
-0.350741 -0.000000 
-0.704236 0.000000 
-0.810659 -0.000000 
-0.314957 0.000000 
-0.161701 0.000000 
-0.001630 0.000000 
-0.254121 -0.000000 
-0.051110 0.000000 
0.646907 0.000000 
-0.210503 0.000000 
-0.049006 -0.000000 
-0.333136 -0.000000 
-1.000603 0.000000 
-0.893914 -0.000000 
-0.654033 0.000000 
0.319942 0.000000 
-0.062094 -0.000000 
0.155681 0.000000 
-0.464626 0.000000 
0.353083 0.000000 
0.093683 0.000000 
-0.338944 -0.000000 
-0.330131 0.000000 
0.468058 0.000000 
-0.191507 -0.000000 
-0.148786 -0.000000 
0.286406 0.000000 
0.445760 -0.000000 
0.651564 0.000000 
-0.827132 0.000000 
-0.347367 -0.000000 
-0.290085 0.000000 
0.521666 0.000000 
0.009730 0.000000 
0.385082 -0.000000 
0.334791 0.000000 
-0.524670 -0.000000 
0.975526 -0.000000 
0.021062 0.000000 
0.125161 -0.000000 
0.569097 0.000000 
0.843174 0.000000 
0.529250 -0.000000 
0.175544 0.000000 
-0.823491 0.000000 
0.088970 0.000000 
0.072330 -0.000000 
-0.375682 -0.000000 
-0.062808 0.000000 
0.012601 0.000000 
1.074063 -0.000000 
0.132687 0.000000 
-0.134419 -0.000000 
0.087580 0.000000 
-0.621755 0.000000 
-0.372322 0.000000 
0.025232 0.000000 
0.742585 -0.000000 
0.611093 0.000000 
-0.031144 0.000000 
0.244907 0.000000 
0.069061 -0.000000 
-0.592637 0.000000 
0.245085 -0.000000 
0.260063 0.000000 
-0.367996 0.000000 
-0.265399 -0.000000 
-0.424679 0.000000 
-0.732783 0.000000 
0.342869 0.000000 
-0.580190 -0.000000 
-0.670349 -0.000000 
-0.516011 -0.000000 
0.250016 0.000000 
-0.409080 -0.000000 
0.383688 -0.000000 
-0.105180 -0.000000 
-0.078928 -0.000000 
-0.462057 0.000000 
-0.275514 0.000000 
0.227893 0.000000 
-0.192127 0.000000 
-0.203568 0.000000 
-0.229038 0.000000 
0.433940 0.000000 
0.101637 -0.000000 
-0.211554 -0.000000 
0.655731 -0.000000 
0.549099 0.000000 
-0.118685 0.000000 
-0.542179 0.000000 
0.962312 0.000000 
-0.398022 0.000000 
0.045026 -0.000000 
-1.050422 0.000000 
0.139891 0.000000 
-0.186259 0.000000 
-0.155730 0.000000 
0.250251 0.000000 
-0.754809 0.000000 
-0.026547 0.000000 
0.089144 -0.000000 
-0.043823 0.000000 
0.068832 0.000000 
-0.305508 0.000000 
-0.034080 0.000000 
0.645625 0.000000 
-0.117528 -0.000000 
-0.010710 -0.000000 
0.463970 -0.000000 
0.560537 0.000000 
-0.211663 0.000000 
0.162385 -0.000000 
0.338378 0.000000 
0.559632 0.000000 
0.092325 -0.000000 
0.304170 0.000000 
0.128621 0.000000 
-0.099878 0.000000 
-0.282288 0.000000 
-0.890034 0.000000 
-0.845643 0.000000 
0.814639 0.000000 
0.612522 -0.000000 
-0.107246 0.000000 
-0.069137 0.000000 
0.307325 0.000000 
-0.107228 -0.000000 
-0.327649 -0.000000 
-0.434320 0.000000 
0.476358 -0.000000 
-0.444613 -0.000000 
0.019546 -0.000000 
0.248249 0.000000 
-0.863152 0.000000 
0.732705 -0.000000 
0.323714 0.000000 
-0.147583 0.000000 
0.265115 0.000000 
0.527295 0.000000 
0.091126 0.000000 
0.346274 -0.000000 
-0.085375 0.000000 
-0.525561 0.000000 
0.212960 0.000000 
0.684233 -0.000000 
0.681771 0.000000 
-0.404244 -0.000000 
0.660152 0.000000 
0.584800 -0.000000 
-0.196690 0.000000 
-0.174339 0.000000 
0.047336 -0.000000 
0.750526 -0.000000 
0.323073 -0.000000 
0.706987 -0.000000 
-0.566235 0.000000 
-0.145893 0.000000 
-1.711554 -0.000000 
-0.582116 0.000000 
-0.540234 0.000000 
0.150822 -0.000000 
0.002467 -0.000000 
0.331498 0.000000 
0.143298 0.000000 
0.145681 0.000000 
0.289379 -0.000000 
0.091037 0.000000 
0.521205 0.000000 
-0.810144 -0.000000 
0.667076 -0.000000 
-0.116151 0.000000 
0.610424 -0.000000 
-0.070508 -0.000000 
0.102928 0.000000 
0.476255 0.000000 
0.715420 0.000000 
0.544291 0.000000 
0.340052 0.000000 
-0.619228 0.000000 
-0.817598 0.000000 
-0.520138 0.000000 
-0.399572 -0.000000 
-0.004824 0.000000 
0.431368 0.000000 
-1.035684 -0.000000 
-0.304251 0.000000 
-0.105817 0.000000 
0.268050 -0.000000 
0.179231 0.000000 
0.174161 0.000000 
-0.371973 0.000000 
0.135765 0.000000 
-0.372136 -0.000000 
-0.232120 -0.000000 
-0.534204 0.000000 
-0.665106 0.000000 
-0.968336 0.000000 
-0.836222 0.000000 
-0.441660 0.000000 
0.472655 0.000000 
-0.009400 0.000000 
-0.231763 0.000000 
-0.847458 -0.000000 
0.131526 0.000000 
-0.358890 0.000000 
-0.914863 -0.000000 
-0.160315 0.000000 
0.202791 0.000000 
-0.304283 0.000000 
0.297501 0.000000 
0.201520 0.000000 
-1.098484 0.000000 
0.748438 0.000000 
0.497417 0.000000 
0.488581 0.000000 
-0.530333 -0.000000 
-1.388230 0.000000 
-0.416538 0.000000 
0.019982 0.000000 
0.200851 0.000000 
0.134414 0.000000 
-1.306106 0.000000 
0.351886 -0.000000 
0.224193 0.000000 
-0.641837 -0.000000 
-0.557338 -0.000000 
0.330070 0.000000 
-0.209563 0.000000 
-0.759617 0.000000 
0.210294 0.000000 
-0.320563 -0.000000 
1.122945 -0.000000 
0.066548 -0.000000 
-0.878522 -0.000000 
0.254275 -0.000000 
-0.149411 0.000000 
0.111943 -0.000000 
0.523805 -0.000000 
0.043217 -0.000000 
-0.418372 0.000000 
0.165737 0.000000 
-0.097132 -0.000000 
0.138291 0.000000 
0.021021 0.000000 
-0.989986 -0.000000 
-0.310411 -0.000000 
-0.231833 -0.000000 
-0.150650 0.000000 
-0.572379 0.000000 
0.416284 0.000000 
-0.013072 0.000000 
0.178935 0.000000 
-0.094878 -0.000000 
-0.039024 -0.000000 
-0.202871 -0.000000 
0.314764 0.000000 
0.100664 0.000000 
-0.235430 0.000000 
-0.364799 -0.000000 
-0.459702 -0.000000 
0.708041 0.000000 
1.107525 -0.000000 
0.122686 -0.000000 
0.772534 0.000000 
0.554547 0.000000 
-0.360251 0.000000 
0.427425 -0.000000 
0.502304 -0.000000 
0.465122 0.000000 
-0.158507 0.000000 
-0.269046 -0.000000 
0.487916 -0.000000 
-0.703432 0.000000 
0.441507 0.000000 
0.363384 0.000000 
-0.657442 0.000000 
0.327158 0.000000 
-0.201094 0.000000 
0.416594 -0.000000 
-0.082895 0.000000 
-0.435981 0.000000 
-0.279043 0.000000 
0.288457 0.000000 
0.380568 0.000000 
0.080419 0.000000 
-0.139734 0.000000 
0.295105 0.000000 
-0.349303 0.000000 
-0.123168 0.000000 
1.069464 0.000000 
-0.642752 0.000000 
0.791290 -0.000000 
0.435257 0.000000 
-0.019691 -0.000000 
0.841042 -0.000000 
0.191168 0.000000 
-0.578370 0.000000 
0.267921 -0.000000 
-0.477164 0.000000 
-0.411368 0.000000 
0.262689 0.000000 
-0.370376 -0.000000 
-0.572502 0.000000 
0.842949 0.000000 
0.580125 0.000000 
-0.350984 -0.000000 
0.547175 -0.000000 
-0.133577 0.000000 
-0.232057 0.000000 
-0.581274 -0.000000 
-1.143623 -0.000000 
-0.550693 -0.000000 
0.490114 0.000000 
1.073819 0.000000 
0.590185 -0.000000 
0.323042 0.000000 
-0.569356 0.000000 
0.264969 0.000000 
-0.265010 -0.000000 
-1.109476 0.000000 
-0.943779 -0.000000 
-0.473816 0.000000 
0.112277 0.000000 
0.288742 0.000000 
-0.622449 0.000000 
0.051660 0.000000 
-0.744860 0.000000 
-0.410658 -0.000000 
-0.677274 0.000000 
0.033838 0.000000 
-0.147210 -0.000000 
0.178965 -0.000000 
0.108878 -0.000000 
0.728546 0.000000 
0.011189 0.000000 
-0.071136 0.000000 
0.946666 -0.000000 
0.178488 0.000000 
-0.825561 0.000000 
-0.017596 0.000000 
-0.086250 0.000000 
-0.481931 0.000000 
-0.076060 0.000000 
-0.622895 0.000000 
-0.293568 0.000000 
0.460847 0.000000 
0.133501 0.000000 
0.018552 0.000000 
0.331984 0.000000 
-0.317147 0.000000 
-0.606146 0.000000 
0.254844 0.000000 
-0.073087 -0.000000 
0.206592 -0.000000 
-0.819790 0.000000 
-1.057400 -0.000000 
-0.477182 -0.000000 
0.320298 0.000000 
-0.292849 0.000000 
-0.425967 -0.000000 
-0.077735 0.000000 
0.224801 -0.000000 
-0.264518 0.000000 
-0.138086 0.000000 
-0.145739 -0.000000 
0.221296 -0.000000 
-0.855624 0.000000 
0.064300 -0.000000 
-0.466239 -0.000000 
-0.235860 0.000000 
1.136765 0.000000 
0.438202 0.000000 
-0.306786 0.000000 
0.497985 0.000000 
-0.131912 -0.000000 
-0.006783 0.000000 
0.490116 0.000000 
-0.629069 -0.000000 
0.265759 -0.000000 
-0.643726 0.000000 
0.324845 0.000000 
-0.978720 0.000000 
-0.231835 -0.000000 
0.304743 0.000000 
-0.729574 0.000000 
0.881249 -0.000000 
-0.306713 0.000000 
-0.025497 -0.000000 
-0.354473 0.000000 
0.330230 -0.000000 
0.407163 0.000000 
-0.321240 0.000000 
-0.658307 0.000000 
0.103570 -0.000000 
-0.279163 0.000000 
-0.127882 -0.000000 
-0.776057 0.000000 
0.041942 0.000000 
-0.010706 0.000000 
0.241071 -0.000000 
-0.881824 -0.000000 
0.154714 0.000000 
0.513445 0.000000 
-0.707390 0.000000 
-0.392657 0.000000 
-0.451701 0.000000 
0.102099 0.000000 
-0.593670 0.000000 
-0.534776 0.000000 
-0.123989 -0.000000 
0.166739 0.000000 
-0.489529 0.000000 
0.956998 -0.000000 
0.032301 0.000000 
0.725597 0.000000 
0.180221 0.000000 
0.022425 0.000000 
0.768284 0.000000 
-0.222801 -0.000000 
-0.303667 -0.000000 
-0.373889 0.000000 
0.025461 0.000000 
0.240291 -0.000000 
-0.107176 0.000000 
0.156318 0.000000 
-0.961953 0.000000 
-0.235637 -0.000000 
0.209987 0.000000 
0.141057 -0.000000 
0.875230 -0.000000 
0.115301 0.000000 
-0.021083 0.000000 
-0.100682 0.000000 
-0.260027 0.000000 
-0.832921 0.000000 
-0.619592 0.000000 
-0.337686 -0.000000 
0.470814 0.000000 
-0.362265 0.000000 
-0.586044 -0.000000 
0.145458 0.000000 
-0.210013 -0.000000 
0.627028 0.000000 
0.208297 0.000000 
-0.048600 0.000000 
-0.109247 -0.000000 
1.284608 -0.000000 
-0.487191 0.000000 
0.331145 -0.000000 
-0.158180 0.000000 
-0.380010 0.000000 
-0.097684 -0.000000 
0.260764 -0.000000 
-0.231741 -0.000000 
-0.380364 -0.000000 
0.181893 -0.000000 
0.087401 -0.000000 
-0.504538 0.000000 
0.134667 0.000000 
-0.920450 0.000000 
-0.124959 0.000000 
0.733988 0.000000 
0.160886 -0.000000 
-0.168474 0.000000 
0.219608 -0.000000 
-0.501586 0.000000 
-0.902850 0.000000 
-1.033982 0.000000 
-0.296533 -0.000000 
0.056014 0.000000 
-0.229546 0.000000 
-0.168758 0.000000 
0.539818 0.000000 
-0.206843 0.000000 
-0.067689 0.000000 
-0.211187 -0.000000 
-0.158689 -0.000000 
0.171730 -0.000000 
0.044671 0.000000 
0.004836 0.000000 
0.463169 0.000000 
-0.768661 0.000000 
-0.120864 -0.000000 
0.123706 0.000000 
0.356543 0.000000 
-0.638988 0.000000 
0.621282 -0.000000 
1.061096 0.000000 
0.271003 -0.000000 
-0.471595 -0.000000 
0.029004 -0.000000 
0.606677 0.000000 
-0.177573 0.000000 
0.046762 0.000000 
0.087964 -0.000000 
-0.683709 0.000000 
-0.139480 0.000000 
-0.352390 -0.000000 
0.260212 -0.000000 
0.086163 0.000000 
-0.722332 -0.000000 
-0.420687 0.000000 
0.084807 0.000000 
-0.125365 0.000000 
-0.929986 -0.000000 
-0.021332 0.000000 
0.104601 0.000000 
-0.092562 -0.000000 
0.511498 0.000000 
-0.318989 0.000000 
-0.130952 -0.000000 
-0.251150 0.000000 
-0.706057 0.000000 
-0.741778 0.000000 
0.130230 0.000000 
0.527942 -0.000000 
-0.141774 0.000000 
0.194990 -0.000000 
-0.863251 -0.000000 
-0.095874 -0.000000 
0.665267 0.000000 
-0.208241 -0.000000 
0.096169 0.000000 
1.265730 0.000000 
1.071737 -0.000000 
-0.872677 0.000000 
-0.810047 0.000000 
-0.453654 0.000000 
0.233029 0.000000 
0.246474 0.000000 
-0.230705 0.000000 
0.595226 -0.000000 
-0.524383 0.000000 
0.511465 -0.000000 
0.346714 -0.000000 
-0.344451 -0.000000 
-0.247271 0.000000 
-0.289615 0.000000 
0.290802 0.000000 
0.694050 -0.000000 
0.014925 0.000000 
-0.318296 0.000000 
-0.081362 -0.000000 
0.609663 0.000000 
-0.282034 0.000000 
-0.196193 -0.000000 
1.369466 0.000000 
0.485088 0.000000 
-0.347471 0.000000 
-0.278256 0.000000 
-0.921709 -0.000000 
-0.120530 0.000000 
-0.059096 0.000000 
-0.695518 0.000000 
1.518099 -0.000000 
0.362444 0.000000 
0.338205 0.000000 
-0.503637 0.000000 
0.218421 0.000000 
-0.862003 0.000000 
0.084576 0.000000 
-0.020598 0.000000 
0.640491 0.000000 
