-2.313114 2.313114 
0.000000 0.500000 0.009015 
0.000000 0.000000 0.000000 

0.522558 0.000000 
-0.315729 0.000000 
-0.474099 -0.000000 
0.568335 0.000000 
0.165618 -0.000000 
0.088788 0.000000 
-0.017136 -0.000000 
0.384799 -0.000000 
0.310452 -0.000000 
0.675784 0.000000 
0.156075 0.000000 
0.746472 0.000000 
-0.631080 0.000000 
-0.352631 0.000000 
0.161968 -0.000000 
0.133801 0.000000 
-0.240649 0.000000 
0.477739 -0.000000 
-0.771902 0.000000 
0.877475 -0.000000 
0.231816 -0.000000 
0.012758 -0.000000 
-0.057291 0.000000 
0.479047 -0.000000 
0.666913 0.000000 
-0.717042 0.000000 
0.181033 0.000000 
-0.104960 -0.000000 
0.188103 0.000000 
0.396869 0.000000 
-0.269633 0.000000 
0.273911 0.000000 
-0.009880 -0.000000 
-0.617368 -0.000000 
0.104697 0.000000 
0.299814 0.000000 
-0.388012 0.000000 
0.084666 -0.000000 
0.479673 0.000000 
-1.345536 0.000000 
-0.027439 -0.000000 
1.500138 0.000000 
-0.752630 -0.000000 
-0.029031 -0.000000 
-0.304509 -0.000000 
-0.342935 -0.000000 
-0.115814 0.000000 
0.368683 -0.000000 
-0.240030 0.000000 
-0.382232 -0.000000 
-0.429419 -0.000000 
0.360646 0.000000 
0.062137 0.000000 
-0.337983 0.000000 
0.053582 -0.000000 
0.521566 -0.000000 
0.206710 0.000000 
0.194453 0.000000 
-0.951788 0.000000 
-0.538283 0.000000 
0.368962 0.000000 
-0.191370 0.000000 
-0.377120 0.000000 
-0.059025 0.000000 
-0.976731 0.000000 
-0.638113 -0.000000 
-0.423311 0.000000 
-0.246190 0.000000 
0.561355 -0.000000 
-0.376597 0.000000 
0.017339 0.000000 
-0.322692 0.000000 
-0.136888 0.000000 
-1.208997 -0.000000 
0.211537 0.000000 
0.007037 0.000000 
0.903034 0.000000 
1.005336 0.000000 
0.125143 -0.000000 
-0.034631 0.000000 
0.003548 0.000000 
-0.233839 -0.000000 
0.989002 0.000000 
-0.026934 0.000000 
0.751640 0.000000 
-0.315722 -0.000000 
-0.363963 0.000000 
0.394862 0.000000 
-0.479631 0.000000 
-0.486326 -0.000000 
0.304597 0.000000 
-0.679167 -0.000000 
-0.502190 0.000000 
0.623148 0.000000 
0.121845 0.000000 
0.569268 0.000000 
-0.180097 0.000000 
0.354880 0.000000 
-0.257035 0.000000 
0.249291 0.000000 
1.412084 0.000000 
0.334795 0.000000 
-0.162748 0.000000 
-0.248642 0.000000 
-0.159957 0.000000 
-0.296853 0.000000 
-0.222835 -0.000000 
0.003527 -0.000000 
0.028112 0.000000 
0.032565 0.000000 
0.085969 0.000000 
-0.933311 0.000000 
-0.572767 -0.000000 
-0.606789 0.000000 
-0.139960 -0.000000 
-0.056946 -0.000000 
-0.317895 0.000000 
0.228874 -0.000000 
-0.653038 -0.000000 
-0.340603 0.000000 
-0.170943 0.000000 
-0.103266 0.000000 
-0.002858 0.000000 
-0.201461 0.000000 
0.193339 0.000000 
-0.526845 0.000000 
-0.616602 0.000000 
-0.299303 0.000000 
0.308612 0.000000 
-0.519852 -0.000000 
-0.480252 -0.000000 
0.092642 -0.000000 
-0.888110 -0.000000 
-0.353984 0.000000 
0.238441 -0.000000 
-0.232496 0.000000 
-0.103818 -0.000000 
-0.412286 0.000000 
-0.885369 -0.000000 
0.102648 -0.000000 
0.894062 0.000000 
-0.342413 0.000000 
-0.348643 0.000000 
0.006090 -0.000000 
0.208116 0.000000 
-0.853354 -0.000000 
0.382328 0.000000 
-0.015754 0.000000 
-0.143121 0.000000 
0.528872 0.000000 
0.257919 0.000000 
0.703854 0.000000 
0.027797 0.000000 
-0.120140 -0.000000 
-0.566932 -0.000000 
-0.404707 0.000000 
-0.694970 -0.000000 
0.238847 0.000000 
-0.165160 -0.000000 
0.339930 -0.000000 
0.482873 0.000000 
-0.460948 -0.000000 
0.583329 -0.000000 
0.103431 -0.000000 
0.204037 0.000000 
0.371956 -0.000000 
-0.171575 0.000000 
-0.861205 -0.000000 
0.020993 0.000000 
-0.362599 -0.000000 
-0.414374 0.000000 
0.247238 0.000000 
-0.054198 -0.000000 
-0.753574 0.000000 
0.588271 0.000000 
0.643964 -0.000000 
0.183919 0.000000 
-0.132316 0.000000 
0.971552 -0.000000 
0.584481 -0.000000 
-0.785664 -0.000000 
0.408486 -0.000000 
0.108182 0.000000 
0.194969 0.000000 
0.053165 0.000000 
-0.488257 0.000000 
-0.334424 -0.000000 
-0.264705 0.000000 
-0.117402 0.000000 
-0.269356 0.000000 
0.466196 -0.000000 
0.844636 0.000000 
-0.796203 0.000000 
0.462270 0.000000 
0.148468 0.000000 
0.103207 0.000000 
0.103297 0.000000 
-0.212959 0.000000 
-0.429435 -0.000000 
0.285955 0.000000 
-0.452417 -0.000000 
0.623664 0.000000 
0.322829 0.000000 
0.138517 0.000000 
-0.325311 0.000000 
-0.716148 0.000000 
-0.674859 0.000000 
0.305189 -0.000000 
-0.342051 0.000000 
0.126230 -0.000000 
-0.012997 0.000000 
0.396046 0.000000 
-0.276143 0.000000 
-0.260033 0.000000 
-0.205306 0.000000 
-0.867430 0.000000 
0.585043 0.000000 
0.090402 0.000000 
0.806602 0.000000 
0.418791 -0.000000 
-0.731244 0.000000 
-0.045853 0.000000 
-0.196612 0.000000 
0.344124 -0.000000 
0.376547 0.000000 
-0.619575 0.000000 
-0.366948 -0.000000 
0.245721 0.000000 
0.986203 -0.000000 
0.424166 -0.000000 
-0.390985 0.000000 
0.201653 0.000000 
0.729040 0.000000 
0.439095 -0.000000 
-0.181300 0.000000 
0.481623 -0.000000 
-0.165522 0.000000 
0.186661 -0.000000 
-0.641745 0.000000 
0.188671 -0.000000 
0.247077 -0.000000 
-0.154353 -0.000000 
0.569893 0.000000 
0.262251 -0.000000 
0.175893 0.000000 
0.501827 0.000000 
0.610317 0.000000 
-0.135426 0.000000 
0.479530 0.000000 
-0.757806 0.000000 
0.384663 0.000000 
0.589722 0.000000 
-0.564171 -0.000000 
1.013031 0.000000 
-0.411421 -0.000000 
-0.579950 0.000000 
0.397128 0.000000 
-0.814849 -0.000000 
0.617430 0.000000 
-0.593601 0.000000 
0.129059 0.000000 
-0.678719 0.000000 
-0.487350 -0.000000 
-0.101325 0.000000 
-0.147977 0.000000 
0.465076 0.000000 
0.114737 -0.000000 
-0.870234 0.000000 
0.139016 0.000000 
0.434473 0.000000 
-0.135820 0.000000 
-0.180991 0.000000 
-0.020756 0.000000 
0.799683 0.000000 
0.625399 -0.000000 
0.462072 -0.000000 
-0.228903 0.000000 
0.712343 0.000000 
0.444780 0.000000 
0.597888 -0.000000 
-0.675787 0.000000 
0.888344 0.000000 
0.000587 -0.000000 
0.781655 -0.000000 
-0.296250 0.000000 
-0.605268 -0.000000 
-0.732821 0.000000 
0.779892 0.000000 
0.268095 -0.000000 
-0.774003 -0.000000 
-0.304466 0.000000 
1.000079 0.000000 
-0.133622 -0.000000 
0.242241 0.000000 
-0.095909 -0.000000 
-0.554834 0.000000 
0.448740 0.000000 
-0.065976 -0.000000 
-0.264619 0.000000 
0.434767 0.000000 
-1.455609 -0.000000 
0.355103 -0.000000 
-0.201059 0.000000 
-0.744990 0.000000 
0.577942 -0.000000 
0.103456 -0.000000 
-0.278235 0.000000 
-0.663759 0.000000 
0.113919 0.000000 
0.302414 0.000000 
-0.526779 0.000000 
-0.383011 -0.000000 
0.702530 -0.000000 
-0.207623 0.000000 
0.373714 -0.000000 
0.004709 0.000000 
0.041681 0.000000 
0.589430 -0.000000 
-0.154496 0.000000 
0.273554 0.000000 
-0.683892 0.000000 
-0.478594 -0.000000 
1.229553 0.000000 
-0.448977 -0.000000 
0.754712 0.000000 
-0.604461 0.000000 
0.094989 0.000000 
-0.435859 0.000000 
-0.440531 -0.000000 
0.003267 0.000000 
0.345129 -0.000000 
-0.122643 0.000000 
-0.275239 0.000000 
-0.036252 -0.000000 
-0.258103 0.000000 
-0.339102 -0.000000 
0.257866 0.000000 
-0.540651 0.000000 
-0.541738 0.000000 
-0.367896 0.000000 
-0.178301 0.000000 
-0.335974 -0.000000 
0.825791 0.000000 
-0.355318 0.000000 
0.388654 0.000000 
0.582052 0.000000 
-0.904333 0.000000 
-0.914913 0.000000 
0.040609 -0.000000 
0.181046 0.000000 
-0.232760 -0.000000 
-0.069641 0.000000 
0.181623 0.000000 
-0.520960 0.000000 
0.753426 0.000000 
-0.433171 0.000000 
-0.646830 -0.000000 
-0.218744 0.000000 
-0.724687 -0.000000 
-0.070821 0.000000 
-0.548890 0.000000 
0.450576 0.000000 
0.155326 0.000000 
-0.024977 -0.000000 
0.438726 0.000000 
-0.076820 0.000000 
-0.165622 0.000000 
-0.022130 0.000000 
0.157452 0.000000 
0.536167 0.000000 
-0.976122 0.000000 
0.217867 -0.000000 
-0.533233 0.000000 
0.063222 -0.000000 
-0.800174 -0.000000 
0.377705 0.000000 
-0.489465 0.000000 
-0.105956 0.000000 
0.564862 0.000000 
0.367708 0.000000 
0.226103 0.000000 
0.224559 0.000000 
0.105183 0.000000 
0.178949 -0.000000 
0.519393 0.000000 
0.201451 0.000000 
0.218104 0.000000 
-1.297283 -0.000000 
-0.115964 0.000000 
-0.186792 -0.000000 
0.453334 0.000000 
0.349759 0.000000 
-0.184738 0.000000 
0.395997 -0.000000 
0.030911 -0.000000 
-0.449124 -0.000000 
0.335329 0.000000 
-0.660266 -0.000000 
-0.809150 0.000000 
0.128180 0.000000 
0.357997 0.000000 
-0.714484 0.000000 
-0.881922 0.000000 
-0.329611 0.000000 
0.395123 -0.000000 
1.059275 -0.000000 
-0.213382 0.000000 
-0.410601 -0.000000 
-0.084101 0.000000 
0.701329 0.000000 
-0.824511 0.000000 
0.477951 0.000000 
-0.563541 -0.000000 
-0.840641 0.000000 
-0.100434 0.000000 
-0.190323 0.000000 
0.241638 0.000000 
0.663751 0.000000 
0.922651 0.000000 
0.006170 0.000000 
-0.759420 0.000000 
0.155762 0.000000 
-0.458596 0.000000 
0.061147 0.000000 
-0.093410 0.000000 
0.549164 0.000000 
0.333766 -0.000000 
0.296509 -0.000000 
-0.055589 0.000000 
-0.827285 0.000000 
0.329095 0.000000 
-0.075075 0.000000 
0.154041 0.000000 
0.151150 -0.000000 
0.491481 0.000000 
-0.401005 0.000000 
-0.851016 0.000000 
0.083612 -0.000000 
0.183188 -0.000000 
0.334927 -0.000000 
0.503249 -0.000000 
0.446532 -0.000000 
0.874139 -0.000000 
0.203729 -0.000000 
-0.439748 0.000000 
0.389100 0.000000 
0.118856 0.000000 
0.117286 0.000000 
0.396839 0.000000 
0.525648 0.000000 
0.902411 -0.000000 
0.677705 -0.000000 
-0.565507 -0.000000 
0.233595 -0.000000 
0.610358 -0.000000 
-1.304593 -0.000000 
0.219781 0.000000 
-0.123350 -0.000000 
0.434059 0.000000 
0.436308 0.000000 
-0.409118 -0.000000 
0.554630 -0.000000 
0.594946 0.000000 
0.044843 0.000000 
-0.012543 0.000000 
0.663250 0.000000 
-0.506655 -0.000000 
-0.434516 -0.000000 
0.021782 0.000000 
0.102371 0.000000 
-0.223832 -0.000000 
0.376757 0.000000 
0.278484 0.000000 
-0.732610 -0.000000 
0.212430 0.000000 
-0.005522 0.000000 
-0.638348 -0.000000 
-0.140265 -0.000000 
-0.240088 0.000000 
-0.222455 -0.000000 
0.393060 0.000000 
-0.089930 -0.000000 
0.787852 0.000000 
0.169164 0.000000 
-0.099719 -0.000000 
0.523761 0.000000 
-0.244462 -0.000000 
0.176220 0.000000 
-0.058431 -0.000000 
0.979114 0.000000 
-0.810789 0.000000 
-0.108913 0.000000 
0.080543 0.000000 
-0.724437 0.000000 
0.544900 -0.000000 
-0.138842 -0.000000 
-0.614215 0.000000 
0.082053 -0.000000 
0.680979 -0.000000 
-0.288865 0.000000 
-0.964667 -0.000000 
0.319386 0.000000 
0.285316 -0.000000 
0.150892 0.000000 
0.479083 0.000000 
0.137865 0.000000 
-0.435846 0.000000 
-0.328985 0.000000 
-0.034173 0.000000 
0.816551 -0.000000 
-0.177273 0.000000 
-0.133810 -0.000000 
0.160154 0.000000 
-0.071829 -0.000000 
0.423209 -0.000000 
-0.513249 -0.000000 
0.142241 -0.000000 
-0.644362 0.000000 
-0.312677 0.000000 
-0.129903 0.000000 
0.944872 0.000000 
-0.295053 0.000000 
0.190602 -0.000000 
0.056262 0.000000 
0.209060 -0.000000 
-0.207421 0.000000 
-0.608843 -0.000000 
-0.159166 -0.000000 
0.244796 -0.000000 
0.637722 0.000000 
-0.024879 0.000000 
0.338397 -0.000000 
1.360645 0.000000 
-0.277912 0.000000 
-0.336423 0.000000 
-0.102991 -0.000000 
0.026098 -0.000000 
-0.357580 0.000000 
0.117660 0.000000 
0.193938 0.000000 
0.160651 0.000000 
-0.299353 -0.000000 
0.165329 -0.000000 
-0.310402 -0.000000 
-0.139359 0.000000 
0.350022 0.000000 
0.543777 0.000000 
0.063580 0.000000 
-0.672742 -0.000000 
0.834845 0.000000 
-1.420548 0.000000 
-0.121357 0.000000 
0.503778 -0.000000 
0.283933 -0.000000 
-0.749366 0.000000 
0.352246 0.000000 
0.549342 0.000000 
-0.312432 0.000000 
-0.048239 0.000000 
0.150186 0.000000 
0.349465 0.000000 
-0.591864 0.000000 
-0.735005 0.000000 
-0.035355 -0.000000 
0.209613 0.000000 
0.235432 -0.000000 
0.340158 0.000000 
-1.139361 0.000000 
0.081909 0.000000 
0.202612 0.000000 
0.964934 -0.000000 
-0.376324 0.000000 
0.473046 0.000000 
-0.751456 0.000000 
0.519400 -0.000000 
-0.006999 0.000000 
0.040977 -0.000000 
-0.056268 -0.000000 
0.667333 0.000000 
0.577454 -0.000000 
-0.619486 -0.000000 
-0.741627 0.000000 
0.416449 -0.000000 
0.170302 0.000000 
-0.118188 0.000000 
-0.133518 0.000000 
0.153919 0.000000 
0.032963 0.000000 
1.331178 0.000000 
0.184569 0.000000 
-0.639839 -0.000000 
0.384068 -0.000000 
0.365907 0.000000 
0.794429 0.000000 
0.483037 -0.000000 
0.528179 0.000000 
-0.623802 -0.000000 
0.120382 0.000000 
0.171469 0.000000 
-0.025251 0.000000 
-0.596094 -0.000000 
-0.066459 0.000000 
0.032422 -0.000000 
-0.372950 -0.000000 
-0.564753 0.000000 
-0.294939 -0.000000 
-1.040626 -0.000000 
0.410191 -0.000000 
-0.334390 0.000000 
0.261146 0.000000 
0.093733 0.000000 
0.050946 -0.000000 
-0.428789 0.000000 
-1.173850 0.000000 
-0.581524 -0.000000 
-0.543931 0.000000 
-0.439961 0.000000 
-0.081267 0.000000 
-0.230013 -0.000000 
0.110149 0.000000 
0.103508 0.000000 
-0.360997 -0.000000 
-0.189893 0.000000 
0.634566 0.000000 
0.997257 -0.000000 
-0.756325 -0.000000 
0.131614 0.000000 
0.929251 0.000000 
0.437645 0.000000 
-0.105634 0.000000 
-0.398224 -0.000000 
0.115385 0.000000 
-0.433481 0.000000 
0.798333 0.000000 
0.485288 0.000000 
0.164212 0.000000 
0.012117 0.000000 
0.098458 -0.000000 
-0.561022 -0.000000 
-0.118413 0.000000 
-0.709523 -0.000000 
-0.947542 -0.000000 
0.735500 -0.000000 
0.292048 0.000000 
-0.190511 -0.000000 
-0.263451 -0.000000 
-0.032819 0.000000 
0.326238 0.000000 
0.153692 0.000000 
0.200703 0.000000 
0.746502 0.000000 
-0.214475 0.000000 
0.212941 0.000000 
-0.113296 0.000000 
0.450507 0.000000 
-0.165587 0.000000 
0.090177 0.000000 
0.151313 0.000000 
0.512250 0.000000 
-0.233920 0.000000 
-0.156654 -0.000000 
0.027807 0.000000 
0.083192 -0.000000 
-0.647840 -0.000000 
-0.534508 0.000000 
0.003025 -0.000000 
-0.087551 0.000000 
0.573766 0.000000 
0.222239 -0.000000 
0.119825 -0.000000 
0.684487 0.000000 
-0.026447 0.000000 
-0.626631 -0.000000 
-0.029850 0.000000 
0.448842 -0.000000 
0.225097 0.000000 
0.553462 -0.000000 
0.051239 0.000000 
0.741513 0.000000 
-0.540425 -0.000000 
0.096997 -0.000000 
-0.610950 0.000000 
-0.101605 0.000000 
0.313855 0.000000 
0.019761 -0.000000 
1.375187 -0.000000 
0.107228 0.000000 
0.155254 -0.000000 
-0.038703 -0.000000 
0.008288 -0.000000 
-0.569934 0.000000 
0.115837 -0.000000 
-0.333883 -0.000000 
0.488983 0.000000 
0.601363 0.000000 
-0.599211 -0.000000 
-0.378104 -0.000000 
0.319051 -0.000000 
-0.664016 0.000000 
0.297045 0.000000 
0.569932 -0.000000 
-0.432626 0.000000 
0.133201 -0.000000 
-0.462729 0.000000 
0.141567 -0.000000 
-0.227381 0.000000 
0.073449 0.000000 
0.199611 -0.000000 
-0.669166 0.000000 
0.059526 -0.000000 
0.714979 0.000000 
0.046635 0.000000 
0.329592 0.000000 
0.338277 0.000000 
-0.776886 -0.000000 
-0.102101 -0.000000 
-0.526045 0.000000 
-0.870972 0.000000 
0.634930 0.000000 
0.104272 0.000000 
0.482088 -0.000000 
-0.186737 0.000000 
0.168593 0.000000 
0.053774 -0.000000 
-0.709804 -0.000000 
0.304140 0.000000 
-1.421224 0.000000 
0.340553 -0.000000 
-0.140625 0.000000 
0.203124 0.000000 
-0.131809 0.000000 
-0.449437 0.000000 
0.368712 -0.000000 
-0.762232 0.000000 
-0.457223 -0.000000 
0.611942 -0.000000 
0.042628 0.000000 
0.476727 0.000000 
0.409094 0.000000 
0.525791 -0.000000 
0.455895 0.000000 
-0.411235 -0.000000 
-0.768584 0.000000 
-0.129196 0.000000 
-0.287778 0.000000 
0.678845 -0.000000 
0.181305 0.000000 
-0.273687 0.000000 
-0.089550 0.000000 
-0.069343 0.000000 
0.123528 0.000000 
-0.003323 0.000000 
-0.400248 -0.000000 
-0.920196 0.000000 
-0.281399 -0.000000 
0.186043 0.000000 
-0.060136 0.000000 
0.390718 -0.000000 
0.034819 0.000000 
-0.516827 0.000000 
0.537023 0.000000 
0.764006 0.000000 
0.026911 0.000000 
0.363925 0.000000 
-0.460365 0.000000 
-0.637952 0.000000 
0.879541 0.000000 
0.168051 0.000000 
-0.391220 0.000000 
-1.015480 0.000000 
0.246342 -0.000000 
0.110520 -0.000000 
0.692012 0.000000 
0.488580 0.000000 
0.564947 0.000000 
-0.216412 0.000000 
0.043399 -0.000000 
0.126077 0.000000 
0.273061 0.000000 
0.022538 -0.000000 
-0.227529 0.000000 
-1.079930 0.000000 
0.310009 0.000000 
-0.253062 0.000000 
0.980295 0.000000 
-0.887494 0.000000 
0.521013 0.000000 
-0.756577 0.000000 
0.566433 0.000000 
-0.160344 -0.000000 
-0.016508 -0.000000 
-0.235461 0.000000 
0.323753 -0.000000 
0.561842 0.000000 
-0.942035 0.000000 
-0.351376 0.000000 
-1.002425 0.000000 
0.773039 0.000000 
1.003422 -0.000000 
1.019409 -0.000000 
0.073506 -0.000000 
0.442339 0.000000 
0.433745 0.000000 
0.085842 0.000000 
1.495782 0.000000 
-0.465964 0.000000 
0.174650 0.000000 
0.580229 -0.000000 
0.614094 0.000000 
-0.843542 0.000000 
1.000080 0.000000 
0.205908 -0.000000 
-0.057366 0.000000 
-0.904977 0.000000 
0.283947 -0.000000 
-0.327032 -0.000000 
-0.126494 -0.000000 
0.579141 0.000000 
-0.396591 0.000000 
0.994669 0.000000 
-0.804446 -0.000000 
0.944897 0.000000 
0.324775 -0.000000 
-0.333367 -0.000000 
0.050379 0.000000 
0.297580 -0.000000 
0.357319 -0.000000 
0.197200 -0.000000 
-0.133113 0.000000 
-0.662687 0.000000 
-0.239736 0.000000 
0.016130 -0.000000 
0.592352 -0.000000 
0.304020 0.000000 
0.363459 -0.000000 
-0.811787 0.000000 
-0.584511 -0.000000 
0.067372 0.000000 
-0.541357 0.000000 
-0.199364 0.000000 
-0.331276 0.000000 
0.217025 -0.000000 
0.757936 0.000000 
1.303967 0.000000 
0.188771 0.000000 
1.013227 0.000000 
0.237589 -0.000000 
0.537851 0.000000 
-0.482320 0.000000 
-0.293880 0.000000 
-0.394222 0.000000 
0.315476 0.000000 
0.481288 -0.000000 
0.039696 0.000000 
-0.459731 0.000000 
0.443535 0.000000 
1.089782 0.000000 
-0.076751 0.000000 
0.625926 0.000000 
0.694959 0.000000 
0.224400 0.000000 
-0.438300 -0.000000 
-0.068192 -0.000000 
-0.356541 0.000000 
0.159650 0.000000 
0.400929 -0.000000 
-0.287550 -0.000000 
0.239687 0.000000 
-0.130560 0.000000 
0.740629 0.000000 
-0.602031 -0.000000 
-0.686321 -0.000000 
0.576888 0.000000 
-0.596664 -0.000000 
-0.612139 0.000000 
-1.534520 0.000000 
-0.120254 0.000000 
-0.106815 0.000000 
0.644377 -0.000000 
0.455226 0.000000 
0.182694 0.000000 
-0.043316 0.000000 
-0.164726 0.000000 
-0.526457 0.000000 
0.282799 0.000000 
0.164315 0.000000 
0.046197 0.000000 
0.196947 0.000000 
0.191127 0.000000 
-0.271249 -0.000000 
0.161358 0.000000 
-0.395044 0.000000 
-0.105941 -0.000000 
-0.306745 0.000000 
0.728005 0.000000 
0.689414 0.000000 
0.017125 0.000000 
-0.013910 -0.000000 
-0.830001 0.000000 
-0.131333 -0.000000 
-0.294323 0.000000 
-0.407766 0.000000 
-1.461674 0.000000 
-0.752303 0.000000 
-1.248014 0.000000 
0.011406 0.000000 
-0.211362 0.000000 
0.510842 -0.000000 
-0.474256 0.000000 
0.299273 -0.000000 
0.562503 -0.000000 
0.201917 0.000000 
-0.800123 -0.000000 
0.784359 0.000000 
0.086559 0.000000 
1.745443 -0.000000 
0.329403 0.000000 
0.413433 -0.000000 
0.568609 -0.000000 
0.028908 0.000000 
0.195887 0.000000 
-0.598630 -0.000000 
-0.083034 -0.000000 
-0.697904 0.000000 
0.507141 0.000000 
0.219375 -0.000000 
-0.258365 0.000000 
1.357622 0.000000 
-0.678270 -0.000000 
0.267509 0.000000 
-0.261349 0.000000 
-0.384211 -0.000000 
0.391465 -0.000000 
-0.123639 0.000000 
0.509039 -0.000000 
-0.453711 0.000000 
-0.502639 0.000000 
-0.560083 0.000000 
0.845159 -0.000000 
0.010694 -0.000000 
-0.117882 -0.000000 
0.370220 -0.000000 
0.135970 -0.000000 
-0.014883 0.000000 
0.029127 0.000000 
-0.572616 0.000000 
0.684192 -0.000000 
0.267329 -0.000000 
-0.073704 0.000000 
-0.917191 0.000000 
-0.146292 0.000000 
0.520676 0.000000 
-0.086069 0.000000 
0.049404 0.000000 
0.123638 0.000000 
0.869793 -0.000000 
-0.171941 0.000000 
-0.230800 -0.000000 
0.013905 0.000000 
0.899486 0.000000 
-0.808387 -0.000000 
-0.057966 0.000000 
0.379398 0.000000 
0.290598 0.000000 
-0.425894 0.000000 
0.921284 0.000000 
-0.834347 -0.000000 
-0.719026 0.000000 
-0.868207 0.000000 
0.127590 0.000000 
-0.133059 0.000000 
0.178842 0.000000 
-0.121236 -0.000000 
-0.172145 0.000000 
-0.181051 -0.000000 
-0.621134 -0.000000 
0.158444 -0.000000 
-0.183976 0.000000 
0.443434 0.000000 
0.406078 0.000000 
-0.647116 0.000000 
0.013411 -0.000000 
-0.265547 0.000000 
0.541639 0.000000 
0.132645 -0.000000 
0.257054 0.000000 
-0.079537 0.000000 
-0.258703 -0.000000 
-0.003595 -0.000000 
-0.305896 0.000000 
0.152550 0.000000 
-0.305807 -0.000000 
-0.630741 0.000000 
0.651465 0.000000 
-0.336211 0.000000 
-0.019188 -0.000000 
0.907005 0.000000 
-0.318348 -0.000000 
0.064917 -0.000000 
0.142874 0.000000 
-1.062579 -0.000000 
0.017215 0.000000 
-0.749818 0.000000 
1.318978 0.000000 
-0.106731 -0.000000 
0.668990 -0.000000 
-0.506829 -0.000000 
-1.135143 0.000000 
-0.556704 0.000000 
-0.537051 0.000000 
0.100999 0.000000 
0.316207 0.000000 
-0.642968 0.000000 
0.497692 -0.000000 
-0.131413 -0.000000 
0.025554 0.000000 
0.366940 0.000000 
0.202183 0.000000 
0.381204 0.000000 
-0.220111 0.000000 
0.352092 0.000000 
0.653606 0.000000 
0.228027 0.000000 
-0.995399 -0.000000 
0.567960 0.000000 
-0.143830 0.000000 
1.349092 0.000000 
0.757889 0.000000 
-0.412609 -0.000000 
-0.208865 0.000000 
-0.077029 0.000000 
-0.067971 0.000000 
-0.241753 -0.000000 
0.203085 -0.000000 
-1.114252 0.000000 
-0.753639 0.000000 
0.325079 0.000000 
0.185193 -0.000000 
0.279261 0.000000 
0.243365 0.000000 
-0.630735 0.000000 
0.596036 -0.000000 
0.545859 0.000000 
0.565119 -0.000000 
0.904570 0.000000 
0.457676 -0.000000 
-0.304378 0.000000 
0.240039 0.000000 
0.606433 -0.000000 
-0.223415 -0.000000 
0.435681 -0.000000 
-0.100009 0.000000 
0.014132 0.000000 
-0.209326 -0.000000 
0.746256 0.000000 
0.858315 -0.000000 
0.490619 -0.000000 
-0.192965 0.000000 
-0.493962 -0.000000 
-0.248367 0.000000 
0.846950 0.000000 
-0.624747 0.000000 
0.271735 0.000000 
-0.268901 -0.000000 
-0.316857 0.000000 
-0.539737 0.000000 
-0.488278 0.000000 
-0.084807 0.000000 
-1.357816 0.000000 
-0.447726 -0.000000 
-0.634748 0.000000 
-0.268885 0.000000 
-0.277014 0.000000 
-1.091314 0.000000 
0.660155 0.000000 
0.338352 -0.000000 
-0.240916 0.000000 
0.757626 0.000000 
0.680497 0.000000 
-0.514825 0.000000 
-0.379964 -0.000000 
0.136302 -0.000000 
-0.015879 -0.000000 
-0.296425 0.000000 
-0.504574 -0.000000 
0.622222 0.000000 
-0.216121 0.000000 
0.576458 -0.000000 
0.930555 0.000000 
-0.059693 0.000000 
-0.777370 0.000000 
-0.608676 0.000000 
-0.548682 0.000000 
0.271308 0.000000 
0.324402 0.000000 
0.654790 0.000000 
0.689956 -0.000000 
-0.408941 0.000000 
-0.425384 0.000000 
-0.604389 0.000000 
-0.034847 0.000000 
0.296588 -0.000000 
0.539250 0.000000 
0.167157 0.000000 
-0.240029 0.000000 
-0.517245 -0.000000 
-0.128838 0.000000 
0.317767 -0.000000 
-0.391590 0.000000 
0.643552 0.000000 
0.857529 0.000000 
-0.228096 0.000000 
-0.456835 0.000000 
-0.831877 0.000000 
0.061686 0.000000 
0.213577 0.000000 
-0.502923 0.000000 
0.326289 -0.000000 
0.551406 0.000000 
-0.081623 0.000000 
0.172364 0.000000 
0.308943 0.000000 
-0.246774 0.000000 
-0.111041 0.000000 
-1.102603 0.000000 
0.603500 0.000000 
0.036975 -0.000000 
0.126105 0.000000 
0.737116 -0.000000 
0.542326 0.000000 
-0.666798 0.000000 
-0.898867 0.000000 
-1.368655 0.000000 
0.301958 0.000000 
-0.402403 -0.000000 
0.677420 0.000000 
-0.817194 -0.000000 
-0.469635 0.000000 
0.386959 0.000000 
0.260504 0.000000 
-0.434677 0.000000 
0.351150 -0.000000 
-0.003253 0.000000 
-0.139710 0.000000 
-0.452566 -0.000000 
0.722555 0.000000 
0.821120 -0.000000 
0.336552 0.000000 
0.291113 0.000000 
0.432096 -0.000000 
0.658167 0.000000 
0.179143 0.000000 
-0.454451 -0.000000 
0.362099 0.000000 
0.060477 0.000000 
-0.515743 -0.000000 
1.260608 0.000000 
-0.191751 -0.000000 
-0.311537 -0.000000 
-0.809948 0.000000 
-0.087424 0.000000 
0.654807 0.000000 
-0.333659 0.000000 
1.028662 -0.000000 
-0.211977 -0.000000 
1.006150 0.000000 
-0.269320 0.000000 
-0.080483 -0.000000 
0.312609 0.000000 
0.124743 0.000000 
0.582325 0.000000 
0.206199 0.000000 
0.032928 0.000000 
0.345137 0.000000 
0.362739 0.000000 
-0.221874 0.000000 
-0.287785 -0.000000 
-0.577502 0.000000 
0.042881 -0.000000 
0.013704 -0.000000 
0.114843 0.000000 
0.485155 0.000000 
0.384622 0.000000 
-0.503817 0.000000 
0.583806 0.000000 
-0.747581 0.000000 
0.388633 0.000000 
0.462678 -0.000000 
1.205425 0.000000 
0.031571 0.000000 
-0.355810 -0.000000 
-0.242719 0.000000 
-0.893136 0.000000 
-0.337680 0.000000 
1.134502 0.000000 
0.353957 0.000000 
0.206545 0.000000 
-0.390920 0.000000 
-0.236103 0.000000 
-0.279440 0.000000 
0.082369 -0.000000 
-0.130759 0.000000 
0.221748 0.000000 
-0.793999 -0.000000 
-0.277214 0.000000 
-0.154799 -0.000000 
0.995457 -0.000000 
-0.275518 -0.000000 
-0.290686 0.000000 
-0.142637 -0.000000 
-0.354458 -0.000000 
-0.816112 0.000000 
0.892098 0.000000 
0.210243 -0.000000 
0.428352 0.000000 
-0.209225 0.000000 
-0.523598 0.000000 
0.414929 0.000000 
0.222819 0.000000 
-0.508544 0.000000 
0.008381 0.000000 
-0.184360 0.000000 
-0.348047 0.000000 
-0.172546 -0.000000 
0.866455 -0.000000 
0.252338 0.000000 
0.256160 -0.000000 
-0.047187 0.000000 
0.301378 -0.000000 
-0.071366 0.000000 
0.466031 0.000000 
-0.081766 0.000000 
0.086131 0.000000 
0.099714 -0.000000 
-0.947055 -0.000000 
-0.378481 0.000000 
-0.492941 0.000000 
-0.693829 0.000000 
-0.114512 -0.000000 
-0.284726 -0.000000 
-0.180935 0.000000 
0.440771 0.000000 
-2.175800 0.000000 
-1.497797 0.000000 
0.024567 -0.000000 
-0.237441 0.000000 
-0.245752 0.000000 
1.083573 -0.000000 
0.157674 0.000000 
0.396046 0.000000 
0.342712 -0.000000 
0.251939 0.000000 
0.686642 -0.000000 
-0.318424 -0.000000 
0.202703 -0.000000 
0.136339 0.000000 
0.344818 0.000000 
0.568296 0.000000 
0.079205 0.000000 
0.172387 0.000000 
0.411193 -0.000000 
-0.281855 0.000000 
-0.143111 0.000000 
0.265361 0.000000 
-0.230224 0.000000 
-0.068303 0.000000 
1.611558 0.000000 
-0.091500 -0.000000 
0.297794 0.000000 
0.119378 0.000000 
0.194445 0.000000 
-0.104563 0.000000 
0.748757 0.000000 
0.345829 0.000000 
0.232444 -0.000000 
-0.072718 -0.000000 
-0.143250 0.000000 
-0.500141 0.000000 
-0.281167 0.000000 
-0.413962 0.000000 
-0.220734 0.000000 
0.367011 0.000000 
-0.130806 -0.000000 
0.233722 0.000000 
-0.026341 -0.000000 
-0.090621 0.000000 
0.102773 0.000000 
-0.492715 0.000000 
1.285856 0.000000 
0.753160 0.000000 
0.038437 0.000000 
0.423943 0.000000 
0.412582 0.000000 
-0.175696 -0.000000 
0.182267 -0.000000 
-0.989875 0.000000 
0.786775 -0.000000 
-0.191809 0.000000 
0.216977 0.000000 
1.238278 0.000000 
0.057246 0.000000 
0.065954 -0.000000 
0.121095 -0.000000 
-0.198656 0.000000 
-0.012309 0.000000 
0.243690 -0.000000 
-0.680099 -0.000000 
-0.369650 0.000000 
-0.277609 -0.000000 
0.352877 0.000000 
0.126914 0.000000 
0.231400 0.000000 
-0.066989 0.000000 
-0.516161 0.000000 
-1.009699 0.000000 
-0.475605 0.000000 
0.418437 0.000000 
0.967075 -0.000000 
-0.697058 -0.000000 
-0.433339 0.000000 
0.293390 0.000000 
-0.391429 0.000000 
0.124726 0.000000 
-0.228176 -0.000000 
-0.186306 -0.000000 
0.000148 0.000000 
0.042447 -0.000000 
-0.505949 -0.000000 
0.649213 0.000000 
-0.196763 -0.000000 
-0.246321 0.000000 
0.535773 -0.000000 
0.106747 0.000000 
-0.388806 -0.000000 
-0.367910 -0.000000 
0.069851 -0.000000 
0.116656 0.000000 
-0.411853 -0.000000 
-0.011752 -0.000000 
-0.306853 0.000000 
0.495245 0.000000 
0.011110 -0.000000 
-0.039634 0.000000 
0.263293 0.000000 
-0.152356 0.000000 
0.372379 -0.000000 
0.106982 0.000000 
0.353604 0.000000 
0.349949 -0.000000 
0.396775 0.000000 
-0.874103 0.000000 
0.083132 -0.000000 
0.318146 0.000000 
0.448237 -0.000000 
-0.018742 -0.000000 
0.006529 0.000000 
-0.040009 -0.000000 
-0.591984 0.000000 
0.094752 0.000000 
-0.196039 -0.000000 
0.270235 0.000000 
0.544676 -0.000000 
1.503808 0.000000 
-0.042674 0.000000 
-0.327436 0.000000 
0.535395 0.000000 
0.069578 0.000000 
0.495923 -0.000000 
0.880565 -0.000000 
-0.435617 -0.000000 
0.019528 -0.000000 
0.552915 -0.000000 
0.857529 -0.000000 
-0.615773 0.000000 
0.655343 0.000000 
-0.116634 0.000000 
0.030646 0.000000 
0.339475 -0.000000 
0.661904 0.000000 
0.094102 0.000000 
-0.172149 -0.000000 
-0.282957 0.000000 
-0.052161 -0.000000 
-0.487339 0.000000 
0.494535 -0.000000 
-0.636641 -0.000000 
0.447883 0.000000 
0.218787 -0.000000 
0.167829 0.000000 
-0.372806 0.000000 
0.899153 0.000000 
-0.172285 -0.000000 
0.190463 -0.000000 
0.665850 -0.000000 
-0.973898 -0.000000 
0.838331 -0.000000 
-0.057734 0.000000 
-0.625346 -0.000000 
0.133272 -0.000000 
-0.182380 0.000000 
-0.212686 -0.000000 
1.016508 -0.000000 
-0.507217 -0.000000 
-0.317636 0.000000 
-0.658597 0.000000 
0.843882 -0.000000 
-0.543069 0.000000 
-0.317598 -0.000000 
-0.389296 0.000000 
-0.806157 -0.000000 
-0.410017 -0.000000 
1.430785 0.000000 
0.163899 0.000000 
-0.206645 0.000000 
-0.061202 0.000000 
0.913178 0.000000 
-0.227152 0.000000 
-0.566003 -0.000000 
0.466547 0.000000 
-0.949074 0.000000 
-0.442369 -0.000000 
0.099675 -0.000000 
0.184249 -0.000000 
0.123556 0.000000 
0.221618 0.000000 
0.337004 0.000000 
0.602534 0.000000 
-0.425911 -0.000000 
0.004380 -0.000000 
0.509839 -0.000000 
-0.102357 -0.000000 
-0.177219 0.000000 
0.236199 0.000000 
0.147591 0.000000 
0.549975 0.000000 
0.465561 -0.000000 
0.378258 0.000000 
0.280998 0.000000 
-0.077340 -0.000000 
-0.604655 0.000000 
0.336863 0.000000 
0.269527 -0.000000 
0.081066 0.000000 
0.099543 0.000000 
-0.072686 0.000000 
-0.533074 0.000000 
0.327061 -0.000000 
1.071958 0.000000 
0.125381 -0.000000 
-0.078067 -0.000000 
-0.206838 0.000000 
0.428230 0.000000 
1.029845 0.000000 
0.132000 -0.000000 
0.003048 0.000000 
0.217106 -0.000000 
-0.931326 -0.000000 
0.496862 0.000000 
0.395954 0.000000 
0.148418 -0.000000 
0.272211 -0.000000 
0.139627 -0.000000 
-0.572866 0.000000 
-0.000819 0.000000 
-0.158334 -0.000000 
0.915585 0.000000 
-0.495608 0.000000 
0.288138 0.000000 
0.445637 0.000000 
-0.671005 -0.000000 
1.025345 0.000000 
-0.522374 0.000000 
0.013909 0.000000 
-0.319552 -0.000000 
0.162392 -0.000000 
-0.556299 0.000000 
-0.240058 0.000000 
0.342674 -0.000000 
0.261990 0.000000 
-0.156113 0.000000 
-0.584936 0.000000 
0.829849 0.000000 
-0.141784 0.000000 
0.815653 0.000000 
1.097293 -0.000000 
0.539286 0.000000 
-0.382487 0.000000 
-0.233854 0.000000 
0.545209 0.000000 
-0.683843 0.000000 
-0.167208 0.000000 
0.846418 0.000000 
-0.023604 0.000000 
0.232891 0.000000 
0.833985 0.000000 
-0.058550 0.000000 
0.213896 0.000000 
-0.213031 0.000000 
-0.056921 0.000000 
0.428938 0.000000 
-0.675676 0.000000 
-0.705788 0.000000 
1.052818 -0.000000 
-0.110060 0.000000 
0.045764 0.000000 
-1.257073 -0.000000 
1.038989 0.000000 
-0.245839 0.000000 
-0.148619 -0.000000 
-0.389324 0.000000 
-0.502882 0.000000 
-0.089369 0.000000 
0.150636 -0.000000 
-0.111353 0.000000 
-0.136648 0.000000 
-0.402613 0.000000 
0.537580 0.000000 
-1.166493 0.000000 
0.085362 0.000000 
0.357746 0.000000 
0.025483 0.000000 
0.300411 0.000000 
-0.764600 -0.000000 
-0.240195 -0.000000 
0.323610 -0.000000 
-0.467585 0.000000 
-0.017744 -0.000000 
-0.369069 0.000000 
0.515282 0.000000 
0.191605 0.000000 
-0.630929 0.000000 
0.134254 0.000000 
0.324864 0.000000 
-0.007010 0.000000 
-0.589635 0.000000 
-0.294199 -0.000000 
0.392571 -0.000000 
0.365601 0.000000 
0.385558 0.000000 
-0.254133 0.000000 
0.048111 -0.000000 
-0.843348 0.000000 
-0.070964 0.000000 
1.033626 -0.000000 
-0.044414 0.000000 
1.049945 -0.000000 
0.265833 0.000000 
0.333450 -0.000000 
1.245206 0.000000 
0.084006 0.000000 
-0.398822 0.000000 
0.332145 0.000000 
-0.276409 0.000000 
-0.208271 -0.000000 
-0.777914 0.000000 
-0.475832 0.000000 
-0.587460 -0.000000 
-0.723784 0.000000 
-0.036708 0.000000 
0.608654 0.000000 
-0.302835 0.000000 
0.607077 0.000000 
0.255082 0.000000 
-0.346171 0.000000 
0.012190 0.000000 
0.215119 0.000000 
0.314948 0.000000 
-0.279309 -0.000000 
0.823696 0.000000 
0.220194 0.000000 
-0.240491 0.000000 
0.781631 0.000000 
-0.250609 0.000000 
-0.467437 -0.000000 
0.090278 0.000000 
0.108027 -0.000000 
0.526683 0.000000 
-0.749864 0.000000 
0.054054 0.000000 
-1.064025 0.000000 
-0.816080 0.000000 
0.183988 -0.000000 
-0.177608 -0.000000 
0.343205 0.000000 
0.105330 0.000000 
-0.170684 0.000000 
0.532141 -0.000000 
0.846385 -0.000000 
0.481439 0.000000 
-0.289759 -0.000000 
-0.380574 0.000000 
0.202338 0.000000 
0.056348 0.000000 
0.326276 0.000000 
-0.204615 0.000000 
0.335939 -0.000000 
-0.445190 0.000000 
0.101789 -0.000000 
-0.337965 0.000000 
0.539070 -0.000000 
0.381826 -0.000000 
0.312961 0.000000 
0.812366 -0.000000 
-0.401520 0.000000 
-0.204821 0.000000 
-0.075576 0.000000 
-0.088924 -0.000000 
0.465303 0.000000 
0.376513 -0.000000 
-0.043209 -0.000000 
-0.114380 0.000000 
-1.115171 -0.000000 
0.079754 0.000000 
0.771225 -0.000000 
0.072657 0.000000 
0.147881 0.000000 
0.214696 0.000000 
0.034852 -0.000000 
0.947433 0.000000 
-0.149027 0.000000 
-0.600768 0.000000 
0.285231 0.000000 
0.613914 0.000000 
-0.821860 -0.000000 
0.247127 0.000000 
0.729407 0.000000 
0.188228 0.000000 
0.004067 0.000000 
0.265541 -0.000000 
0.069920 0.000000 
-0.104758 0.000000 
0.422974 -0.000000 
0.159394 -0.000000 
-0.110674 0.000000 
-1.321490 -0.000000 
1.107006 0.000000 
0.144031 -0.000000 
0.542081 -0.000000 
-0.112605 -0.000000 
-0.594582 0.000000 
-0.288433 0.000000 
0.346407 -0.000000 
0.316769 0.000000 
0.089177 -0.000000 
-0.866789 -0.000000 
-0.096654 0.000000 
0.274561 -0.000000 
0.080993 -0.000000 
-0.235299 -0.000000 
-0.072725 0.000000 
-0.108205 0.000000 
0.038290 0.000000 
0.371389 0.000000 
-0.321810 0.000000 
-0.156212 0.000000 
-1.406423 0.000000 
0.135871 0.000000 
-0.049693 0.000000 
-0.054595 0.000000 
-0.352736 0.000000 
0.241597 -0.000000 
0.507206 -0.000000 
-0.899885 -0.000000 
0.721202 0.000000 
0.346731 0.000000 
-0.350089 0.000000 
-0.112217 0.000000 
-0.388577 -0.000000 
-0.995782 -0.000000 
1.064469 0.000000 
0.610989 0.000000 
0.347601 0.000000 
-0.447019 -0.000000 
-0.378532 -0.000000 
0.093749 -0.000000 
0.684946 0.000000 
-0.284053 0.000000 
-0.756672 0.000000 
-0.670248 0.000000 
0.224360 0.000000 
0.707270 0.000000 
-0.390295 0.000000 
-0.141815 0.000000 
-0.642453 0.000000 
0.616893 0.000000 
0.116828 0.000000 
0.010295 -0.000000 
-0.167990 0.000000 
0.452964 0.000000 
-0.647215 0.000000 
-0.333285 0.000000 
-0.084665 0.000000 
0.279859 0.000000 
-0.212907 -0.000000 
0.716248 0.000000 
-0.095352 -0.000000 
0.962831 0.000000 
0.167478 0.000000 
0.091936 0.000000 
0.221208 -0.000000 
-0.991413 -0.000000 
-1.081802 -0.000000 
0.302247 0.000000 
-0.184178 0.000000 
0.335330 0.000000 
-0.194807 0.000000 
0.126033 -0.000000 
0.649327 0.000000 
-0.156470 0.000000 
0.143872 0.000000 
-0.299735 0.000000 
0.053321 0.000000 
0.259123 0.000000 
-0.473100 0.000000 
1.073242 0.000000 
0.510020 0.000000 
0.053537 0.000000 
-1.143508 0.000000 
-0.481145 -0.000000 
-0.497644 0.000000 
0.420525 0.000000 
-0.396744 0.000000 
-0.682927 0.000000 
-0.639034 0.000000 
0.159659 0.000000 
-0.023211 0.000000 
0.083410 0.000000 
0.222760 0.000000 
-0.106423 0.000000 
-0.002487 0.000000 
-0.134750 0.000000 
-0.178154 0.000000 
-0.188516 -0.000000 
-0.381470 0.000000 
-0.108405 -0.000000 
-0.022561 -0.000000 
-0.234749 0.000000 
-0.187340 0.000000 
-0.087462 -0.000000 
0.623205 0.000000 
-0.021352 0.000000 
-0.023015 -0.000000 
0.443915 -0.000000 
0.154686 0.000000 
0.268324 0.000000 
-1.114099 0.000000 
0.629355 0.000000 
0.145463 0.000000 
-0.757792 0.000000 
-0.638344 0.000000 
0.087282 0.000000 
-0.897618 0.000000 
-0.398993 -0.000000 
0.182909 0.000000 
-0.046728 0.000000 
0.088683 0.000000 
-0.083529 -0.000000 
0.749234 -0.000000 
-0.599109 0.000000 
0.608078 -0.000000 
0.310077 0.000000 
-0.093207 0.000000 
0.754429 0.000000 
0.141943 0.000000 
0.181965 -0.000000 
0.244511 -0.000000 
0.193548 0.000000 
0.561162 0.000000 
0.038941 0.000000 
-0.471604 0.000000 
0.096188 0.000000 
0.626724 0.000000 
0.421867 -0.000000 
0.411823 0.000000 
0.188883 0.000000 
-0.127855 0.000000 
0.803184 0.000000 
0.336317 0.000000 
0.504311 0.000000 
0.153604 0.000000 
0.288984 0.000000 
0.771232 -0.000000 
-0.241438 0.000000 
-0.375566 0.000000 
-0.338965 0.000000 
-0.242581 0.000000 
-0.054218 -0.000000 
-0.294551 -0.000000 
-0.651418 -0.000000 
0.224395 0.000000 
-0.011135 0.000000 
-0.198392 -0.000000 
0.519495 0.000000 
0.283587 0.000000 
-0.199086 0.000000 
-0.100649 0.000000 
-0.000612 0.000000 
0.621947 0.000000 
0.145980 0.000000 
-0.705118 0.000000 
0.280348 0.000000 
-0.445842 -0.000000 
-1.153212 0.000000 
-0.461315 0.000000 
0.006276 0.000000 
0.101047 0.000000 
-0.413972 0.000000 
0.263069 0.000000 
1.120019 0.000000 
-0.035841 0.000000 
0.252959 0.000000 
0.246546 0.000000 
-1.047410 0.000000 
0.043741 0.000000 
0.222271 0.000000 
0.007918 -0.000000 
0.724973 0.000000 
0.191485 0.000000 
0.610687 0.000000 
-0.153534 -0.000000 
0.213997 0.000000 
-0.251814 0.000000 
-0.423464 -0.000000 
0.501302 -0.000000 
-0.039403 -0.000000 
0.470230 0.000000 
-0.426127 0.000000 
0.158301 -0.000000 
-0.435003 0.000000 
-0.407752 0.000000 
-0.975016 -0.000000 
-0.477438 0.000000 
-0.416699 0.000000 
-0.483091 -0.000000 
0.007932 0.000000 
-0.340475 0.000000 
-0.608988 -0.000000 
-0.065218 0.000000 
-0.117870 0.000000 
0.459487 0.000000 
0.800649 -0.000000 
-1.222340 -0.000000 
0.663804 -0.000000 
-0.022024 0.000000 
0.079393 0.000000 
0.228246 0.000000 
0.210860 -0.000000 
0.505352 0.000000 
0.042915 0.000000 
0.865658 0.000000 
0.010725 0.000000 
-0.279007 0.000000 
-0.243892 0.000000 
0.387024 -0.000000 
-0.154619 0.000000 
-0.221330 0.000000 
0.909842 0.000000 
0.116257 -0.000000 
-0.610933 -0.000000 
-0.047810 0.000000 
-0.148782 0.000000 
-0.846292 0.000000 
0.243547 -0.000000 
-0.790450 0.000000 
-0.058269 0.000000 
-0.499693 0.000000 
0.664121 -0.000000 
0.016617 0.000000 
-0.095172 0.000000 
0.265886 0.000000 
0.475537 -0.000000 
0.764359 0.000000 
-0.146750 0.000000 
-0.070479 0.000000 
0.232285 -0.000000 
0.669445 -0.000000 
0.249722 0.000000 
-0.905189 -0.000000 
0.134553 0.000000 
-0.026146 0.000000 
-0.571794 0.000000 
-0.261813 0.000000 
-0.088543 0.000000 
-0.658396 0.000000 
0.568699 0.000000 
1.163429 0.000000 
0.389028 -0.000000 
0.387186 0.000000 
0.165147 0.000000 
-0.568469 0.000000 
0.186915 0.000000 
0.412788 0.000000 
0.433040 0.000000 
0.390251 0.000000 
0.260108 -0.000000 
0.052693 0.000000 
0.814644 0.000000 
-0.369212 -0.000000 
-0.908036 -0.000000 
0.257883 0.000000 
0.025029 0.000000 
0.053309 0.000000 
0.281863 -0.000000 
-0.490549 0.000000 
-0.774810 0.000000 
0.172070 0.000000 
-0.009988 0.000000 
-0.249173 0.000000 
-0.131838 0.000000 
0.313978 -0.000000 
0.359340 0.000000 
-0.538379 0.000000 
-0.102948 -0.000000 
0.750340 -0.000000 
0.656385 0.000000 
0.240186 -0.000000 
-0.281557 0.000000 
0.029064 0.000000 
0.964766 0.000000 
-0.044789 0.000000 
0.031063 0.000000 
-0.928819 0.000000 
-0.392047 -0.000000 
-0.464297 0.000000 
-0.175757 0.000000 
-0.374769 -0.000000 
0.816984 -0.000000 
0.828423 -0.000000 
0.369772 0.000000 
0.245572 0.000000 
0.058005 -0.000000 
-0.006327 -0.000000 
0.445541 -0.000000 
0.093306 0.000000 
1.054834 0.000000 
-0.018581 0.000000 
-0.008512 -0.000000 
0.590094 -0.000000 
-0.496977 0.000000 
-0.262079 0.000000 
-0.133453 0.000000 
0.419837 -0.000000 
0.421069 -0.000000 
0.300696 0.000000 
-0.027869 -0.000000 
0.350994 -0.000000 
-0.046436 0.000000 
-0.578865 -0.000000 
-0.075194 0.000000 
0.189388 0.000000 
0.086622 -0.000000 
-0.140447 -0.000000 
-0.015160 -0.000000 
-0.226375 0.000000 
0.443103 -0.000000 
0.023961 0.000000 
0.252715 -0.000000 
1.149523 -0.000000 
0.391968 -0.000000 
-0.251299 -0.000000 
0.374213 0.000000 
-0.096943 0.000000 
0.170866 0.000000 
0.369388 0.000000 
0.110134 -0.000000 
0.439511 -0.000000 
-0.553217 -0.000000 
-0.207605 -0.000000 
0.922428 0.000000 
-0.551065 -0.000000 
0.319752 0.000000 
-0.629445 -0.000000 
-0.871983 -0.000000 
-0.555881 0.000000 
0.239644 0.000000 
-0.453975 0.000000 
0.327941 0.000000 
0.462821 0.000000 
-0.507812 0.000000 
0.795878 -0.000000 
-0.118660 0.000000 
-0.815355 0.000000 
0.187962 0.000000 
-0.505431 0.000000 
0.527388 -0.000000 
0.047665 0.000000 
-0.176953 0.000000 
0.399079 0.000000 
-0.405590 -0.000000 
-0.495979 0.000000 
-0.258043 0.000000 
-0.158189 0.000000 
-0.650008 -0.000000 
-0.631854 -0.000000 
-0.179634 0.000000 
-0.279583 0.000000 
-0.210914 0.000000 
0.100753 0.000000 
-0.053695 0.000000 
-0.667793 0.000000 
-0.841133 -0.000000 
-0.308147 0.000000 
-0.143708 0.000000 
-0.368085 0.000000 
0.096875 0.000000 
0.608673 0.000000 
0.137889 0.000000 
-0.261923 0.000000 
-0.367272 -0.000000 
-0.373027 0.000000 
-1.056677 0.000000 
-0.202263 0.000000 
-0.700218 -0.000000 
0.046685 -0.000000 
-0.186852 -0.000000 
-1.040512 0.000000 
-0.578837 -0.000000 
0.139796 0.000000 
1.046698 0.000000 
0.500421 -0.000000 
0.109035 0.000000 
0.050374 0.000000 
1.118941 0.000000 
0.587106 -0.000000 
0.668180 0.000000 
-0.311317 0.000000 
0.163502 0.000000 
0.225432 0.000000 
-0.558062 0.000000 
0.804130 0.000000 
0.516752 -0.000000 
-0.467847 0.000000 
-0.172290 -0.000000 
-0.051960 0.000000 
0.953349 0.000000 
0.618509 -0.000000 
0.134957 0.000000 
0.369079 0.000000 
-0.505393 0.000000 
0.746852 -0.000000 
-0.612118 0.000000 
-0.327703 -0.000000 
0.861936 0.000000 
-0.612925 0.000000 
0.498445 -0.000000 
-0.863219 -0.000000 
-0.131311 0.000000 
-0.419123 0.000000 
-0.660292 0.000000 
0.907759 -0.000000 
-0.267609 0.000000 
-0.065284 0.000000 
-0.252707 -0.000000 
-0.916394 -0.000000 
-0.405228 0.000000 
0.238506 0.000000 
0.811754 0.000000 
-0.329709 0.000000 
0.053268 0.000000 
0.548829 0.000000 
0.219573 0.000000 
0.869042 0.000000 
0.037823 0.000000 
-0.084741 0.000000 
-0.241437 0.000000 
-0.403061 -0.000000 
0.558690 0.000000 
-0.305584 0.000000 
0.133264 0.000000 
-0.114020 0.000000 
0.694956 0.000000 
0.262590 0.000000 
-0.614330 -0.000000 
-0.728046 -0.000000 
0.895364 0.000000 
0.160764 0.000000 
0.109659 -0.000000 
-0.201715 -0.000000 
0.417124 0.000000 
0.505384 0.000000 
-0.721151 0.000000 
-0.094893 -0.000000 
0.213495 0.000000 
0.293263 0.000000 
0.112886 0.000000 
-0.670010 -0.000000 
-0.676626 -0.000000 
-0.391651 -0.000000 
-0.187466 0.000000 
-0.127848 0.000000 
0.348645 0.000000 
0.140840 -0.000000 
0.394193 0.000000 
0.821985 -0.000000 
-1.056671 -0.000000 
-0.948006 -0.000000 
0.674783 0.000000 
0.021721 0.000000 
0.419170 0.000000 
0.033966 0.000000 
-0.200388 0.000000 
0.592251 -0.000000 
-0.661293 0.000000 
-0.034297 -0.000000 
0.041611 0.000000 
-0.226725 0.000000 
-0.586281 -0.000000 
-0.262000 -0.000000 
0.151840 0.000000 
0.221021 -0.000000 
0.714785 0.000000 
-0.112343 0.000000 
-0.573690 0.000000 
0.223895 0.000000 
-0.240620 0.000000 
-0.546797 0.000000 
0.086466 0.000000 
-0.007434 -0.000000 
0.440609 0.000000 
-0.088117 0.000000 
-0.398479 0.000000 
0.413928 0.000000 
-0.512718 0.000000 
0.868605 0.000000 
0.496186 0.000000 
-0.072560 -0.000000 
-0.229814 -0.000000 
0.273067 0.000000 
0.796489 0.000000 
-0.156963 0.000000 
0.134184 0.000000 
0.269629 0.000000 
0.067178 0.000000 
0.206777 0.000000 
0.512162 -0.000000 
0.292030 0.000000 
-0.147381 0.000000 
-0.899054 -0.000000 
-0.291099 0.000000 
0.314486 0.000000 
0.200078 0.000000 
0.211974 0.000000 
0.313848 0.000000 
0.248558 0.000000 
-0.696719 0.000000 
0.456022 0.000000 
0.091321 0.000000 
0.776231 -0.000000 
0.165630 0.000000 
-0.344774 -0.000000 
-0.649590 -0.000000 
0.181256 0.000000 
-0.277334 0.000000 
0.298456 0.000000 
0.476361 0.000000 
0.224771 0.000000 
0.282132 -0.000000 
0.840596 0.000000 
0.044932 -0.000000 
-0.460471 0.000000 
0.141044 0.000000 
0.013781 0.000000 
-0.343563 0.000000 
-0.489232 -0.000000 
0.125449 0.000000 
-0.032982 0.000000 
-0.350054 0.000000 
-0.408614 -0.000000 
-0.369618 0.000000 
0.702890 0.000000 
0.609346 -0.000000 
-0.763959 0.000000 
-0.960460 0.000000 
-0.688376 -0.000000 
0.326910 0.000000 
-0.261013 0.000000 
-0.316937 0.000000 
-0.266062 0.000000 
0.289667 -0.000000 
0.999198 0.000000 
0.347175 0.000000 
-0.250338 0.000000 
-0.496579 0.000000 
-0.229310 0.000000 
-0.732886 -0.000000 
-0.367629 0.000000 
0.184885 0.000000 
-0.353951 0.000000 
-0.202488 0.000000 
-0.564183 0.000000 
0.044323 0.000000 
-0.375188 0.000000 
-0.298316 0.000000 
-0.287868 -0.000000 
-0.915780 -0.000000 
0.117926 -0.000000 
-0.427914 0.000000 
0.073483 0.000000 
0.383826 0.000000 
0.281986 0.000000 
-0.065519 -0.000000 
-0.177456 0.000000 
0.088482 0.000000 
0.234547 0.000000 
-0.925999 0.000000 
-0.555724 -0.000000 
0.312141 0.000000 
0.423854 0.000000 
0.193428 0.000000 
0.441522 0.000000 
-0.558626 0.000000 
0.794571 0.000000 
0.414589 0.000000 
-0.385844 -0.000000 
-0.652581 -0.000000 
-0.022432 -0.000000 
0.470407 0.000000 
0.365786 -0.000000 
0.249811 -0.000000 
-0.207005 -0.000000 
0.397669 -0.000000 
0.133003 0.000000 
0.601283 0.000000 
0.119302 -0.000000 
0.106016 -0.000000 
-0.537534 0.000000 
0.243877 0.000000 
1.002672 0.000000 
0.040236 -0.000000 
-0.233177 0.000000 
0.027456 0.000000 
-0.252279 0.000000 
-0.508446 0.000000 
-0.686383 0.000000 
-0.397349 0.000000 
-0.039478 -0.000000 
-0.134555 0.000000 
1.639948 0.000000 
1.114607 -0.000000 
0.384449 0.000000 
0.533574 0.000000 
-0.644851 0.000000 
0.337106 0.000000 
0.266342 -0.000000 
0.182847 -0.000000 
-0.189345 0.000000 
-0.339181 0.000000 
0.568892 0.000000 
0.572702 -0.000000 
-0.093447 0.000000 
0.894023 0.000000 
-0.326732 0.000000 
0.110567 0.000000 
-0.549141 0.000000 
-0.330996 -0.000000 
0.285271 -0.000000 
-0.586477 0.000000 
-1.008953 0.000000 
0.577481 0.000000 
-0.250961 -0.000000 
-0.635106 0.000000 
0.138223 0.000000 
-0.104914 0.000000 
-0.046544 0.000000 
0.560920 0.000000 
0.883871 0.000000 
-0.294204 0.000000 
0.411017 -0.000000 
-0.119090 0.000000 
-0.417342 0.000000 
0.555836 -0.000000 
0.299399 0.000000 
0.253011 0.000000 
0.136389 0.000000 
-0.263808 0.000000 
-0.007049 0.000000 
0.080146 -0.000000 
0.202979 0.000000 
0.422045 0.000000 
-0.311411 0.000000 
1.232527 0.000000 
-0.432321 0.000000 
-1.343352 0.000000 
0.629063 -0.000000 
0.230807 0.000000 
0.115775 0.000000 
0.175716 -0.000000 
0.273801 0.000000 
0.157967 -0.000000 
-0.898667 0.000000 
0.196844 0.000000 
0.700924 0.000000 
1.092195 0.000000 
-0.005143 -0.000000 
1.092480 0.000000 
-0.276574 0.000000 
0.705465 -0.000000 
0.546603 0.000000 
0.289394 0.000000 
-0.484315 0.000000 
-0.157005 -0.000000 
0.210732 -0.000000 
-0.537492 -0.000000 
0.063021 0.000000 
0.020203 0.000000 
-0.072637 0.000000 
0.172188 -0.000000 
-0.068716 0.000000 
-0.288311 0.000000 
0.080924 0.000000 
-0.689904 0.000000 
-0.466628 0.000000 
-0.188824 0.000000 
0.228200 0.000000 
-0.571779 0.000000 
0.859623 0.000000 
0.121549 0.000000 
-0.512625 0.000000 
-0.106565 -0.000000 
0.539355 0.000000 
0.503036 0.000000 
-0.686607 -0.000000 
-0.401087 -0.000000 
0.013506 -0.000000 
-0.473106 0.000000 
-1.065461 0.000000 
-0.311181 0.000000 
-0.837249 -0.000000 
-0.090337 0.000000 
0.675164 0.000000 
-0.218621 -0.000000 
-0.255075 0.000000 
1.031266 0.000000 
0.149268 -0.000000 
1.358826 -0.000000 
0.125658 0.000000 
0.063653 -0.000000 
0.067792 0.000000 
0.804906 -0.000000 
0.094285 -0.000000 
-0.206454 -0.000000 
-0.325410 0.000000 
0.515585 0.000000 
-0.105598 -0.000000 
0.554624 0.000000 
0.027610 -0.000000 
-0.609448 0.000000 
-0.039460 0.000000 
0.527937 0.000000 
0.040782 -0.000000 
0.077690 -0.000000 
0.211099 0.000000 
0.104591 0.000000 
0.254234 0.000000 
-0.158220 0.000000 
0.469892 0.000000 
-0.992523 -0.000000 
-0.669722 0.000000 
0.255029 0.000000 
-0.129223 0.000000 
0.332916 0.000000 
-0.308240 -0.000000 
-0.500435 0.000000 
-0.220839 0.000000 
0.267884 0.000000 
0.418101 0.000000 
-0.492845 -0.000000 
-0.314605 -0.000000 
-0.019377 0.000000 
0.028191 -0.000000 
1.048054 0.000000 
-0.497239 0.000000 
-0.249166 0.000000 
-0.041099 0.000000 
-0.888042 0.000000 
-0.560786 -0.000000 
0.812403 -0.000000 
0.619749 0.000000 
-0.509875 0.000000 
0.038935 -0.000000 
-0.792126 0.000000 
-0.501447 0.000000 
0.260367 0.000000 
0.074561 0.000000 
-0.133997 0.000000 
0.287772 0.000000 
-0.773142 -0.000000 
0.067927 -0.000000 
-0.928331 0.000000 
0.763140 -0.000000 
0.761205 0.000000 
-1.013897 0.000000 
0.048524 0.000000 
0.939527 -0.000000 
-0.059453 0.000000 
-0.025133 0.000000 
-0.337117 -0.000000 
-0.154450 0.000000 
0.711963 0.000000 
-0.567643 0.000000 
0.110016 0.000000 
-0.592362 0.000000 
0.189999 -0.000000 
0.658662 0.000000 
0.076490 -0.000000 
-0.211876 0.000000 
-0.841240 -0.000000 
-0.665717 0.000000 
1.029471 -0.000000 
0.511580 0.000000 
0.146989 0.000000 
-0.544211 0.000000 
-0.485165 0.000000 
-0.699320 0.000000 
-0.550671 0.000000 
0.060197 0.000000 
1.156572 -0.000000 
0.167124 -0.000000 
0.734604 0.000000 
-0.068093 0.000000 
-0.051729 0.000000 
0.015971 -0.000000 
0.618748 0.000000 
0.224758 -0.000000 
-0.098448 0.000000 
0.651407 0.000000 
-0.139217 -0.000000 
0.652917 0.000000 
0.518073 -0.000000 
-0.063144 -0.000000 
-0.663543 0.000000 
-0.491954 0.000000 
0.451730 -0.000000 
-0.111655 0.000000 
-0.503680 0.000000 
1.166052 0.000000 
0.063797 0.000000 
-0.018190 -0.000000 
-0.173017 0.000000 
0.299541 -0.000000 
0.894146 -0.000000 
0.473654 0.000000 
0.249363 -0.000000 
-0.057383 0.000000 
0.376880 0.000000 
-0.749934 0.000000 
0.345033 0.000000 
0.837744 -0.000000 
0.326502 0.000000 
0.633594 -0.000000 
0.119755 0.000000 
-0.307825 0.000000 
0.073443 0.000000 
0.105607 -0.000000 
-0.188859 -0.000000 
-0.467884 0.000000 
0.164503 0.000000 
0.012953 0.000000 
0.635568 0.000000 
-0.057773 0.000000 
-0.331823 0.000000 
0.571402 0.000000 
0.323014 0.000000 
0.665311 0.000000 
-0.341982 0.000000 
-0.356489 0.000000 
0.648312 -0.000000 
0.035120 0.000000 
0.333146 -0.000000 
-0.446648 0.000000 
0.334550 0.000000 
0.500207 -0.000000 
-0.478343 0.000000 
0.135720 -0.000000 
0.773805 0.000000 
-0.483291 -0.000000 
0.220638 0.000000 
-0.313666 0.000000 
0.503968 0.000000 
-1.154728 0.000000 
1.421339 0.000000 
-0.561808 -0.000000 
-0.537559 0.000000 
-0.076276 -0.000000 
-0.558994 0.000000 
-0.774746 -0.000000 
0.692123 -0.000000 
0.720605 -0.000000 
0.139758 0.000000 
-0.064627 -0.000000 
0.593374 0.000000 
-0.551925 0.000000 
-0.064787 0.000000 
-0.357395 0.000000 
0.049705 0.000000 
0.214863 0.000000 
-0.937474 -0.000000 
0.445348 0.000000 
-0.570897 0.000000 
-0.020776 0.000000 
-0.644160 0.000000 
-0.725752 -0.000000 
0.210045 -0.000000 
-0.189313 0.000000 
0.640834 -0.000000 
0.586019 0.000000 
0.633178 0.000000 
-1.762030 0.000000 
-0.010366 0.000000 
0.425690 0.000000 
-0.999299 -0.000000 
-0.256901 -0.000000 
-0.167600 0.000000 
0.360883 0.000000 
0.312104 -0.000000 
0.536630 -0.000000 
0.042283 0.000000 
0.089513 -0.000000 
-0.547385 0.000000 
-0.363363 0.000000 
-0.643301 0.000000 
-0.003999 0.000000 
0.479150 0.000000 
0.188870 -0.000000 
-0.355290 0.000000 
0.629831 0.000000 
-0.157917 -0.000000 
0.073095 -0.000000 
0.818602 0.000000 
0.771887 0.000000 
0.042605 0.000000 
-1.020310 0.000000 
-0.759229 -0.000000 
0.455532 0.000000 
-0.629933 0.000000 
-0.166123 -0.000000 
-0.406265 0.000000 
0.089251 -0.000000 
0.034806 0.000000 
-0.641845 -0.000000 
0.105488 -0.000000 
1.006514 -0.000000 
0.010737 0.000000 
0.602663 -0.000000 
0.682460 -0.000000 
-0.842606 -0.000000 
0.464818 -0.000000 
0.048866 -0.000000 
0.085514 -0.000000 
0.938383 -0.000000 
-0.463302 -0.000000 
0.055606 -0.000000 
0.530904 0.000000 
-0.407952 0.000000 
-0.174750 0.000000 
0.248170 -0.000000 
0.281580 0.000000 
0.225393 0.000000 
-0.755340 -0.000000 
0.308569 0.000000 
-0.062679 0.000000 
0.539056 -0.000000 
0.598563 0.000000 
-0.425234 -0.000000 
-0.382245 -0.000000 
-0.514489 0.000000 
-0.210472 0.000000 
0.900008 0.000000 
-0.690804 -0.000000 
0.342163 -0.000000 
-0.181695 0.000000 
0.948342 -0.000000 
0.769251 0.000000 
0.454972 0.000000 
-0.694235 0.000000 
0.027886 -0.000000 
0.783222 0.000000 
-1.206553 0.000000 
-0.090224 0.000000 
0.813658 0.000000 
0.299272 0.000000 
0.093372 0.000000 
-0.449724 0.000000 
0.232055 -0.000000 
0.539266 0.000000 
1.412865 -0.000000 
0.949717 -0.000000 
0.646798 -0.000000 
-0.205063 0.000000 
-0.021290 0.000000 
-0.440345 0.000000 
0.231182 0.000000 
0.457257 -0.000000 
0.142458 0.000000 
-0.471799 0.000000 
0.991525 -0.000000 
0.103094 0.000000 
-0.196783 -0.000000 
-0.680477 -0.000000 
-0.332645 -0.000000 
-0.375725 0.000000 
0.268441 -0.000000 
0.861301 0.000000 
-0.321270 0.000000 
0.549104 0.000000 
1.012757 0.000000 
0.730399 0.000000 
0.108260 0.000000 
0.386786 0.000000 
-0.730868 0.000000 
0.115646 0.000000 
-0.553082 0.000000 
0.205647 0.000000 
-0.531711 -0.000000 
0.358096 0.000000 
0.351937 -0.000000 
-0.879509 -0.000000 
0.873255 0.000000 
0.672003 -0.000000 
-0.079505 -0.000000 
0.073432 0.000000 
0.766379 0.000000 
0.326880 0.000000 
0.814893 0.000000 
-0.272199 0.000000 
1.250827 0.000000 
-0.558704 0.000000 
0.466777 -0.000000 
-0.146329 0.000000 
0.510255 0.000000 
0.030687 -0.000000 
0.030098 0.000000 
0.040985 -0.000000 
0.491965 -0.000000 
-0.484341 0.000000 
-0.304265 -0.000000 
0.725949 0.000000 
-0.739852 -0.000000 
0.953580 0.000000 
0.564888 0.000000 
-0.809136 -0.000000 
0.378286 0.000000 
-0.451628 -0.000000 
-0.141963 -0.000000 
-0.682691 -0.000000 
-0.177167 0.000000 
-0.529889 0.000000 
0.686078 -0.000000 
-0.112956 0.000000 
0.604450 0.000000 
0.069855 -0.000000 
-0.005014 0.000000 
0.434202 -0.000000 
0.734890 0.000000 
0.398486 0.000000 
0.526624 -0.000000 
-1.207431 0.000000 
-0.497411 -0.000000 
-0.189042 0.000000 
1.563801 0.000000 
-0.332485 -0.000000 
-0.700528 0.000000 
0.120085 0.000000 
-0.001169 0.000000 
-0.129012 0.000000 
0.686719 0.000000 
-0.194651 0.000000 
0.451009 0.000000 
0.238112 0.000000 
0.107498 0.000000 
0.583478 0.000000 
-0.294135 0.000000 
0.079967 0.000000 
0.307792 0.000000 
-0.189952 0.000000 
-0.101530 -0.000000 
-0.654343 0.000000 
1.080916 -0.000000 
-0.060853 0.000000 
-0.468362 0.000000 
0.125748 -0.000000 
0.630075 0.000000 
0.335980 0.000000 
-0.340882 0.000000 
0.180301 0.000000 
0.039884 0.000000 
0.365935 -0.000000 
0.134704 -0.000000 
-0.152452 0.000000 
0.288462 0.000000 
-0.355832 0.000000 
0.868866 0.000000 
-0.406972 0.000000 
-0.017311 0.000000 
0.289355 0.000000 
-0.192865 0.000000 
0.034893 -0.000000 
0.068021 0.000000 
1.023887 -0.000000 
-0.733695 0.000000 
0.254789 0.000000 
0.261758 -0.000000 
0.428767 0.000000 
0.446085 0.000000 
-0.943904 0.000000 
0.245928 -0.000000 
-0.127674 0.000000 
-0.054542 -0.000000 
0.092761 0.000000 
0.547727 -0.000000 
0.157155 0.000000 
-0.006012 0.000000 
-0.132865 0.000000 
-0.114789 -0.000000 
1.452590 0.000000 
0.332332 0.000000 
-0.525352 0.000000 
0.176290 0.000000 
-0.154646 -0.000000 
0.219979 0.000000 
-0.324126 -0.000000 
0.419227 0.000000 
0.859060 0.000000 
-0.959324 0.000000 
0.325032 0.000000 
0.163017 0.000000 
-0.318294 0.000000 
0.380401 0.000000 
0.441072 0.000000 
0.253779 0.000000 
-0.389079 -0.000000 
-0.230385 0.000000 
0.725869 0.000000 
0.204612 0.000000 
-0.132999 0.000000 
-0.026024 -0.000000 
-0.035299 -0.000000 
-0.036295 0.000000 
0.424458 -0.000000 
-0.027320 0.000000 
0.396389 0.000000 
0.903695 0.000000 
-0.030428 -0.000000 
-0.067518 -0.000000 
-0.308281 -0.000000 
0.145365 0.000000 
0.434910 0.000000 
-0.540362 -0.000000 
0.147384 0.000000 
-0.199260 0.000000 
0.025687 -0.000000 
0.343623 -0.000000 
0.184439 0.000000 
0.253192 0.000000 
0.705861 -0.000000 
0.124651 0.000000 
-0.688251 0.000000 
-0.004328 0.000000 
1.021624 0.000000 
0.073149 -0.000000 
0.047831 0.000000 
0.181465 0.000000 
-0.415481 -0.000000 
-0.244851 -0.000000 
-1.069448 0.000000 
0.054651 0.000000 
-0.219768 -0.000000 
-0.133453 0.000000 
-0.415098 0.000000 
-0.705552 -0.000000 
-0.005840 0.000000 
-0.230757 -0.000000 
0.183883 0.000000 
0.355015 -0.000000 
-0.263892 0.000000 
0.145197 -0.000000 
0.040387 -0.000000 
0.533316 0.000000 
0.289150 0.000000 
0.481699 0.000000 
-0.207334 -0.000000 
0.579960 0.000000 
0.042870 0.000000 
0.601631 0.000000 
0.252332 0.000000 
0.122230 0.000000 
0.375736 0.000000 
0.228682 0.000000 
0.314141 0.000000 
0.117091 0.000000 
0.087283 0.000000 
0.034287 -0.000000 
0.463127 0.000000 
-0.069462 0.000000 
-0.029813 0.000000 
0.088883 -0.000000 
-0.721814 -0.000000 
-0.091404 0.000000 
0.463002 -0.000000 
-0.931291 0.000000 
-0.152559 -0.000000 
0.545633 0.000000 
-1.208073 0.000000 
-0.148646 -0.000000 
-0.585480 0.000000 
-1.075314 0.000000 
-0.302832 0.000000 
0.441606 0.000000 
-1.054174 0.000000 
0.037295 -0.000000 
-0.065094 0.000000 
0.134632 -0.000000 
0.237399 0.000000 
-0.145073 0.000000 
0.531760 0.000000 
0.148472 0.000000 
0.785277 0.000000 
-0.170217 -0.000000 
0.452714 -0.000000 
-0.451310 -0.000000 
0.283752 0.000000 
-0.196008 0.000000 
0.128857 -0.000000 
0.949985 -0.000000 
-0.455860 0.000000 
0.309841 0.000000 
0.964473 -0.000000 
-0.047375 0.000000 
-0.921152 -0.000000 
0.393930 -0.000000 
-0.416192 -0.000000 
-0.317901 0.000000 
0.700630 0.000000 
-1.144404 0.000000 
-0.302949 0.000000 
-0.741990 -0.000000 
0.291637 -0.000000 
0.122863 -0.000000 
0.748949 0.000000 
1.017166 -0.000000 
-1.119539 0.000000 
0.136017 -0.000000 
-0.312451 0.000000 
-0.493129 0.000000 
-0.061780 0.000000 
-0.273482 0.000000 
-0.093960 0.000000 
-1.572088 0.000000 
0.333505 0.000000 
-0.573210 0.000000 
-0.618265 -0.000000 
-0.467139 0.000000 
-0.113165 -0.000000 
0.069277 0.000000 
-0.100787 0.000000 
0.156558 0.000000 
-0.659620 -0.000000 
-0.381029 -0.000000 
-0.388796 0.000000 
0.145195 0.000000 
-0.467977 0.000000 
-0.150928 0.000000 
0.002904 0.000000 
-0.226793 -0.000000 
-0.190004 -0.000000 
-0.008153 0.000000 
-0.697561 0.000000 
0.064217 0.000000 
0.522023 -0.000000 
0.414133 0.000000 
0.348431 0.000000 
-0.412565 0.000000 
-0.448236 -0.000000 
-0.105154 0.000000 
-0.557009 -0.000000 
-0.786442 0.000000 
-0.079881 0.000000 
0.483362 -0.000000 
0.541031 0.000000 
-0.460235 0.000000 
0.469256 0.000000 
0.455917 0.000000 
-0.937261 -0.000000 
-0.254782 0.000000 
-0.084477 -0.000000 
-1.221180 -0.000000 
0.371854 -0.000000 
-0.192044 0.000000 
-0.008967 -0.000000 
0.167514 -0.000000 
0.078695 -0.000000 
0.247347 -0.000000 
0.326023 0.000000 
-0.002215 -0.000000 
-0.592814 0.000000 
0.915094 0.000000 
-0.366886 0.000000 
0.502214 -0.000000 
-0.478211 0.000000 
0.481217 0.000000 
0.223843 0.000000 
-0.318963 0.000000 
-0.041226 0.000000 
0.367536 0.000000 
0.027794 0.000000 
0.391879 -0.000000 
-0.126333 -0.000000 
0.071276 0.000000 
-0.169706 -0.000000 
0.274047 0.000000 
0.319637 0.000000 
0.247309 -0.000000 
0.284464 -0.000000 
0.304529 0.000000 
0.515057 0.000000 
1.079868 0.000000 
0.325141 0.000000 
-0.055800 -0.000000 
-0.117088 0.000000 
-0.626520 -0.000000 
-0.416605 -0.000000 
-0.425169 -0.000000 
-0.362430 0.000000 
-0.033795 0.000000 
0.875644 -0.000000 
-0.257617 0.000000 
-0.312571 0.000000 
-0.434446 0.000000 
-0.242215 0.000000 
-1.104051 -0.000000 
0.207243 0.000000 
0.355943 0.000000 
0.507708 0.000000 
0.005364 -0.000000 
0.333990 0.000000 
0.235892 0.000000 
-0.254155 0.000000 
-0.090240 0.000000 
0.021568 0.000000 
0.377310 0.000000 
0.305200 0.000000 
0.058549 0.000000 
0.274861 0.000000 
-1.100089 0.000000 
0.170025 0.000000 
-0.132865 -0.000000 
0.356367 0.000000 
-0.220243 0.000000 
1.041927 -0.000000 
-0.592092 -0.000000 
-0.313063 -0.000000 
0.469503 -0.000000 
0.250331 0.000000 
-0.484868 0.000000 
0.173882 0.000000 
1.222330 0.000000 
0.552651 0.000000 
-0.559548 -0.000000 
0.483904 0.000000 
0.132301 0.000000 
0.029495 0.000000 
0.553098 0.000000 
-0.605584 0.000000 
0.431530 -0.000000 
1.379253 0.000000 
0.402223 0.000000 
0.025646 0.000000 
0.389760 -0.000000 
-0.544645 0.000000 
-0.513166 0.000000 
1.128979 -0.000000 
-0.269899 0.000000 
-0.494936 -0.000000 
-0.009170 0.000000 
0.941943 0.000000 
-1.055401 0.000000 
0.562353 0.000000 
-0.891508 -0.000000 
-0.474835 0.000000 
0.032371 -0.000000 
-0.090841 0.000000 
-0.257411 0.000000 
-0.453354 0.000000 
-0.231337 0.000000 
0.979522 0.000000 
0.458303 -0.000000 
1.438249 0.000000 
-0.643155 -0.000000 
0.116288 0.000000 
-0.227662 -0.000000 
0.091220 -0.000000 
0.566459 -0.000000 
0.720645 0.000000 
-0.588105 0.000000 
0.583612 -0.000000 
-0.552842 -0.000000 
-0.409686 0.000000 
-0.568224 0.000000 
-0.392456 -0.000000 
-0.515120 -0.000000 
-0.577660 0.000000 
0.561880 -0.000000 
0.017160 0.000000 
0.065845 0.000000 
-0.368545 -0.000000 
-0.422400 -0.000000 
-0.593831 0.000000 
-0.270746 -0.000000 
-0.473531 0.000000 
-0.296704 -0.000000 
0.505756 0.000000 
0.142278 -0.000000 
-0.216309 0.000000 
-0.324043 0.000000 
-0.141158 0.000000 
0.017613 0.000000 
0.896049 -0.000000 
0.569710 -0.000000 
-0.864642 -0.000000 
-0.094109 -0.000000 
-0.166215 -0.000000 
-0.187893 0.000000 
-0.565232 0.000000 
-0.236903 -0.000000 
-0.408962 -0.000000 
0.060151 -0.000000 
0.245695 0.000000 
-0.221316 -0.000000 
-0.377967 0.000000 
-0.010833 0.000000 
0.740854 0.000000 
0.315698 0.000000 
-0.177957 0.000000 
0.112514 0.000000 
-0.084083 -0.000000 
0.100837 0.000000 
-0.477056 0.000000 
0.365302 -0.000000 
0.620572 0.000000 
0.001146 0.000000 
-0.164723 0.000000 
-0.598648 -0.000000 
-0.368656 0.000000 
-1.859436 0.000000 
-0.365334 -0.000000 
0.370914 0.000000 
-0.777394 -0.000000 
0.253223 0.000000 
-0.899956 -0.000000 
0.300814 0.000000 
-0.015235 0.000000 
-0.590883 0.000000 
-0.415135 0.000000 
0.437999 0.000000 
0.187347 -0.000000 
-0.282616 0.000000 
-0.677127 -0.000000 
0.098720 0.000000 
0.278441 0.000000 
-0.320610 0.000000 
0.528235 0.000000 
-0.365831 0.000000 
0.249895 -0.000000 
0.300127 0.000000 
0.121671 0.000000 
-0.933005 -0.000000 
0.134964 0.000000 
-0.251499 0.000000 
0.059308 -0.000000 
0.169557 0.000000 
0.765873 0.000000 
-0.563834 0.000000 
-0.212764 0.000000 
-0.100703 0.000000 
-0.044458 -0.000000 
0.357082 -0.000000 
1.314905 0.000000 
0.145805 0.000000 
0.030648 -0.000000 
-0.014132 -0.000000 
-0.189749 0.000000 
-0.360819 -0.000000 
-0.350624 0.000000 
-1.052344 -0.000000 
-1.093285 0.000000 
0.662834 0.000000 
0.096271 0.000000 
-0.693049 0.000000 
0.393849 0.000000 
-0.756235 -0.000000 
-0.694771 -0.000000 
-0.205277 0.000000 
-0.769377 0.000000 
-0.113132 -0.000000 
0.943564 -0.000000 
-0.256775 0.000000 
0.039649 0.000000 
-0.123653 -0.000000 
0.972063 -0.000000 
0.156723 0.000000 
-0.421416 -0.000000 
0.085804 0.000000 
0.334639 -0.000000 
0.599264 0.000000 
-0.144018 0.000000 
-0.030100 -0.000000 
-0.177170 0.000000 
-0.646780 -0.000000 
0.657832 0.000000 
1.186791 -0.000000 
0.500388 -0.000000 
-1.082975 -0.000000 
-0.194526 0.000000 
0.720499 0.000000 
0.009801 0.000000 
-0.634284 0.000000 
-0.462924 0.000000 
0.388053 -0.000000 
0.299412 -0.000000 
-0.568238 0.000000 
-0.240273 0.000000 
-0.516131 0.000000 
-0.738605 0.000000 
0.672124 -0.000000 
0.466896 0.000000 
0.180634 0.000000 
-0.454915 -0.000000 
-0.132833 0.000000 
0.138202 -0.000000 
0.029060 0.000000 
0.306077 0.000000 
-0.207326 0.000000 
-0.141706 -0.000000 
0.527213 0.000000 
-0.015359 0.000000 
-0.155674 0.000000 
0.689701 0.000000 
0.099140 0.000000 
-0.454282 0.000000 
-0.947155 -0.000000 
0.164002 0.000000 
-0.307547 0.000000 
-0.663291 0.000000 
0.026628 0.000000 
-1.013752 0.000000 
0.925410 -0.000000 
-0.466572 0.000000 
-0.480481 0.000000 
0.926026 0.000000 
-0.455683 0.000000 
0.060641 0.000000 
0.013915 -0.000000 
-0.253382 -0.000000 
0.162007 0.000000 
0.314113 -0.000000 
-0.691265 0.000000 
0.788666 -0.000000 
-0.282338 -0.000000 
0.068571 -0.000000 
0.056365 0.000000 
-0.192314 0.000000 
-0.310822 0.000000 
0.121245 -0.000000 
0.133606 0.000000 
0.126491 0.000000 
0.146000 0.000000 
-0.342904 0.000000 
0.556437 0.000000 
0.652614 0.000000 
-0.141218 -0.000000 
-0.324911 0.000000 
0.345159 0.000000 
0.751596 -0.000000 
0.396612 0.000000 
-0.000828 0.000000 
0.208123 0.000000 
0.614463 -0.000000 
0.638599 0.000000 
0.150819 -0.000000 
-0.344703 0.000000 
-0.628589 -0.000000 
-0.041554 0.000000 
0.491082 -0.000000 
-0.499187 0.000000 
-0.121533 0.000000 
-0.135856 -0.000000 
0.043211 0.000000 
-0.080047 -0.000000 
0.311029 0.000000 
-0.078738 0.000000 
-0.455943 0.000000 
-0.001236 -0.000000 
-0.011222 0.000000 
-0.338681 -0.000000 
0.945429 -0.000000 
0.686865 -0.000000 
0.686674 0.000000 
-0.254224 0.000000 
-0.547382 0.000000 
-0.802725 -0.000000 
-0.394014 0.000000 
0.302217 -0.000000 
0.146493 -0.000000 
0.622741 0.000000 
-0.274789 -0.000000 
-0.645716 0.000000 
-0.449774 -0.000000 
0.522509 -0.000000 
0.544656 -0.000000 
0.179783 0.000000 
-0.010580 0.000000 
-0.116262 0.000000 
-0.116055 0.000000 
0.594656 0.000000 
0.771207 0.000000 
-0.650004 0.000000 
-0.134900 0.000000 
0.273526 0.000000 
0.203734 0.000000 
-0.441211 0.000000 
-0.113082 0.000000 
0.565049 0.000000 
-0.107307 -0.000000 
-0.550265 -0.000000 
-0.574357 -0.000000 
-0.270370 0.000000 
0.086210 -0.000000 
-0.236546 -0.000000 
0.456631 0.000000 
-0.168089 0.000000 
0.417033 0.000000 
0.173201 0.000000 
0.178098 -0.000000 
-0.844761 -0.000000 
-0.055838 0.000000 
-0.466789 0.000000 
-0.491814 0.000000 
0.558402 0.000000 
-0.528688 0.000000 
0.204539 0.000000 
0.535726 -0.000000 
0.386654 0.000000 
0.334464 0.000000 
-0.555981 0.000000 
0.009587 0.000000 
-0.400063 0.000000 
0.236334 0.000000 
0.364928 -0.000000 
1.329716 -0.000000 
-0.398903 0.000000 
0.717831 0.000000 
-0.447443 0.000000 
0.148681 0.000000 
0.759618 0.000000 
-0.121308 0.000000 
-0.742146 0.000000 
-0.170452 0.000000 
-0.633727 -0.000000 
0.226377 -0.000000 
-0.188530 0.000000 
0.324220 0.000000 
-0.246207 0.000000 
-0.225223 -0.000000 
-0.584388 -0.000000 
0.724508 0.000000 
0.008896 0.000000 
0.719596 0.000000 
-0.349065 0.000000 
-0.364746 -0.000000 
0.333853 -0.000000 
0.732517 0.000000 
0.293669 0.000000 
-0.087447 0.000000 
0.755539 0.000000 
-0.644670 -0.000000 
0.504295 0.000000 
-0.469300 -0.000000 
-0.852448 0.000000 
0.750576 0.000000 
0.566437 0.000000 
0.196933 0.000000 
0.094250 0.000000 
0.237761 -0.000000 
-0.966094 0.000000 
0.408806 0.000000 
0.247793 -0.000000 
-0.274904 0.000000 
-0.784261 0.000000 
-0.499536 0.000000 
-0.361828 -0.000000 
-0.227486 -0.000000 
-0.236789 0.000000 
-0.325946 0.000000 
0.064631 -0.000000 
-0.984725 0.000000 
0.640158 -0.000000 
-0.190793 -0.000000 
-0.773511 -0.000000 
0.347514 0.000000 
0.326144 0.000000 
0.616510 -0.000000 
-0.094313 0.000000 
0.288867 0.000000 
0.828317 0.000000 
-0.063473 0.000000 
-0.350925 0.000000 
0.511361 0.000000 
0.185538 0.000000 
0.621225 0.000000 
0.780411 0.000000 
0.083556 0.000000 
-0.190687 0.000000 
0.915195 -0.000000 
-0.254129 0.000000 
0.300261 0.000000 
0.126631 -0.000000 
-0.288530 0.000000 
0.250699 -0.000000 
0.387083 -0.000000 
0.691564 -0.000000 
-0.105744 0.000000 
1.811899 0.000000 
0.590227 0.000000 
0.423551 -0.000000 
0.432278 -0.000000 
0.325690 -0.000000 
-0.521319 0.000000 
-0.812980 0.000000 
0.607361 0.000000 
1.187158 0.000000 
-0.321440 0.000000 
0.656896 0.000000 
-0.290814 0.000000 
-0.166339 0.000000 
0.216241 -0.000000 
-0.774281 0.000000 
-0.059406 0.000000 
-0.340048 -0.000000 
0.476757 0.000000 
0.412553 -0.000000 
-0.649846 -0.000000 
-0.184993 0.000000 
-0.657475 0.000000 
-0.391590 0.000000 
0.063864 0.000000 
-0.707490 -0.000000 
0.583526 0.000000 
-0.291778 0.000000 
-0.520057 0.000000 
-0.077421 0.000000 
0.251599 0.000000 
0.305086 -0.000000 
0.038268 0.000000 
0.217295 0.000000 
-0.095476 0.000000 
0.742956 -0.000000 
-0.139529 -0.000000 
0.431779 -0.000000 
0.415219 0.000000 
0.113856 0.000000 
-0.674348 0.000000 
0.447772 0.000000 
-0.986518 0.000000 
0.209482 -0.000000 
-0.397500 -0.000000 
0.049351 0.000000 
-0.444982 0.000000 
-0.544205 0.000000 
-0.138919 0.000000 
-0.293758 0.000000 
0.639434 -0.000000 
0.718473 0.000000 
0.257792 -0.000000 
0.438479 -0.000000 
0.233884 0.000000 
0.271595 0.000000 
-0.474398 0.000000 
-0.157992 0.000000 
0.472894 0.000000 
0.168706 -0.000000 
0.084128 -0.000000 
0.820812 0.000000 
0.470695 0.000000 
-0.931516 -0.000000 
0.679698 -0.000000 
-0.528642 0.000000 
-0.091885 -0.000000 
0.558721 -0.000000 
-0.400899 0.000000 
-0.571268 -0.000000 
-0.219817 -0.000000 
-0.187080 -0.000000 
0.232213 0.000000 
0.414801 -0.000000 
-0.343520 -0.000000 
0.980714 0.000000 
-0.447955 0.000000 
-0.744640 0.000000 
0.976520 0.000000 
0.479851 -0.000000 
-0.328869 -0.000000 
0.626546 0.000000 
0.494883 -0.000000 
-1.451796 0.000000 
-0.792897 0.000000 
-0.533485 0.000000 
-0.661214 0.000000 
-0.891696 0.000000 
-0.172300 0.000000 
0.182307 0.000000 
1.137044 0.000000 
0.508553 0.000000 
1.446502 0.000000 
0.042166 -0.000000 
0.658931 -0.000000 
-0.228946 -0.000000 
-1.011296 0.000000 
0.646550 0.000000 
-0.629465 -0.000000 
0.710770 -0.000000 
-0.128896 -0.000000 
-0.345977 0.000000 
0.133701 0.000000 
-0.773000 0.000000 
-0.126587 -0.000000 
-0.252987 0.000000 
-0.394735 0.000000 
-0.275786 0.000000 
0.168300 0.000000 
-0.081702 0.000000 
0.545763 -0.000000 
0.229552 0.000000 
0.436853 0.000000 
-0.442883 0.000000 
-0.020608 0.000000 
-0.466925 0.000000 
-0.845271 -0.000000 
0.388093 -0.000000 
0.224544 0.000000 
0.530650 0.000000 
0.259579 -0.000000 
1.485283 -0.000000 
0.748229 -0.000000 
0.175338 0.000000 
0.595042 0.000000 
-0.228476 0.000000 
-0.132188 0.000000 
0.537859 0.000000 
0.269424 0.000000 
-0.279755 0.000000 
0.362830 -0.000000 
-0.858846 -0.000000 
0.244714 0.000000 
0.675833 -0.000000 
-0.020166 0.000000 
-0.872488 -0.000000 
0.710388 -0.000000 
-1.236661 0.000000 
0.698190 0.000000 
1.150805 0.000000 
-0.182771 0.000000 
0.898713 0.000000 
0.019821 -0.000000 
-0.258315 0.000000 
0.055961 0.000000 
-0.721176 0.000000 
-0.607082 -0.000000 
0.410031 0.000000 
-0.681761 -0.000000 
-0.142303 0.000000 
0.501556 -0.000000 
0.496744 -0.000000 
-0.058314 0.000000 
-0.021135 0.000000 
-0.134227 0.000000 
-0.210118 -0.000000 
-0.433311 -0.000000 
-0.334763 0.000000 
-0.119180 -0.000000 
-0.182228 -0.000000 
0.006861 -0.000000 
-0.959458 -0.000000 
0.275248 -0.000000 
-0.957659 -0.000000 
0.508539 -0.000000 
-0.122620 0.000000 
0.969980 -0.000000 
-0.363148 0.000000 
0.434020 0.000000 
0.944991 -0.000000 
0.478282 -0.000000 
0.268653 -0.000000 
-0.488232 -0.000000 
-0.531018 -0.000000 
-0.553909 0.000000 
0.255294 0.000000 
0.467957 0.000000 
-1.119434 -0.000000 
-0.104979 0.000000 
0.202410 0.000000 
0.180358 0.000000 
0.461001 -0.000000 
-0.179131 0.000000 
0.025513 -0.000000 
-0.143755 -0.000000 
-0.551672 0.000000 
-0.457978 -0.000000 
-0.219819 0.000000 
-0.109049 0.000000 
0.156500 0.000000 
1.010363 0.000000 
-0.241056 0.000000 
0.103562 -0.000000 
-0.323670 0.000000 
-0.265889 0.000000 
-0.517872 0.000000 
-0.598263 0.000000 
-0.169390 -0.000000 
0.366235 -0.000000 
0.123832 -0.000000 
-0.141810 -0.000000 
0.467243 -0.000000 
0.333565 0.000000 
-0.687150 -0.000000 
-0.570777 -0.000000 
0.947035 0.000000 
0.089050 0.000000 
0.134476 0.000000 
0.496075 -0.000000 
-0.089501 -0.000000 
0.264502 -0.000000 
0.001244 0.000000 
-0.001310 0.000000 
0.510099 0.000000 
-0.817232 0.000000 
0.591060 -0.000000 
0.254529 0.000000 
-0.961466 0.000000 
-0.750033 0.000000 
-0.048889 0.000000 
-0.643034 0.000000 
0.026671 -0.000000 
-0.318519 0.000000 
0.131903 -0.000000 
0.508604 0.000000 
-0.902363 0.000000 
-0.904224 0.000000 
-0.179425 0.000000 
-0.401777 -0.000000 
0.727700 -0.000000 
-0.226767 -0.000000 
0.101136 -0.000000 
0.061316 0.000000 
0.376036 -0.000000 
-0.224415 -0.000000 
0.333116 0.000000 
-0.591344 0.000000 
-0.480107 -0.000000 
0.061518 0.000000 
0.006508 0.000000 
-0.328265 0.000000 
-0.306619 -0.000000 
-0.375713 -0.000000 
-0.137954 0.000000 
-0.095324 -0.000000 
-0.260282 0.000000 
0.584056 0.000000 
-0.352918 0.000000 
-0.283344 -0.000000 
0.415874 0.000000 
-0.028576 0.000000 
0.212760 0.000000 
-0.511760 0.000000 
0.028249 0.000000 
-0.245031 -0.000000 
-0.259794 -0.000000 
-0.628901 -0.000000 
0.522807 0.000000 
-0.258830 0.000000 
0.745728 0.000000 
-0.023063 -0.000000 
0.070283 0.000000 
0.258214 0.000000 
-0.520714 0.000000 
0.837957 0.000000 
-0.456617 0.000000 
-0.007844 0.000000 
-0.011115 -0.000000 
-0.188102 0.000000 
-0.681090 0.000000 
-0.622479 0.000000 
0.312978 0.000000 
0.036565 -0.000000 
-0.589853 -0.000000 
-0.741282 0.000000 
0.032460 0.000000 
0.610960 -0.000000 
-0.415317 -0.000000 
-0.438025 -0.000000 
-0.886199 0.000000 
-0.179078 -0.000000 
0.252274 -0.000000 
-0.586816 -0.000000 
-0.902432 0.000000 
0.034399 0.000000 
0.014340 0.000000 
-0.369903 -0.000000 
0.299330 0.000000 
-0.303820 -0.000000 
0.534683 0.000000 
-0.129663 0.000000 
0.683469 -0.000000 
0.174963 -0.000000 
0.139454 0.000000 
0.761820 0.000000 
-0.658866 0.000000 
-0.063400 0.000000 
0.557146 0.000000 
-1.436416 0.000000 
-0.316026 0.000000 
0.422096 0.000000 
0.320333 -0.000000 
-0.292772 0.000000 
0.063068 -0.000000 
-0.036487 0.000000 
-0.286055 0.000000 
0.069680 -0.000000 
-0.300490 0.000000 
-0.680965 0.000000 
-0.185683 -0.000000 
-0.330688 -0.000000 
0.060293 -0.000000 
-0.136134 -0.000000 
0.221821 0.000000 
0.103229 -0.000000 
0.456569 -0.000000 
0.367789 0.000000 
0.716895 0.000000 
-0.937437 0.000000 
-0.007897 0.000000 
-0.105580 0.000000 
0.680254 0.000000 
0.309037 0.000000 
0.347789 0.000000 
0.006242 0.000000 
-0.318915 0.000000 
-0.809573 0.000000 
0.139521 0.000000 
-0.113023 0.000000 
-0.555408 -0.000000 
-0.076804 0.000000 
-0.375681 0.000000 
0.436020 0.000000 
0.180203 0.000000 
-0.059701 0.000000 
0.263104 0.000000 
0.152402 0.000000 
-0.167636 0.000000 
-0.560592 0.000000 
-0.120574 0.000000 
-0.720679 0.000000 
0.138953 0.000000 
0.216382 0.000000 
-0.155119 -0.000000 
0.285060 0.000000 
0.286961 0.000000 
-0.248999 0.000000 
-0.116391 0.000000 
0.090938 -0.000000 
-0.292750 0.000000 
-0.437598 -0.000000 
0.369424 -0.000000 
1.029003 0.000000 
0.455213 -0.000000 
-0.848186 0.000000 
-0.744229 0.000000 
0.253207 0.000000 
-0.836573 0.000000 
0.115765 -0.000000 
-0.377541 -0.000000 
1.458595 0.000000 
-0.376151 0.000000 
0.537514 0.000000 
0.523083 -0.000000 
-0.015701 0.000000 
-0.133989 0.000000 
-0.647221 -0.000000 
-0.500691 0.000000 
0.129290 0.000000 
-0.163173 -0.000000 
-0.370738 0.000000 
0.313813 -0.000000 
-0.065847 -0.000000 
-0.392199 0.000000 
0.214976 0.000000 
0.074716 0.000000 
0.368360 0.000000 
0.456462 0.000000 
0.871079 -0.000000 
0.065615 0.000000 
0.212982 0.000000 
-0.629517 0.000000 
-0.204957 0.000000 
-0.637755 0.000000 
-0.157718 0.000000 
-0.092556 0.000000 
-0.055135 -0.000000 
-0.269677 0.000000 
0.290786 0.000000 
0.099562 -0.000000 
-0.320753 0.000000 
0.690336 -0.000000 
-0.878140 -0.000000 
1.305576 0.000000 
0.041613 -0.000000 
0.055582 0.000000 
0.446275 -0.000000 
0.537047 -0.000000 
-1.013404 0.000000 
-0.236677 0.000000 
-0.129215 0.000000 
-0.938969 -0.000000 
-0.683584 0.000000 
-1.284886 0.000000 
-0.490008 0.000000 
0.029617 0.000000 
0.011754 0.000000 
0.022007 0.000000 
0.451332 0.000000 
-0.200987 -0.000000 
-0.416890 0.000000 
-0.573685 0.000000 
0.502843 0.000000 
0.029062 -0.000000 
0.295042 -0.000000 
0.216548 0.000000 
-0.502136 0.000000 
-0.082434 0.000000 
0.834155 0.000000 
-0.674162 0.000000 
-0.908180 0.000000 
-0.127087 -0.000000 
0.440497 0.000000 
0.335953 0.000000 
-1.242493 0.000000 
-0.073717 0.000000 
-0.437014 0.000000 
-0.919162 0.000000 
-0.056765 -0.000000 
-0.573078 0.000000 
-0.348730 0.000000 
0.338903 0.000000 
0.350075 -0.000000 
-0.125459 0.000000 
-0.565055 0.000000 
-0.372217 0.000000 
0.568647 -0.000000 
0.433965 0.000000 
0.316067 -0.000000 
0.420287 0.000000 
0.364215 0.000000 
0.074433 0.000000 
-0.617645 -0.000000 
0.882316 0.000000 
-0.210317 0.000000 
0.330522 0.000000 
0.140027 0.000000 
0.466724 0.000000 
-0.119140 0.000000 
-0.178921 0.000000 
0.534386 -0.000000 
0.046376 0.000000 
-0.363598 -0.000000 
-0.051125 0.000000 
1.461336 0.000000 
-0.554566 0.000000 
-0.437322 -0.000000 
-0.222652 0.000000 
0.227972 -0.000000 
-0.601213 0.000000 
0.299330 -0.000000 
0.749394 -0.000000 
-0.465778 0.000000 
0.442305 0.000000 
-0.206777 0.000000 
0.426589 0.000000 
-0.461860 0.000000 
-0.413089 0.000000 
-0.979172 0.000000 
0.229227 -0.000000 
0.570019 0.000000 
0.123230 -0.000000 
0.345281 0.000000 
-0.267977 0.000000 
0.021686 -0.000000 
0.538682 -0.000000 
0.127647 0.000000 
0.678015 0.000000 
-0.640597 0.000000 
0.754556 -0.000000 
0.377781 0.000000 
0.075617 0.000000 
0.937600 0.000000 
0.455795 0.000000 
-0.411619 0.000000 
0.281592 -0.000000 
0.528167 0.000000 
-0.402180 0.000000 
-0.089690 -0.000000 
0.356206 0.000000 
-0.160495 0.000000 
-0.374500 0.000000 
-0.110949 -0.000000 
1.022792 -0.000000 
-0.631562 -0.000000 
0.423136 0.000000 
-0.514630 0.000000 
-0.854677 0.000000 
-1.040329 -0.000000 
-0.692711 0.000000 
0.444028 0.000000 
-0.388806 0.000000 
-1.042747 0.000000 
0.284226 0.000000 
1.050141 -0.000000 
-0.772224 -0.000000 
-1.450958 -0.000000 
-0.155371 0.000000 
0.571201 -0.000000 
0.316905 0.000000 
-0.116348 -0.000000 
0.030604 0.000000 
-0.258251 -0.000000 
0.587152 -0.000000 
-0.481339 0.000000 
-0.186662 0.000000 
-0.665371 -0.000000 
0.003311 0.000000 
-0.484650 -0.000000 
-0.020168 0.000000 
-0.652901 -0.000000 
0.534865 0.000000 
-0.551629 0.000000 
0.185887 0.000000 
-0.276324 0.000000 
-0.161453 0.000000 
0.376356 -0.000000 
-0.063893 0.000000 
-0.447256 0.000000 
-0.041335 0.000000 
0.144099 -0.000000 
-0.905292 0.000000 
-0.129599 0.000000 
0.181144 0.000000 
0.666733 0.000000 
-0.299832 -0.000000 
0.884411 -0.000000 
-0.023064 -0.000000 
-0.051874 -0.000000 
-0.185305 -0.000000 
0.334011 -0.000000 
-0.013293 0.000000 
0.781869 -0.000000 
-0.813647 0.000000 
-0.016222 0.000000 
0.130685 0.000000 
-0.225593 0.000000 
-0.404459 -0.000000 
0.660547 0.000000 
-0.004434 0.000000 
-0.331002 0.000000 
0.012802 -0.000000 
-0.778809 0.000000 
-0.452366 0.000000 
-0.452385 0.000000 
0.365503 0.000000 
-0.680354 0.000000 
0.424420 0.000000 
-0.340309 0.000000 
-0.085382 0.000000 
-0.338072 -0.000000 
-0.215896 0.000000 
-0.116885 0.000000 
0.030966 -0.000000 
-0.461400 -0.000000 
0.296799 0.000000 
0.060295 0.000000 
-0.369737 0.000000 
0.543256 0.000000 
0.039029 0.000000 
-0.363070 0.000000 
-0.254879 0.000000 
0.209425 0.000000 
-0.342204 0.000000 
-0.191620 -0.000000 
-0.021136 0.000000 
0.235917 0.000000 
0.703452 0.000000 
0.482942 0.000000 
0.000482 -0.000000 
0.441631 0.000000 
-0.395133 -0.000000 
0.181636 -0.000000 
0.197533 0.000000 
0.079339 -0.000000 
-0.846695 -0.000000 
-0.324792 0.000000 
-0.078170 -0.000000 
0.209472 -0.000000 
-0.843904 0.000000 
0.492250 0.000000 
0.529015 0.000000 
-0.642310 -0.000000 
0.387895 0.000000 
-0.760572 -0.000000 
0.131059 0.000000 
-0.083133 0.000000 
0.198612 0.000000 
0.624360 -0.000000 
-0.458679 0.000000 
-0.309413 0.000000 
-0.442044 0.000000 
0.493959 0.000000 
-0.270483 0.000000 
0.498418 0.000000 
-0.011455 -0.000000 
-0.215735 -0.000000 
0.102531 -0.000000 
0.686784 0.000000 
-0.792962 0.000000 
-0.552204 0.000000 
-0.248622 0.000000 
-0.404068 0.000000 
0.606655 0.000000 
-0.719411 -0.000000 
-0.287676 -0.000000 
-0.329384 0.000000 
-0.151473 0.000000 
0.669463 0.000000 
-0.497166 -0.000000 
0.240243 0.000000 
0.130093 -0.000000 
0.544020 0.000000 
0.480244 -0.000000 
0.012017 0.000000 
-0.164609 0.000000 
0.448776 -0.000000 
-0.651798 0.000000 
0.614332 -0.000000 
-0.861099 -0.000000 
-0.023574 -0.000000 
0.123841 -0.000000 
-0.021385 0.000000 
0.335528 -0.000000 
0.195556 0.000000 
-0.466706 -0.000000 
0.718059 -0.000000 
-0.032363 -0.000000 
-0.896430 0.000000 
0.418645 0.000000 
-0.515225 0.000000 
-0.520307 0.000000 
0.557746 -0.000000 
0.173797 0.000000 
0.093058 0.000000 
1.262605 -0.000000 
-0.878784 0.000000 
0.194651 -0.000000 
-1.762729 -0.000000 
0.641321 -0.000000 
-0.155068 -0.000000 
-0.766735 0.000000 
-1.144203 0.000000 
-0.499050 0.000000 
0.064602 0.000000 
0.511902 0.000000 
-0.168096 -0.000000 
0.739942 0.000000 
-0.164799 0.000000 
-0.034874 0.000000 
0.113786 0.000000 
0.117903 0.000000 
0.145410 0.000000 
0.795035 0.000000 
0.648175 0.000000 
-0.888994 0.000000 
0.308888 0.000000 
-0.452247 0.000000 
-0.073738 0.000000 
0.633685 0.000000 
0.407358 0.000000 
0.398395 0.000000 
0.704198 -0.000000 
-0.558100 0.000000 
0.385505 0.000000 
-0.092061 0.000000 
0.324344 0.000000 
-0.095133 -0.000000 
-0.428328 0.000000 
0.314686 0.000000 
0.751333 0.000000 
-0.002733 0.000000 
0.223954 0.000000 
0.880977 0.000000 
0.904975 -0.000000 
-0.220883 -0.000000 
0.445351 0.000000 
0.525527 0.000000 
-0.628651 0.000000 
0.134179 0.000000 
0.227684 -0.000000 
0.409475 0.000000 
0.928809 0.000000 
-0.226199 0.000000 
-0.101059 0.000000 
0.126221 0.000000 
0.071919 0.000000 
-0.953726 0.000000 
0.256822 0.000000 
-0.716865 -0.000000 
0.116026 -0.000000 
-0.408330 0.000000 
-0.582571 0.000000 
-1.045380 0.000000 
0.174400 0.000000 
0.206911 0.000000 
-0.083982 0.000000 
-0.101285 -0.000000 
-0.015944 0.000000 
0.556320 -0.000000 
1.044991 0.000000 
-0.351756 0.000000 
-0.372794 0.000000 
-0.020810 0.000000 
0.144060 -0.000000 
-0.890405 -0.000000 
-0.651047 -0.000000 
-0.254317 0.000000 
0.480670 0.000000 
0.294493 0.000000 
-0.954255 0.000000 
0.042313 0.000000 
0.143851 0.000000 
-0.270390 0.000000 
0.155495 0.000000 
0.324777 0.000000 
-0.275995 -0.000000 
0.266178 -0.000000 
0.290525 0.000000 
0.126836 0.000000 
0.093476 0.000000 
0.743603 -0.000000 
0.211822 -0.000000 
-0.135916 0.000000 
0.397766 -0.000000 
-0.808439 0.000000 
-0.337201 -0.000000 
0.324549 -0.000000 
0.040909 0.000000 
-0.019396 0.000000 
-0.805543 -0.000000 
-0.018339 0.000000 
0.614143 0.000000 
-0.000586 -0.000000 
0.024866 0.000000 
0.432443 -0.000000 
-0.631961 0.000000 
0.397622 -0.000000 
0.628592 0.000000 
0.140108 -0.000000 
-0.206907 0.000000 
-0.552450 0.000000 
-0.277643 0.000000 
0.171468 -0.000000 
0.128332 0.000000 
-0.211589 0.000000 
-0.472788 0.000000 
1.806980 -0.000000 
-0.690381 0.000000 
-0.328449 -0.000000 
0.140405 0.000000 
0.650635 0.000000 
0.127984 -0.000000 
0.425025 0.000000 
0.411268 0.000000 
0.662888 -0.000000 
0.161633 -0.000000 
-1.224637 0.000000 
0.187842 -0.000000 
0.119035 0.000000 
-0.047642 0.000000 
0.050873 0.000000 
0.432242 0.000000 
0.210141 -0.000000 
0.219054 0.000000 
-0.306852 0.000000 
