-2.048356 2.048356 
0.000000 0.500000 0.001066 
0.000000 0.000000 0.000000 

-0.897375 -0.000000 
-0.445976 0.000000 
-0.281771 0.000000 
-0.087672 0.000000 
-0.372114 0.000000 
-0.717204 0.000000 
0.164314 0.000000 
-0.574495 0.000000 
-0.059452 0.000000 
-0.078682 0.000000 
-0.332889 -0.000000 
0.429199 -0.000000 
0.404548 -0.000000 
-0.947703 0.000000 
-1.053077 0.000000 
0.240103 -0.000000 
-1.458788 0.000000 
0.403050 0.000000 
-0.613866 -0.000000 
-0.086900 0.000000 
0.583180 0.000000 
-0.471313 0.000000 
-0.027831 0.000000 
0.018721 0.000000 
-0.681579 -0.000000 
0.281842 0.000000 
-0.353078 -0.000000 
0.063795 -0.000000 
-0.525344 0.000000 
-0.546917 -0.000000 
0.456678 0.000000 
0.915658 0.000000 
-0.738688 0.000000 
-1.316356 0.000000 
-0.557885 0.000000 
-0.326188 -0.000000 
-0.758017 0.000000 
-0.588001 -0.000000 
-0.480877 0.000000 
0.846498 0.000000 
-0.194158 0.000000 
0.619636 0.000000 
0.125357 0.000000 
0.134381 0.000000 
-0.061198 -0.000000 
-0.143741 -0.000000 
0.205873 -0.000000 
0.090443 0.000000 
0.512614 0.000000 
0.253902 -0.000000 
0.222715 -0.000000 
-0.128146 0.000000 
-0.106706 -0.000000 
0.715100 0.000000 
-0.108615 0.000000 
-0.279755 0.000000 
0.205670 0.000000 
0.331493 0.000000 
0.518762 -0.000000 
0.521318 -0.000000 
-0.625546 0.000000 
0.331007 0.000000 
-0.157995 0.000000 
-0.436096 -0.000000 
0.882416 0.000000 
-0.050526 -0.000000 
-0.509531 -0.000000 
-0.307254 -0.000000 
0.255513 0.000000 
0.046126 0.000000 
0.112890 -0.000000 
0.141685 0.000000 
0.511355 0.000000 
-0.480773 0.000000 
0.430939 0.000000 
-0.485490 0.000000 
0.261747 0.000000 
0.588471 0.000000 
0.347448 -0.000000 
-0.475659 0.000000 
0.126190 -0.000000 
-0.161927 0.000000 
0.247437 0.000000 
0.544611 0.000000 
0.226023 0.000000 
0.264274 -0.000000 
0.636051 0.000000 
0.000043 -0.000000 
0.644758 0.000000 
0.232799 -0.000000 
0.193399 0.000000 
-0.908734 0.000000 
0.389018 -0.000000 
-0.142166 0.000000 
0.032994 0.000000 
0.078600 -0.000000 
0.476951 0.000000 
-0.029419 -0.000000 
-0.013612 0.000000 
0.364826 -0.000000 
0.318484 0.000000 
0.430744 0.000000 
0.432889 0.000000 
0.033820 -0.000000 
-0.111428 -0.000000 
-0.855342 0.000000 
0.141799 0.000000 
0.507522 -0.000000 
-0.287841 0.000000 
0.236639 0.000000 
0.840838 0.000000 
0.027529 -0.000000 
-0.657338 0.000000 
0.845256 0.000000 
0.425020 -0.000000 
0.807805 0.000000 
0.089148 0.000000 
-1.076174 0.000000 
-0.010701 0.000000 
0.901975 -0.000000 
-1.002075 -0.000000 
-0.275852 0.000000 
0.330317 -0.000000 
-0.140618 0.000000 
-0.930567 0.000000 
-0.099988 0.000000 
-0.326306 -0.000000 
0.365460 -0.000000 
0.090316 -0.000000 
0.502533 0.000000 
0.696706 0.000000 
0.985017 -0.000000 
0.075655 0.000000 
0.435659 -0.000000 
-0.455366 0.000000 
0.754624 -0.000000 
-0.082207 0.000000 
0.120011 0.000000 
0.340664 0.000000 
-0.310290 0.000000 
-0.300825 0.000000 
-0.612735 -0.000000 
0.586037 -0.000000 
0.100632 0.000000 
0.426394 0.000000 
0.718731 0.000000 
0.581039 0.000000 
0.348306 -0.000000 
1.047631 0.000000 
0.498911 0.000000 
0.321422 0.000000 
-0.560189 0.000000 
0.410879 -0.000000 
0.611657 0.000000 
-0.712051 -0.000000 
0.535442 0.000000 
0.443942 0.000000 
-0.482875 0.000000 
-0.594864 -0.000000 
0.432275 0.000000 
0.600534 -0.000000 
-0.500802 -0.000000 
-0.194279 -0.000000 
-0.553023 0.000000 
0.140194 0.000000 
-0.245236 -0.000000 
0.134986 0.000000 
-0.053799 -0.000000 
0.088683 -0.000000 
0.830945 -0.000000 
0.103893 0.000000 
0.523584 0.000000 
-0.201989 0.000000 
-0.223872 0.000000 
0.374900 -0.000000 
0.135261 -0.000000 
-0.510789 -0.000000 
1.106955 0.000000 
-0.380164 -0.000000 
-0.444965 0.000000 
-0.206909 0.000000 
0.178804 0.000000 
0.125094 0.000000 
0.103980 0.000000 
-1.081644 0.000000 
-0.641345 0.000000 
-0.180493 -0.000000 
-0.010276 0.000000 
1.313360 -0.000000 
-0.108547 0.000000 
-0.161065 0.000000 
0.109732 0.000000 
0.384883 0.000000 
0.221751 -0.000000 
-0.071359 -0.000000 
0.819467 0.000000 
-0.197763 0.000000 
-0.000798 0.000000 
-0.598207 0.000000 
-0.127235 0.000000 
-0.019238 0.000000 
-1.286031 0.000000 
-0.210282 0.000000 
-1.014796 -0.000000 
-0.913014 0.000000 
0.027533 -0.000000 
-0.351141 0.000000 
0.537219 0.000000 
0.192148 -0.000000 
-0.908556 0.000000 
-0.543393 -0.000000 
0.030727 0.000000 
-0.099295 -0.000000 
0.232668 0.000000 
-0.952865 0.000000 
-0.736149 0.000000 
0.306535 0.000000 
-1.050919 -0.000000 
-0.198130 0.000000 
0.349117 0.000000 
0.132427 0.000000 
0.704025 0.000000 
0.185064 0.000000 
0.270141 0.000000 
0.158107 0.000000 
-0.044294 -0.000000 
-0.944090 0.000000 
-0.082775 -0.000000 
-0.162358 0.000000 
0.521739 0.000000 
0.656187 0.000000 
0.469986 0.000000 
0.289138 0.000000 
0.591802 0.000000 
-0.028484 -0.000000 
-0.302825 0.000000 
1.162816 0.000000 
-0.402939 0.000000 
-0.121966 0.000000 
0.218490 -0.000000 
-0.219453 0.000000 
-0.230242 0.000000 
0.361144 0.000000 
-0.049277 0.000000 
0.040531 -0.000000 
0.699110 0.000000 
0.033379 -0.000000 
-0.399003 0.000000 
-0.543829 -0.000000 
-0.103243 0.000000 
-0.036078 -0.000000 
0.281494 -0.000000 
0.344267 0.000000 
-0.241443 0.000000 
0.277792 0.000000 
0.341537 -0.000000 
0.196315 0.000000 
-0.548696 0.000000 
-0.307514 0.000000 
-0.279619 0.000000 
0.301512 -0.000000 
-0.239820 0.000000 
0.115503 -0.000000 
0.282080 -0.000000 
-0.433430 0.000000 
0.817999 -0.000000 
0.554884 0.000000 
0.163644 -0.000000 
0.681830 -0.000000 
0.207383 0.000000 
-0.332144 0.000000 
-0.101206 0.000000 
0.710694 -0.000000 
0.125858 0.000000 
-0.141968 0.000000 
-0.583252 -0.000000 
-1.105554 0.000000 
0.544976 0.000000 
-0.707139 -0.000000 
0.096221 0.000000 
-0.239457 0.000000 
0.012260 0.000000 
-0.385597 0.000000 
0.418891 0.000000 
-0.643422 0.000000 
-0.270038 0.000000 
0.553201 0.000000 
-0.154414 -0.000000 
0.201128 -0.000000 
0.149487 -0.000000 
0.791304 -0.000000 
0.265710 -0.000000 
0.558378 0.000000 
0.489448 0.000000 
-0.236405 0.000000 
-0.260166 -0.000000 
0.481975 0.000000 
-0.514229 -0.000000 
0.712535 0.000000 
-0.620798 0.000000 
-0.299476 -0.000000 
-0.022026 -0.000000 
-0.002771 0.000000 
-0.421514 0.000000 
-0.290049 -0.000000 
-0.213503 -0.000000 
0.038734 0.000000 
-0.570982 0.000000 
0.462079 -0.000000 
0.169361 -0.000000 
0.034669 0.000000 
0.246154 0.000000 
-0.329266 0.000000 
-0.515388 0.000000 
0.249320 -0.000000 
-0.101193 0.000000 
-0.276207 -0.000000 
-0.303600 0.000000 
0.061411 0.000000 
-0.010350 0.000000 
0.673795 0.000000 
0.378276 0.000000 
-0.097025 -0.000000 
0.630531 -0.000000 
-0.249039 -0.000000 
0.658888 -0.000000 
0.004718 -0.000000 
0.140258 -0.000000 
-0.366084 0.000000 
0.119125 0.000000 
0.514966 0.000000 
-0.115400 -0.000000 
0.502461 0.000000 
0.045157 -0.000000 
0.671698 0.000000 
-0.486114 -0.000000 
0.771784 0.000000 
-0.809452 0.000000 
0.133518 0.000000 
-0.199677 0.000000 
0.239445 0.000000 
0.278211 -0.000000 
-0.140148 0.000000 
0.714724 0.000000 
0.258525 -0.000000 
0.362256 0.000000 
-0.635105 -0.000000 
-0.429493 0.000000 
-0.614372 0.000000 
0.093640 -0.000000 
-0.110044 0.000000 
-0.716663 0.000000 
-0.719270 0.000000 
0.188281 0.000000 
-1.225279 0.000000 
0.069893 0.000000 
0.294118 0.000000 
-0.872109 -0.000000 
0.554705 -0.000000 
0.066472 -0.000000 
-0.140706 -0.000000 
0.025825 -0.000000 
-0.036598 -0.000000 
-0.437084 0.000000 
-0.863996 -0.000000 
-0.204159 0.000000 
0.256500 0.000000 
-0.077288 -0.000000 
0.058835 -0.000000 
-0.150347 -0.000000 
-0.128014 0.000000 
0.095762 0.000000 
-0.459694 0.000000 
0.513083 0.000000 
-0.797990 -0.000000 
-0.353519 -0.000000 
-0.680158 0.000000 
0.555030 -0.000000 
0.244443 0.000000 
-0.411262 -0.000000 
0.182748 0.000000 
0.294275 -0.000000 
-1.358682 -0.000000 
0.653834 0.000000 
-0.212344 -0.000000 
0.635569 -0.000000 
0.611107 0.000000 
0.267917 0.000000 
0.737628 -0.000000 
0.097428 0.000000 
-0.550594 0.000000 
0.501817 -0.000000 
-0.215430 0.000000 
0.483975 0.000000 
-0.481541 0.000000 
-0.278965 -0.000000 
0.362293 0.000000 
-0.204893 0.000000 
0.115110 0.000000 
0.040834 0.000000 
-0.279645 0.000000 
0.474309 -0.000000 
0.157278 0.000000 
0.421822 0.000000 
0.110370 -0.000000 
-0.023451 0.000000 
-0.311887 0.000000 
0.251026 0.000000 
-0.265486 0.000000 
1.121125 0.000000 
0.153330 0.000000 
-0.431754 0.000000 
0.101823 -0.000000 
-0.048594 0.000000 
0.138991 0.000000 
0.470928 0.000000 
-1.349557 -0.000000 
0.337368 0.000000 
-0.484200 -0.000000 
0.107683 0.000000 
0.240171 0.000000 
-0.430915 -0.000000 
0.302557 -0.000000 
-0.141084 0.000000 
-0.753102 -0.000000 
-0.065493 -0.000000 
0.018672 0.000000 
0.125369 -0.000000 
-0.387217 0.000000 
-0.456621 0.000000 
0.180664 0.000000 
0.818102 0.000000 
0.448093 0.000000 
-0.047245 0.000000 
0.521394 0.000000 
-0.623257 -0.000000 
0.189941 -0.000000 
-0.132698 0.000000 
0.282988 0.000000 
-0.010565 0.000000 
-0.314189 0.000000 
-0.085974 0.000000 
-0.467317 0.000000 
-0.264780 0.000000 
0.644192 0.000000 
0.489215 0.000000 
-1.297504 0.000000 
-0.539407 -0.000000 
-0.633290 0.000000 
-0.188018 0.000000 
0.569446 0.000000 
0.292082 0.000000 
0.214500 -0.000000 
-0.763233 -0.000000 
0.139734 0.000000 
-0.093871 0.000000 
0.705165 0.000000 
-0.929119 -0.000000 
0.589750 0.000000 
-0.554827 -0.000000 
0.095660 0.000000 
-0.114572 0.000000 
0.218910 -0.000000 
1.063194 0.000000 
-0.084089 0.000000 
-0.234982 0.000000 
0.654999 0.000000 
-0.001087 0.000000 
0.092487 0.000000 
-1.110885 -0.000000 
0.366720 0.000000 
0.360751 0.000000 
-0.022159 0.000000 
-0.513984 -0.000000 
-0.491257 0.000000 
-0.702281 -0.000000 
-0.160954 0.000000 
-0.015070 -0.000000 
-0.191032 0.000000 
-0.195953 0.000000 
0.958504 0.000000 
-0.190966 0.000000 
0.050732 0.000000 
0.044817 -0.000000 
0.121099 0.000000 
-0.397349 0.000000 
0.502206 -0.000000 
-0.677219 0.000000 
0.047032 0.000000 
-0.004239 -0.000000 
0.441814 0.000000 
0.134516 0.000000 
0.191965 0.000000 
-0.970187 0.000000 
0.278220 0.000000 
0.251626 -0.000000 
-0.188119 -0.000000 
0.031980 -0.000000 
-0.789340 0.000000 
-0.461145 -0.000000 
-0.525769 0.000000 
0.642248 -0.000000 
-0.246752 0.000000 
-1.437687 -0.000000 
-0.268605 0.000000 
0.151724 0.000000 
-0.722930 0.000000 
-0.088379 0.000000 
-0.448437 -0.000000 
0.299223 0.000000 
0.266380 -0.000000 
-0.305620 0.000000 
-0.358178 -0.000000 
-0.681067 0.000000 
-0.263965 0.000000 
-0.643896 0.000000 
0.426586 -0.000000 
0.367007 0.000000 
0.171611 -0.000000 
0.593429 0.000000 
0.421392 0.000000 
1.300542 0.000000 
-0.138381 0.000000 
-0.253522 -0.000000 
-0.039218 -0.000000 
-0.472569 0.000000 
0.400245 0.000000 
-0.124771 0.000000 
1.124904 -0.000000 
-0.001825 0.000000 
-0.170297 0.000000 
0.459920 0.000000 
-0.557955 -0.000000 
0.312550 0.000000 
0.743991 -0.000000 
-0.601085 0.000000 
-0.097407 -0.000000 
-0.372365 0.000000 
-0.682517 0.000000 
-0.182280 0.000000 
-0.582017 0.000000 
-0.603153 0.000000 
-0.184609 -0.000000 
0.349388 0.000000 
0.548056 0.000000 
0.642359 0.000000 
0.193780 0.000000 
-0.695572 -0.000000 
-0.337500 0.000000 
-1.203770 -0.000000 
0.050635 -0.000000 
-0.101365 0.000000 
0.474290 0.000000 
-0.254602 0.000000 
-0.197171 -0.000000 
0.689855 0.000000 
-0.683025 0.000000 
-0.736844 0.000000 
0.262354 -0.000000 
-0.533847 0.000000 
-0.247516 -0.000000 
-0.682234 -0.000000 
0.314111 0.000000 
-0.521135 0.000000 
-0.147729 0.000000 
0.215785 0.000000 
0.358465 0.000000 
0.364960 0.000000 
0.316969 -0.000000 
-0.607833 0.000000 
0.073609 -0.000000 
0.114718 -0.000000 
-0.209391 0.000000 
0.368300 0.000000 
-0.125921 -0.000000 
0.197998 0.000000 
0.326244 0.000000 
-0.231132 -0.000000 
-0.041741 0.000000 
-0.219813 -0.000000 
0.474494 -0.000000 
-0.133725 0.000000 
0.867242 0.000000 
-0.349268 0.000000 
0.099061 0.000000 
0.293859 0.000000 
-0.084719 -0.000000 
-0.568044 0.000000 
-0.965462 -0.000000 
-0.281460 0.000000 
0.407531 0.000000 
0.410030 0.000000 
-0.278738 0.000000 
-1.043422 0.000000 
0.318078 0.000000 
0.611908 0.000000 
0.187476 0.000000 
0.166960 -0.000000 
0.027211 -0.000000 
0.517620 -0.000000 
-0.625608 0.000000 
-0.508982 -0.000000 
0.202639 -0.000000 
-0.652024 -0.000000 
0.978188 -0.000000 
0.232569 0.000000 
-0.852910 0.000000 
0.892155 0.000000 
-0.188964 0.000000 
0.737225 0.000000 
-0.238506 -0.000000 
-0.054135 0.000000 
-0.496337 0.000000 
-0.174376 0.000000 
0.084227 0.000000 
-1.045227 -0.000000 
-0.323112 0.000000 
0.533890 -0.000000 
-0.026125 0.000000 
0.163968 0.000000 
0.146343 0.000000 
-0.147230 -0.000000 
0.890559 0.000000 
-0.774012 0.000000 
0.335184 -0.000000 
0.057996 -0.000000 
0.324832 0.000000 
1.287293 0.000000 
-0.612893 0.000000 
0.854351 0.000000 
-0.102732 -0.000000 
0.596077 -0.000000 
-0.091586 0.000000 
-0.464997 -0.000000 
0.533307 -0.000000 
-1.079532 -0.000000 
-0.718795 0.000000 
-0.710863 0.000000 
-0.327900 -0.000000 
-0.047880 0.000000 
1.928637 -0.000000 
-0.114177 0.000000 
0.292955 0.000000 
0.186961 0.000000 
0.475271 0.000000 
0.694993 0.000000 
0.088989 0.000000 
-0.271793 0.000000 
-0.138200 0.000000 
0.122852 0.000000 
-0.472827 0.000000 
-0.138114 -0.000000 
-0.239562 -0.000000 
-0.164062 -0.000000 
-0.085639 0.000000 
0.245251 0.000000 
-0.082674 0.000000 
0.100509 0.000000 
-0.463529 0.000000 
-0.281977 -0.000000 
-0.120200 0.000000 
0.265180 0.000000 
0.280172 0.000000 
0.111257 0.000000 
0.018708 0.000000 
-0.126545 0.000000 
-0.079472 0.000000 
0.500888 0.000000 
-0.514580 0.000000 
0.383503 -0.000000 
-0.469115 0.000000 
0.451581 0.000000 
0.411754 0.000000 
0.066091 -0.000000 
-0.116378 0.000000 
-1.059290 0.000000 
-0.440059 -0.000000 
0.507621 0.000000 
0.011480 0.000000 
-0.168576 0.000000 
0.250046 0.000000 
-0.509205 0.000000 
0.217092 0.000000 
-0.175062 0.000000 
0.130781 0.000000 
-0.296069 0.000000 
-0.626260 -0.000000 
-0.246631 0.000000 
0.044629 0.000000 
0.162795 0.000000 
0.215684 0.000000 
1.262751 -0.000000 
-0.881480 -0.000000 
0.701653 0.000000 
-0.893607 -0.000000 
-0.068878 -0.000000 
1.080527 -0.000000 
0.805413 -0.000000 
-0.027119 0.000000 
0.316487 -0.000000 
0.022481 0.000000 
0.136146 0.000000 
-0.343705 -0.000000 
-0.404030 -0.000000 
0.582302 0.000000 
-0.022070 -0.000000 
-0.002009 0.000000 
0.634304 0.000000 
-0.316553 0.000000 
0.162579 0.000000 
-0.186083 0.000000 
0.484012 0.000000 
-0.333250 -0.000000 
-0.170797 0.000000 
-0.654215 0.000000 
0.643457 0.000000 
-0.208092 0.000000 
0.008951 -0.000000 
0.919106 0.000000 
0.091778 0.000000 
0.799177 0.000000 
0.354831 0.000000 
-0.008729 0.000000 
0.630261 0.000000 
0.378989 0.000000 
-0.029133 -0.000000 
-0.050452 0.000000 
-0.412659 -0.000000 
-0.095597 -0.000000 
-1.172339 0.000000 
-0.167945 0.000000 
0.886686 0.000000 
-0.968802 -0.000000 
0.011437 0.000000 
0.470540 -0.000000 
-0.218538 -0.000000 
0.693138 0.000000 
0.729363 0.000000 
0.210211 0.000000 
0.530579 -0.000000 
-0.517629 0.000000 
-0.657322 0.000000 
0.096668 0.000000 
-0.350479 0.000000 
-0.982755 0.000000 
0.783733 0.000000 
-0.751884 0.000000 
-1.098460 0.000000 
-0.634699 -0.000000 
0.675731 0.000000 
-0.104634 0.000000 
0.071975 0.000000 
0.330052 -0.000000 
1.298163 0.000000 
0.028477 -0.000000 
-0.112511 -0.000000 
-0.485081 0.000000 
-0.645200 -0.000000 
-0.175505 -0.000000 
0.364858 0.000000 
0.260390 -0.000000 
-0.492049 -0.000000 
0.652001 0.000000 
-0.378705 0.000000 
-0.083424 0.000000 
0.319925 -0.000000 
0.116066 0.000000 
-0.641445 0.000000 
0.183453 0.000000 
0.349122 0.000000 
0.583680 0.000000 
0.348070 0.000000 
-0.476488 -0.000000 
-0.199491 -0.000000 
-0.283843 0.000000 
0.473873 0.000000 
0.650581 0.000000 
-0.468669 0.000000 
-0.536841 0.000000 
0.331207 0.000000 
-0.033513 -0.000000 
0.302983 0.000000 
-0.469851 0.000000 
0.774712 0.000000 
-0.233809 0.000000 
0.158804 0.000000 
0.178232 0.000000 
0.200347 0.000000 
0.095272 -0.000000 
0.313802 -0.000000 
0.021097 0.000000 
0.213906 0.000000 
-0.193146 -0.000000 
-0.076867 0.000000 
-0.120176 -0.000000 
0.654264 -0.000000 
-0.759092 -0.000000 
-0.089464 -0.000000 
-0.331714 0.000000 
0.259756 0.000000 
-0.209045 0.000000 
0.119308 -0.000000 
-0.755312 0.000000 
-0.198224 -0.000000 
-0.114459 0.000000 
0.283282 -0.000000 
-0.545346 0.000000 
0.313744 -0.000000 
-0.016632 0.000000 
0.205031 0.000000 
-0.410793 0.000000 
0.035912 0.000000 
-0.667646 0.000000 
0.125197 0.000000 
-0.492603 0.000000 
0.281963 0.000000 
0.219917 0.000000 
0.230559 0.000000 
0.495328 0.000000 
-0.539547 0.000000 
1.046426 -0.000000 
0.404533 -0.000000 
-1.197405 -0.000000 
-0.386330 0.000000 
-0.002737 -0.000000 
-0.158481 0.000000 
0.401479 0.000000 
0.377704 0.000000 
0.469181 -0.000000 
-0.014771 0.000000 
0.926776 0.000000 
-0.505888 0.000000 
0.253899 0.000000 
1.203915 -0.000000 
-1.349861 0.000000 
-0.121499 0.000000 
-0.324733 0.000000 
0.966328 -0.000000 
0.176814 -0.000000 
0.747482 0.000000 
0.351255 -0.000000 
0.365089 -0.000000 
0.799934 -0.000000 
-0.336979 -0.000000 
0.086782 -0.000000 
-0.404059 0.000000 
0.370022 0.000000 
-0.174070 -0.000000 
0.172030 0.000000 
0.724756 0.000000 
1.227623 0.000000 
0.691502 -0.000000 
0.166266 0.000000 
0.440391 -0.000000 
-0.131964 0.000000 
-0.281943 0.000000 
0.509267 0.000000 
0.655323 0.000000 
0.596417 0.000000 
0.703046 0.000000 
0.233291 0.000000 
-0.161497 -0.000000 
0.366911 0.000000 
0.091434 0.000000 
0.542712 -0.000000 
0.919526 0.000000 
0.724490 0.000000 
0.606477 -0.000000 
0.018469 0.000000 
0.043904 0.000000 
-0.138866 0.000000 
-0.858521 0.000000 
-0.746138 -0.000000 
-0.722946 0.000000 
0.348525 -0.000000 
-0.415705 0.000000 
-0.592862 -0.000000 
-0.557419 -0.000000 
0.252080 0.000000 
-1.527221 -0.000000 
0.237201 0.000000 
-0.817242 0.000000 
-0.476830 0.000000 
0.434005 0.000000 
-0.314078 0.000000 
0.192132 -0.000000 
-0.379834 0.000000 
-0.234369 0.000000 
0.035831 -0.000000 
-0.574485 -0.000000 
-0.365437 -0.000000 
-0.564452 0.000000 
0.025285 0.000000 
0.377888 0.000000 
0.731147 0.000000 
0.578102 -0.000000 
-0.092138 0.000000 
-0.170140 0.000000 
-0.588007 -0.000000 
-0.087744 0.000000 
0.038402 0.000000 
-0.023129 0.000000 
-0.669749 -0.000000 
0.177366 0.000000 
0.071599 0.000000 
-0.473164 0.000000 
-0.338361 0.000000 
-1.021244 -0.000000 
-0.025670 0.000000 
0.212486 -0.000000 
0.781528 0.000000 
0.003428 0.000000 
-0.293493 0.000000 
0.034850 0.000000 
-0.363476 0.000000 
0.365599 0.000000 
-0.278935 0.000000 
-0.564237 -0.000000 
0.106989 -0.000000 
0.779252 0.000000 
0.005562 0.000000 
-0.305449 0.000000 
0.303041 0.000000 
-0.327114 -0.000000 
-0.900843 0.000000 
-0.730531 -0.000000 
0.301516 -0.000000 
-0.193321 -0.000000 
-0.178987 0.000000 
-0.098903 -0.000000 
0.329788 0.000000 
-0.460596 0.000000 
-0.005287 0.000000 
0.740392 -0.000000 
-0.998451 -0.000000 
-0.314564 0.000000 
-0.585908 -0.000000 
0.517589 0.000000 
-0.275989 0.000000 
-0.519184 0.000000 
-0.538976 -0.000000 
0.279261 -0.000000 
0.331652 -0.000000 
0.378629 0.000000 
-0.544483 -0.000000 
-0.139155 0.000000 
0.578163 0.000000 
-0.719529 -0.000000 
0.459712 0.000000 
0.464928 0.000000 
-0.424181 -0.000000 
1.254184 0.000000 
0.591337 -0.000000 
-0.019637 0.000000 
-0.395972 0.000000 
-0.178516 0.000000 
-0.338576 -0.000000 
0.131131 0.000000 
-1.102942 0.000000 
-0.248636 0.000000 
0.332444 -0.000000 
0.816684 -0.000000 
-0.664932 -0.000000 
-0.117956 -0.000000 
-0.845305 0.000000 
0.135999 -0.000000 
0.342149 -0.000000 
0.486176 0.000000 
0.284482 -0.000000 
0.587260 -0.000000 
0.013467 -0.000000 
0.077130 0.000000 
-0.240974 -0.000000 
-0.070418 0.000000 
0.617349 0.000000 
-0.282192 0.000000 
-0.655715 0.000000 
1.043752 -0.000000 
-0.656454 0.000000 
-1.320121 -0.000000 
-0.246042 0.000000 
0.329754 0.000000 
0.323565 -0.000000 
-1.317708 -0.000000 
0.868915 0.000000 
0.913801 -0.000000 
-0.337760 0.000000 
-0.541791 0.000000 
0.559972 0.000000 
-1.050209 -0.000000 
0.613645 -0.000000 
0.225275 -0.000000 
-0.595434 0.000000 
0.617219 0.000000 
-0.041885 0.000000 
0.494618 0.000000 
0.494571 0.000000 
-0.190558 0.000000 
0.203251 -0.000000 
-0.704612 -0.000000 
0.547082 0.000000 
-0.226848 0.000000 
0.675792 0.000000 
0.883291 0.000000 
-0.445113 0.000000 
0.325537 0.000000 
0.803985 0.000000 
0.425697 -0.000000 
0.447209 -0.000000 
0.811229 0.000000 
-0.557045 0.000000 
-0.509292 0.000000 
-0.622111 0.000000 
0.639129 0.000000 
0.137430 -0.000000 
0.922376 0.000000 
-0.023347 0.000000 
0.330247 0.000000 
-0.231166 -0.000000 
-0.010736 0.000000 
0.031110 0.000000 
-0.141201 0.000000 
0.386622 0.000000 
0.495756 0.000000 
