-1.777686 1.777686 
0.000000 0.500000 0.003121 
0.000000 0.000000 0.000000 

0.502691 -0.000000 
1.153899 0.000000 
-0.368281 -0.000000 
-0.840240 0.000000 
-0.142738 -0.000000 
0.108417 -0.000000 
0.100726 0.000000 
-0.251166 0.000000 
-0.172658 -0.000000 
0.280431 0.000000 
-0.132036 -0.000000 
0.433500 -0.000000 
0.219525 0.000000 
0.105963 0.000000 
0.189761 -0.000000 
0.480828 -0.000000 
-0.156801 0.000000 
-0.468911 0.000000 
0.484183 0.000000 
1.112114 -0.000000 
0.058531 0.000000 
0.753817 0.000000 
0.169782 0.000000 
0.530197 -0.000000 
-0.674047 0.000000 
0.394148 0.000000 
-0.173116 -0.000000 
-0.275343 -0.000000 
0.185244 0.000000 
-0.700240 0.000000 
-0.146725 0.000000 
-0.987936 0.000000 
0.401601 0.000000 
0.111876 -0.000000 
0.491916 0.000000 
0.227027 -0.000000 
-0.403408 0.000000 
-0.149274 0.000000 
-0.698792 0.000000 
0.137163 0.000000 
-0.108111 -0.000000 
-0.564153 0.000000 
-0.679046 0.000000 
-0.829763 -0.000000 
-0.034856 -0.000000 
-0.002675 0.000000 
0.173596 0.000000 
0.325424 0.000000 
-0.115549 -0.000000 
-0.877016 0.000000 
-0.800181 0.000000 
-0.544516 0.000000 
-0.022446 -0.000000 
0.596662 -0.000000 
-0.550612 0.000000 
-0.487162 0.000000 
0.607991 -0.000000 
0.437474 -0.000000 
-0.698236 0.000000 
-0.036989 0.000000 
0.129296 0.000000 
0.937523 -0.000000 
0.076810 0.000000 
0.208941 0.000000 
-0.881901 0.000000 
-0.462934 0.000000 
-0.031076 0.000000 
-0.229940 0.000000 
0.446545 0.000000 
-0.015713 0.000000 
-0.045580 0.000000 
-0.564295 0.000000 
-0.415068 0.000000 
-0.326544 0.000000 
-0.030178 -0.000000 
0.768199 0.000000 
-0.527937 0.000000 
0.794835 0.000000 
0.833018 0.000000 
0.205941 0.000000 
0.413886 0.000000 
0.881689 0.000000 
-0.563400 -0.000000 
-0.206654 -0.000000 
-0.938010 0.000000 
-0.080153 0.000000 
0.072987 0.000000 
0.604038 0.000000 
0.188303 -0.000000 
-0.087853 0.000000 
0.324497 0.000000 
-0.067783 0.000000 
1.019737 0.000000 
-0.059501 0.000000 
0.074892 0.000000 
-0.196796 0.000000 
0.524172 0.000000 
-0.084332 -0.000000 
-0.357700 -0.000000 
0.003055 -0.000000 
0.176766 0.000000 
-0.891039 -0.000000 
-0.178954 0.000000 
-0.340685 -0.000000 
-0.551830 -0.000000 
-0.036301 0.000000 
0.544069 -0.000000 
0.141852 0.000000 
-0.711140 0.000000 
-0.332412 -0.000000 
-0.139448 0.000000 
-0.436824 -0.000000 
0.139629 0.000000 
-0.362341 -0.000000 
-0.218898 0.000000 
0.365491 0.000000 
1.006909 0.000000 
-0.474531 0.000000 
0.049711 0.000000 
0.344360 -0.000000 
-0.247921 -0.000000 
0.588391 0.000000 
0.751229 0.000000 
0.843713 0.000000 
0.635347 0.000000 
-0.177562 0.000000 
0.501980 -0.000000 
1.219477 -0.000000 
-0.253021 0.000000 
0.486714 0.000000 
0.739447 0.000000 
-0.788721 0.000000 
0.005504 0.000000 
0.251116 -0.000000 
0.482079 0.000000 
-0.645730 0.000000 
-0.684917 -0.000000 
-0.054010 0.000000 
-0.447262 -0.000000 
0.336361 0.000000 
-0.202749 -0.000000 
0.192783 -0.000000 
0.040160 0.000000 
0.064089 0.000000 
0.731540 0.000000 
0.145480 -0.000000 
0.010831 0.000000 
-0.422916 -0.000000 
0.451764 0.000000 
-0.836521 0.000000 
0.702359 -0.000000 
-0.075238 -0.000000 
0.855237 0.000000 
-0.469903 0.000000 
-0.546820 -0.000000 
-0.285964 0.000000 
0.116428 -0.000000 
-0.623273 0.000000 
-1.077840 0.000000 
-0.249588 0.000000 
0.522774 0.000000 
0.012677 -0.000000 
0.128857 -0.000000 
-1.365795 -0.000000 
0.529960 0.000000 
-0.371914 0.000000 
-1.118331 -0.000000 
0.179214 0.000000 
-0.509608 -0.000000 
-0.519831 0.000000 
-0.118192 -0.000000 
-0.019256 -0.000000 
0.320052 -0.000000 
-0.015893 -0.000000 
0.212653 0.000000 
-0.819569 0.000000 
-0.865026 -0.000000 
0.032365 -0.000000 
0.166912 0.000000 
-0.062878 -0.000000 
0.561280 -0.000000 
0.156546 0.000000 
0.275395 0.000000 
0.557473 -0.000000 
-0.113074 -0.000000 
-0.433077 -0.000000 
0.035234 0.000000 
-0.331588 0.000000 
0.304093 -0.000000 
-0.417945 0.000000 
-0.166077 -0.000000 
-0.930905 0.000000 
0.541813 0.000000 
0.045944 0.000000 
-0.917127 0.000000 
-0.508896 0.000000 
-0.567024 -0.000000 
0.595426 -0.000000 
0.443400 -0.000000 
-0.218351 -0.000000 
0.344642 0.000000 
-0.573629 -0.000000 
0.859873 0.000000 
0.796468 0.000000 
0.386790 0.000000 
0.583308 -0.000000 
0.022428 0.000000 
0.360194 0.000000 
0.189797 0.000000 
0.443184 0.000000 
0.004547 0.000000 
-0.749370 0.000000 
0.231017 0.000000 
-0.227663 -0.000000 
-0.586529 -0.000000 
0.111268 -0.000000 
1.193207 -0.000000 
-0.645539 -0.000000 
0.126783 0.000000 
0.083065 0.000000 
1.004394 -0.000000 
-0.215187 0.000000 
0.393752 0.000000 
-0.259995 0.000000 
0.560724 -0.000000 
-0.279775 -0.000000 
-0.387850 0.000000 
0.093542 0.000000 
0.705787 0.000000 
1.096046 0.000000 
-0.211290 -0.000000 
0.210095 0.000000 
-0.049322 0.000000 
0.154163 0.000000 
0.495137 0.000000 
0.366167 0.000000 
-0.524250 -0.000000 
-0.434017 0.000000 
0.374304 0.000000 
-0.009759 0.000000 
-0.287448 0.000000 
-0.411565 0.000000 
0.452293 0.000000 
-0.398879 0.000000 
-0.676453 0.000000 
-0.148702 0.000000 
0.177166 0.000000 
0.103477 0.000000 
0.474426 0.000000 
0.296299 -0.000000 
0.083270 -0.000000 
-0.105139 -0.000000 
0.248409 -0.000000 
0.309468 0.000000 
-0.199908 0.000000 
-0.558790 0.000000 
