-2.023785 2.023785 
0.000000 0.500000 0.030713 
0.000000 0.000000 0.000000 

0.485537 0.000000 
-0.372578 0.000000 
-0.918147 -0.000000 
2.023785 -0.000000 
-0.041524 0.000000 
0.442702 0.000000 
-0.529078 0.000000 
-0.690134 0.000000 
1.027974 0.000000 
0.036915 0.000000 
-0.084218 -0.000000 
-0.415585 0.000000 
0.420445 0.000000 
-0.459232 0.000000 
0.109985 0.000000 
-0.125205 0.000000 
-0.370482 0.000000 
0.886032 -0.000000 
0.506171 -0.000000 
0.314432 0.000000 
0.554332 -0.000000 
0.610221 0.000000 
-0.343641 -0.000000 
0.274467 0.000000 
-0.667480 0.000000 
0.685304 0.000000 
0.599377 0.000000 
0.380448 0.000000 
-0.398985 0.000000 
-0.174581 0.000000 
0.545312 0.000000 
0.298971 -0.000000 
-0.495145 0.000000 
0.647974 -0.000000 
-0.230734 0.000000 
0.727107 -0.000000 
0.696251 0.000000 
-0.488633 0.000000 
-0.370646 -0.000000 
-0.226954 -0.000000 
-0.193421 0.000000 
-0.235157 -0.000000 
0.146527 0.000000 
-0.067006 0.000000 
0.345342 0.000000 
-0.520084 -0.000000 
0.566511 0.000000 
-0.539387 0.000000 
-0.459590 0.000000 
-0.028381 -0.000000 
0.239005 -0.000000 
-0.386765 0.000000 
0.236671 -0.000000 
0.210792 0.000000 
-0.059873 0.000000 
0.082175 0.000000 
0.021655 0.000000 
-0.164081 0.000000 
0.325432 0.000000 
1.242122 0.000000 
0.406641 0.000000 
-0.087241 0.000000 
1.163981 0.000000 
-0.570601 0.000000 
1.146881 0.000000 
-0.927778 0.000000 
-0.656987 -0.000000 
0.262569 0.000000 
-0.040813 0.000000 
-0.062922 0.000000 
-0.475131 -0.000000 
-0.282956 0.000000 
-0.132267 0.000000 
0.046972 0.000000 
-0.027700 -0.000000 
0.544882 -0.000000 
-0.107516 0.000000 
0.136289 0.000000 
-0.217498 0.000000 
-0.033377 0.000000 
0.619950 0.000000 
-0.212682 0.000000 
-0.931932 0.000000 
0.440149 -0.000000 
0.278135 0.000000 
0.556219 0.000000 
-0.292751 0.000000 
-0.076829 0.000000 
0.654472 0.000000 
0.171979 -0.000000 
-0.678269 0.000000 
-0.278656 -0.000000 
0.258356 0.000000 
0.186028 0.000000 
-0.167555 0.000000 
0.071372 0.000000 
-0.297369 0.000000 
0.084429 -0.000000 
-0.823133 0.000000 
-0.439841 0.000000 
0.750957 0.000000 
0.277863 0.000000 
0.033101 0.000000 
0.566811 0.000000 
-0.746677 0.000000 
0.364162 0.000000 
-0.728186 0.000000 
-0.028182 0.000000 
0.516410 0.000000 
0.311451 -0.000000 
0.657087 0.000000 
-0.340253 0.000000 
0.051288 0.000000 
0.637141 0.000000 
-0.395974 0.000000 
1.013746 0.000000 
-0.455765 0.000000 
-0.595879 0.000000 
-0.572146 0.000000 
-0.012327 0.000000 
0.049843 -0.000000 
0.389576 0.000000 
1.149730 0.000000 
0.231889 0.000000 
-0.037698 0.000000 
-0.777120 0.000000 
0.211600 -0.000000 
-0.560208 -0.000000 
0.323935 0.000000 
0.758635 0.000000 
0.476852 -0.000000 
0.678973 -0.000000 
0.499099 0.000000 
-0.492170 -0.000000 
0.290947 -0.000000 
-0.043352 0.000000 
0.915196 -0.000000 
0.062655 0.000000 
-0.732837 0.000000 
0.232624 0.000000 
0.813546 0.000000 
0.917655 0.000000 
-0.513328 -0.000000 
-0.055840 0.000000 
-0.475444 0.000000 
-0.277027 0.000000 
-0.545729 -0.000000 
-0.510823 0.000000 
0.032294 0.000000 
0.597632 -0.000000 
0.258041 -0.000000 
0.521453 0.000000 
-0.663465 -0.000000 
-0.163314 0.000000 
0.793756 0.000000 
-0.019365 0.000000 
-0.022009 -0.000000 
0.169513 0.000000 
0.192352 -0.000000 
-0.429895 0.000000 
-0.463106 0.000000 
-0.141012 0.000000 
0.929943 0.000000 
0.410149 0.000000 
0.087922 0.000000 
0.281956 0.000000 
0.153339 -0.000000 
-0.767028 0.000000 
-0.001838 0.000000 
-0.639144 0.000000 
-1.127408 -0.000000 
-0.326105 0.000000 
-0.453422 -0.000000 
0.765440 0.000000 
-0.397954 0.000000 
0.026310 0.000000 
0.104035 0.000000 
-0.475980 0.000000 
-0.420114 0.000000 
-0.079667 -0.000000 
0.324744 -0.000000 
-0.131676 -0.000000 
-0.062297 0.000000 
-0.660175 -0.000000 
0.206454 -0.000000 
-0.569141 -0.000000 
-0.508322 -0.000000 
0.087765 0.000000 
-0.224421 -0.000000 
-0.447320 -0.000000 
-0.110746 0.000000 
0.504389 0.000000 
0.588798 0.000000 
-0.231628 0.000000 
0.281243 -0.000000 
0.420636 0.000000 
-0.335595 0.000000 
-0.155630 0.000000 
-0.308899 0.000000 
-0.441719 0.000000 
0.376025 0.000000 
-0.182311 -0.000000 
-0.080499 -0.000000 
0.131160 0.000000 
0.529113 -0.000000 
0.188028 0.000000 
-0.123309 0.000000 
0.078888 -0.000000 
0.359132 0.000000 
-0.254240 -0.000000 
1.058003 0.000000 
0.658966 0.000000 
-0.197538 0.000000 
-0.540780 0.000000 
-0.574701 0.000000 
0.008109 0.000000 
-0.180305 -0.000000 
0.548202 -0.000000 
0.485856 0.000000 
-0.037387 0.000000 
0.048102 -0.000000 
0.029724 0.000000 
0.933713 0.000000 
-0.190163 0.000000 
0.200641 -0.000000 
-0.368825 -0.000000 
-0.314546 0.000000 
0.134800 0.000000 
-0.322811 0.000000 
0.059977 0.000000 
-0.401103 -0.000000 
1.013642 0.000000 
0.794969 0.000000 
-0.246109 0.000000 
-0.217658 -0.000000 
-0.056475 0.000000 
-0.125200 0.000000 
0.990715 0.000000 
0.045850 0.000000 
0.468814 0.000000 
-0.667892 0.000000 
0.125606 0.000000 
0.912046 0.000000 
-0.122705 -0.000000 
0.241626 0.000000 
0.355505 0.000000 
-0.321445 0.000000 
-0.245303 -0.000000 
-0.613297 0.000000 
-0.163897 0.000000 
-0.769543 0.000000 
-0.513688 -0.000000 
-0.742136 0.000000 
0.171947 0.000000 
-0.738151 -0.000000 
0.139163 0.000000 
