-2.125454 2.125454 
0.000000 0.500000 0.012994 
0.000000 0.000000 0.000000 

-0.445162 0.000000 
-0.324955 -0.000000 
0.395886 0.000000 
-0.090188 0.000000 
0.654580 -0.000000 
-0.123432 0.000000 
0.097342 0.000000 
-0.643363 0.000000 
-0.222772 0.000000 
0.423988 -0.000000 
0.297500 0.000000 
0.814048 0.000000 
-0.165929 0.000000 
-0.748766 -0.000000 
0.839154 -0.000000 
0.574474 0.000000 
0.401849 0.000000 
0.169780 -0.000000 
-0.212358 0.000000 
0.816808 -0.000000 
-0.029405 -0.000000 
-0.088675 0.000000 
-0.069767 0.000000 
0.398063 -0.000000 
0.190114 0.000000 
-0.082916 0.000000 
-0.101096 0.000000 
-0.092367 0.000000 
0.077993 0.000000 
0.238621 0.000000 
0.193425 0.000000 
-0.115199 0.000000 
-0.008799 0.000000 
-0.140177 0.000000 
-0.655612 0.000000 
-0.496188 -0.000000 
0.354027 0.000000 
-0.932655 0.000000 
0.104043 0.000000 
-0.052486 -0.000000 
-0.087935 -0.000000 
0.200911 -0.000000 
-0.572941 -0.000000 
0.179872 0.000000 
-0.132746 0.000000 
0.279284 -0.000000 
-0.096958 0.000000 
-1.047344 0.000000 
1.026433 0.000000 
0.108738 0.000000 
0.168275 0.000000 
-0.117374 -0.000000 
1.158406 0.000000 
-0.586960 0.000000 
-0.472458 0.000000 
-0.033413 -0.000000 
-0.858446 0.000000 
-0.509573 0.000000 
-0.014928 -0.000000 
0.586919 0.000000 
0.345050 0.000000 
0.168678 -0.000000 
0.114100 -0.000000 
0.063152 0.000000 
0.268965 0.000000 
-0.082283 0.000000 
0.156280 0.000000 
0.164839 -0.000000 
-0.102000 0.000000 
-0.324076 0.000000 
-0.097553 0.000000 
0.555832 -0.000000 
-0.625134 0.000000 
0.291129 0.000000 
0.681513 0.000000 
0.339730 0.000000 
0.076694 0.000000 
0.018081 0.000000 
0.504223 -0.000000 
-0.488633 0.000000 
0.711868 0.000000 
-0.503467 -0.000000 
-0.755670 0.000000 
-0.267535 0.000000 
0.672472 0.000000 
0.276278 0.000000 
-0.377729 0.000000 
-0.656877 0.000000 
0.212738 0.000000 
0.114016 -0.000000 
0.120276 -0.000000 
0.502437 0.000000 
-0.058308 0.000000 
-0.574285 0.000000 
0.281465 0.000000 
-0.036030 0.000000 
0.427824 0.000000 
-0.842403 0.000000 
0.704825 0.000000 
0.162984 0.000000 
-0.375398 -0.000000 
0.256536 0.000000 
-0.202298 -0.000000 
0.184347 -0.000000 
-0.469480 0.000000 
0.372647 0.000000 
-1.184617 0.000000 
0.072635 0.000000 
0.464811 -0.000000 
-0.228235 0.000000 
-0.337652 0.000000 
0.130663 -0.000000 
-0.044172 0.000000 
0.252542 -0.000000 
0.169309 0.000000 
0.034247 0.000000 
0.023299 0.000000 
-0.166142 0.000000 
0.115802 0.000000 
-0.445873 0.000000 
-0.480545 0.000000 
-0.005947 0.000000 
-1.280550 -0.000000 
0.162571 -0.000000 
0.011936 -0.000000 
-0.495606 0.000000 
0.765259 0.000000 
-0.061282 0.000000 
1.124901 0.000000 
0.661275 0.000000 
0.454635 0.000000 
0.179542 -0.000000 
0.614574 0.000000 
-0.091908 -0.000000 
0.252311 -0.000000 
0.344544 0.000000 
-0.286028 0.000000 
-1.214883 0.000000 
-0.174257 0.000000 
0.311315 -0.000000 
-1.209866 0.000000 
0.474681 0.000000 
-0.255190 -0.000000 
0.629990 0.000000 
-0.388186 0.000000 
-1.110911 -0.000000 
0.829556 0.000000 
-0.415677 -0.000000 
1.558527 -0.000000 
0.533557 -0.000000 
0.495197 0.000000 
-0.164462 -0.000000 
-0.514725 0.000000 
0.116138 0.000000 
0.279186 0.000000 
0.199886 -0.000000 
-0.322359 -0.000000 
-0.703177 0.000000 
-0.213618 -0.000000 
0.392274 0.000000 
-0.324571 0.000000 
0.401203 0.000000 
-0.062360 0.000000 
0.532422 -0.000000 
-0.760402 -0.000000 
-0.606714 0.000000 
0.220141 0.000000 
0.035489 0.000000 
0.988977 0.000000 
-0.045091 0.000000 
0.116919 0.000000 
0.338841 0.000000 
0.079824 0.000000 
0.413290 0.000000 
0.610787 -0.000000 
0.374428 0.000000 
-0.565556 0.000000 
-0.744370 -0.000000 
0.185274 -0.000000 
-0.214923 -0.000000 
1.234944 0.000000 
-0.420590 0.000000 
-0.183921 0.000000 
-0.187559 0.000000 
-0.146262 0.000000 
-0.524785 -0.000000 
0.469620 0.000000 
0.402044 0.000000 
0.631319 0.000000 
-0.041682 -0.000000 
-0.305229 0.000000 
0.508401 0.000000 
-0.212252 0.000000 
0.217140 0.000000 
0.161866 0.000000 
0.528196 0.000000 
0.853611 0.000000 
0.118926 0.000000 
1.165058 -0.000000 
-0.362353 0.000000 
0.278761 0.000000 
-0.127416 0.000000 
0.299719 0.000000 
-0.476511 -0.000000 
0.424730 -0.000000 
0.030577 0.000000 
0.646944 -0.000000 
-0.357524 -0.000000 
0.509622 -0.000000 
0.524470 -0.000000 
0.229990 -0.000000 
0.522188 0.000000 
-0.066133 0.000000 
-0.153494 0.000000 
1.135315 0.000000 
-0.349130 0.000000 
-0.250757 -0.000000 
0.747849 0.000000 
-0.613865 0.000000 
-1.415905 0.000000 
-0.354965 -0.000000 
0.213105 0.000000 
-0.248983 0.000000 
-0.579724 0.000000 
0.631564 -0.000000 
-0.544436 -0.000000 
-0.090291 -0.000000 
0.348042 0.000000 
-0.387546 0.000000 
-0.158499 0.000000 
0.973804 -0.000000 
0.324070 -0.000000 
0.098639 0.000000 
0.205054 -0.000000 
0.645814 0.000000 
-0.243256 -0.000000 
-0.198700 0.000000 
-0.025967 0.000000 
0.052319 -0.000000 
-0.592863 -0.000000 
-0.155907 0.000000 
0.168586 0.000000 
0.916617 0.000000 
1.022758 -0.000000 
-0.369635 0.000000 
-0.828600 0.000000 
0.265554 0.000000 
-0.196626 0.000000 
0.492539 0.000000 
0.029827 0.000000 
-0.318018 0.000000 
0.228456 -0.000000 
-0.066606 -0.000000 
0.018375 -0.000000 
0.190954 0.000000 
-0.185060 0.000000 
-0.463593 -0.000000 
-0.235458 0.000000 
0.362484 0.000000 
0.253810 0.000000 
0.391966 0.000000 
0.412490 0.000000 
-0.078563 0.000000 
0.029217 0.000000 
-0.302743 0.000000 
0.641581 0.000000 
1.070978 -0.000000 
-0.018775 0.000000 
-0.522080 0.000000 
0.595085 0.000000 
0.080563 0.000000 
-0.092218 0.000000 
-0.243048 -0.000000 
0.092887 -0.000000 
0.425210 -0.000000 
-0.012077 0.000000 
0.532899 -0.000000 
0.548773 0.000000 
0.741896 0.000000 
-0.169411 -0.000000 
-0.062945 0.000000 
-0.086175 0.000000 
0.427346 -0.000000 
-0.195490 0.000000 
0.371084 0.000000 
1.148290 0.000000 
-0.021906 0.000000 
0.670423 0.000000 
-1.145610 0.000000 
0.060874 0.000000 
-0.401192 0.000000 
0.349796 0.000000 
0.200962 -0.000000 
-0.133122 -0.000000 
-0.234643 -0.000000 
0.382446 -0.000000 
-0.323626 0.000000 
-0.017063 0.000000 
-0.303337 0.000000 
-0.249904 0.000000 
-0.185676 0.000000 
-0.154086 0.000000 
-0.491554 0.000000 
-0.319267 -0.000000 
-0.579489 0.000000 
-0.319573 -0.000000 
0.568281 -0.000000 
-0.374458 -0.000000 
0.209006 0.000000 
-0.749347 0.000000 
0.310281 -0.000000 
-0.059360 0.000000 
-0.023150 0.000000 
-0.164817 0.000000 
-0.552459 0.000000 
-0.238421 0.000000 
0.122843 -0.000000 
-1.019235 0.000000 
-0.413488 0.000000 
-0.151513 -0.000000 
-0.316127 0.000000 
0.147603 -0.000000 
-0.982638 -0.000000 
-0.888825 -0.000000 
0.381747 -0.000000 
-0.377037 0.000000 
-0.923612 -0.000000 
-0.234655 0.000000 
0.798263 -0.000000 
-0.611897 0.000000 
0.530149 -0.000000 
0.217172 0.000000 
0.149011 -0.000000 
0.245257 0.000000 
-0.092490 0.000000 
-0.444226 0.000000 
-0.375868 -0.000000 
-0.024607 0.000000 
-0.710195 -0.000000 
0.108700 -0.000000 
-0.590880 -0.000000 
-0.029176 -0.000000 
0.093610 0.000000 
-0.208413 -0.000000 
0.619717 -0.000000 
-1.140621 0.000000 
0.991024 -0.000000 
0.069268 0.000000 
-0.069093 0.000000 
0.145679 0.000000 
0.462679 0.000000 
0.392094 0.000000 
-0.480469 0.000000 
-0.332441 -0.000000 
0.006197 -0.000000 
-0.021460 -0.000000 
-0.045542 0.000000 
0.147284 0.000000 
0.972264 -0.000000 
0.470010 0.000000 
-0.117612 -0.000000 
-0.261541 0.000000 
-0.205669 0.000000 
0.349205 0.000000 
-0.084285 0.000000 
-0.065066 -0.000000 
0.217944 -0.000000 
-0.250816 0.000000 
-0.212075 -0.000000 
1.017238 -0.000000 
-0.359490 0.000000 
0.170043 0.000000 
-1.004092 0.000000 
-0.623632 -0.000000 
0.720955 -0.000000 
-0.066042 -0.000000 
0.343772 -0.000000 
-0.207070 -0.000000 
-0.775255 0.000000 
-0.050130 0.000000 
-0.406226 -0.000000 
-0.574774 0.000000 
-0.108840 0.000000 
-0.195777 0.000000 
-0.169011 0.000000 
0.614957 0.000000 
0.670968 0.000000 
0.474950 0.000000 
-0.291774 -0.000000 
0.987253 0.000000 
-0.539531 -0.000000 
0.015765 0.000000 
0.311823 0.000000 
-1.258510 -0.000000 
0.287787 0.000000 
0.403466 0.000000 
0.837446 0.000000 
-0.154155 0.000000 
0.476271 0.000000 
-0.333783 0.000000 
0.504766 0.000000 
0.869639 0.000000 
0.531592 0.000000 
-0.329411 0.000000 
-0.017143 0.000000 
-0.145887 -0.000000 
-0.462089 -0.000000 
0.075357 0.000000 
0.162456 0.000000 
-0.428545 0.000000 
-0.255967 -0.000000 
0.662161 0.000000 
-0.002969 -0.000000 
0.561241 -0.000000 
-0.639596 -0.000000 
0.775542 0.000000 
-0.316332 0.000000 
0.132887 0.000000 
-0.756464 0.000000 
0.478586 -0.000000 
-0.067548 -0.000000 
0.616622 -0.000000 
-1.084891 0.000000 
0.301594 0.000000 
-0.165162 0.000000 
-0.024594 -0.000000 
-0.072570 -0.000000 
0.019956 0.000000 
-1.095798 -0.000000 
-0.063188 -0.000000 
0.416347 -0.000000 
0.327284 0.000000 
0.549027 -0.000000 
1.345870 0.000000 
0.003438 0.000000 
-0.322300 -0.000000 
0.676966 0.000000 
-0.786724 0.000000 
0.145298 0.000000 
-0.048432 -0.000000 
1.050105 -0.000000 
0.037959 0.000000 
-0.975835 -0.000000 
-0.078474 0.000000 
0.446180 -0.000000 
1.053157 0.000000 
1.095286 -0.000000 
-0.111094 0.000000 
0.292569 -0.000000 
-0.512777 -0.000000 
-0.343805 0.000000 
0.359650 0.000000 
0.704635 0.000000 
0.409096 0.000000 
-0.227243 0.000000 
0.112554 0.000000 
-0.219944 0.000000 
0.095998 -0.000000 
-0.695538 0.000000 
0.146483 0.000000 
0.009008 -0.000000 
0.226682 0.000000 
0.133491 -0.000000 
-0.281743 0.000000 
0.276001 0.000000 
-0.294240 0.000000 
-0.386637 0.000000 
0.627806 0.000000 
-0.360707 -0.000000 
0.096349 0.000000 
0.190343 -0.000000 
0.751309 0.000000 
0.177870 -0.000000 
0.864674 -0.000000 
-0.337532 -0.000000 
-0.029903 0.000000 
-0.831204 0.000000 
-1.043193 -0.000000 
-0.184409 0.000000 
-0.264439 0.000000 
-0.357650 0.000000 
0.138151 0.000000 
-1.169245 0.000000 
0.413702 0.000000 
-0.375880 0.000000 
-0.044254 0.000000 
0.686120 0.000000 
-0.726680 0.000000 
0.083738 -0.000000 
-0.133573 0.000000 
-0.068805 0.000000 
0.476314 -0.000000 
-0.221907 0.000000 
-0.651368 0.000000 
-0.861288 0.000000 
1.189972 0.000000 
-0.204196 0.000000 
0.497447 -0.000000 
0.424474 0.000000 
0.376731 0.000000 
-0.082325 0.000000 
0.349990 0.000000 
0.595213 0.000000 
-0.079555 0.000000 
0.496832 0.000000 
0.095507 0.000000 
-0.094087 0.000000 
-0.071493 0.000000 
-0.246484 0.000000 
0.580685 -0.000000 
0.000833 0.000000 
-0.360156 0.000000 
-0.229804 0.000000 
0.491885 0.000000 
0.221828 -0.000000 
-0.574560 0.000000 
0.771490 0.000000 
0.522910 0.000000 
0.130491 -0.000000 
0.090633 0.000000 
-0.044003 -0.000000 
0.076155 -0.000000 
0.461360 0.000000 
-0.087501 -0.000000 
0.446180 -0.000000 
0.703355 -0.000000 
0.115912 0.000000 
0.468990 -0.000000 
-0.549794 0.000000 
0.165533 -0.000000 
0.546570 -0.000000 
0.017764 -0.000000 
0.814602 0.000000 
-0.433122 0.000000 
0.315822 0.000000 
1.144751 0.000000 
0.344744 0.000000 
-0.396122 0.000000 
0.150233 -0.000000 
-0.089627 0.000000 
-0.011658 -0.000000 
0.046793 0.000000 
-0.284093 0.000000 
0.200832 -0.000000 
-0.463328 0.000000 
-0.118662 0.000000 
-1.152757 0.000000 
-0.070135 0.000000 
-0.979348 0.000000 
0.487293 0.000000 
0.195487 0.000000 
-0.187000 -0.000000 
1.004390 -0.000000 
0.771374 0.000000 
-0.168123 0.000000 
0.254197 0.000000 
0.641716 0.000000 
0.252616 -0.000000 
-0.174955 0.000000 
-0.119211 -0.000000 
-0.086476 0.000000 
-1.391974 -0.000000 
-0.355260 -0.000000 
0.229172 -0.000000 
-0.121601 0.000000 
-0.031366 0.000000 
0.778576 -0.000000 
-0.025722 -0.000000 
-0.566026 0.000000 
-0.359759 0.000000 
-0.524633 0.000000 
0.358008 0.000000 
0.642929 0.000000 
0.472727 -0.000000 
-0.309340 -0.000000 
-0.495547 -0.000000 
-0.344020 0.000000 
1.236219 -0.000000 
0.063889 -0.000000 
-1.078280 0.000000 
-0.491923 0.000000 
0.200344 0.000000 
-0.477042 0.000000 
-1.383503 0.000000 
0.454646 0.000000 
0.460479 0.000000 
-0.222118 0.000000 
-0.141038 -0.000000 
-0.304455 -0.000000 
0.507088 0.000000 
0.119295 0.000000 
-0.904225 -0.000000 
-0.404957 0.000000 
0.265180 0.000000 
0.069054 0.000000 
-0.565447 0.000000 
-0.592524 0.000000 
-0.543023 -0.000000 
0.558469 0.000000 
-0.494900 -0.000000 
0.681306 0.000000 
0.195800 -0.000000 
-0.371608 0.000000 
0.772878 0.000000 
0.673268 0.000000 
-0.435718 -0.000000 
-0.421414 0.000000 
0.255437 -0.000000 
-0.270433 0.000000 
0.062887 -0.000000 
-0.464960 0.000000 
-0.768062 0.000000 
-0.375627 0.000000 
0.570803 0.000000 
0.073437 -0.000000 
0.257578 -0.000000 
0.701350 0.000000 
0.508850 -0.000000 
-0.319753 0.000000 
0.055499 -0.000000 
0.052549 0.000000 
0.415746 0.000000 
-0.731085 0.000000 
-0.507928 0.000000 
0.489952 -0.000000 
-0.195348 0.000000 
0.455132 -0.000000 
-0.248375 0.000000 
-1.177114 0.000000 
0.200558 0.000000 
-1.017778 -0.000000 
-0.011699 -0.000000 
0.808477 -0.000000 
-0.326123 0.000000 
-0.448626 0.000000 
-0.283934 0.000000 
-0.626419 0.000000 
-0.117487 0.000000 
0.171716 0.000000 
0.050514 0.000000 
0.286687 0.000000 
0.177819 0.000000 
-0.655588 0.000000 
-0.092063 0.000000 
-0.501970 0.000000 
0.144810 0.000000 
-0.057225 -0.000000 
-0.366170 0.000000 
0.440576 -0.000000 
0.842304 0.000000 
0.019004 0.000000 
-0.817175 0.000000 
-0.319846 0.000000 
0.085327 -0.000000 
0.217490 -0.000000 
-0.254707 -0.000000 
0.685833 0.000000 
0.463823 -0.000000 
0.570916 0.000000 
-0.036568 0.000000 
-0.039647 0.000000 
0.173064 0.000000 
-0.205982 -0.000000 
0.025207 0.000000 
-0.200317 0.000000 
-0.520807 0.000000 
-0.142755 0.000000 
0.442203 0.000000 
0.149557 0.000000 
0.427165 -0.000000 
0.537550 -0.000000 
-0.137716 0.000000 
-0.340559 -0.000000 
-0.264611 0.000000 
-0.882602 0.000000 
0.785609 -0.000000 
-0.242524 0.000000 
-0.088848 0.000000 
-0.268776 0.000000 
1.014979 -0.000000 
-0.090343 -0.000000 
-0.553494 0.000000 
1.229981 0.000000 
-0.611598 -0.000000 
0.098503 0.000000 
0.356122 0.000000 
-0.620572 -0.000000 
0.260512 0.000000 
-0.382664 0.000000 
-0.031460 0.000000 
0.243284 0.000000 
0.644955 0.000000 
0.134954 0.000000 
-0.958799 0.000000 
0.107127 -0.000000 
-0.048001 0.000000 
-0.137025 0.000000 
-0.222622 0.000000 
-0.771378 -0.000000 
0.651589 -0.000000 
-0.436362 0.000000 
-0.760002 0.000000 
0.527380 -0.000000 
-1.189736 -0.000000 
-0.205224 0.000000 
-0.324452 0.000000 
0.064990 0.000000 
-0.676579 -0.000000 
-0.133874 0.000000 
0.629012 0.000000 
0.036894 0.000000 
1.065929 -0.000000 
0.134804 0.000000 
-0.245921 0.000000 
0.398430 0.000000 
0.088373 0.000000 
-0.025127 -0.000000 
0.235353 0.000000 
0.399032 0.000000 
-0.474990 0.000000 
0.049279 0.000000 
-1.126487 0.000000 
-0.542048 0.000000 
-0.371368 0.000000 
-0.331889 -0.000000 
0.023231 -0.000000 
-0.182401 0.000000 
-0.127064 -0.000000 
1.186024 0.000000 
0.469100 -0.000000 
0.059897 -0.000000 
-0.488153 0.000000 
0.062942 0.000000 
0.916824 0.000000 
0.549762 -0.000000 
0.078038 0.000000 
-0.238646 -0.000000 
1.236075 0.000000 
0.185392 -0.000000 
-0.437730 0.000000 
0.569449 0.000000 
0.916275 0.000000 
0.504304 0.000000 
-0.529862 0.000000 
0.450102 0.000000 
0.404104 0.000000 
-0.434195 0.000000 
-0.136571 0.000000 
0.083683 0.000000 
-0.009792 0.000000 
0.289282 0.000000 
-0.288546 0.000000 
-0.124604 0.000000 
-0.359705 0.000000 
0.140001 0.000000 
0.516508 0.000000 
0.324838 -0.000000 
0.838572 0.000000 
-0.202445 -0.000000 
0.457131 0.000000 
-0.298281 0.000000 
-0.114367 -0.000000 
0.010173 0.000000 
-0.206082 -0.000000 
0.479452 -0.000000 
0.391230 0.000000 
0.137614 -0.000000 
0.560982 -0.000000 
-0.147048 -0.000000 
-0.322170 -0.000000 
-0.218108 0.000000 
0.100777 0.000000 
-0.206098 0.000000 
-0.545880 -0.000000 
-0.591314 -0.000000 
-0.940027 0.000000 
-0.404032 0.000000 
0.621699 0.000000 
0.414338 0.000000 
0.177229 0.000000 
0.407042 0.000000 
-0.459580 0.000000 
-0.210579 0.000000 
0.701869 0.000000 
0.727969 0.000000 
0.144719 0.000000 
0.311307 -0.000000 
0.245086 0.000000 
1.043614 0.000000 
-0.051943 0.000000 
0.259990 0.000000 
1.000087 0.000000 
-0.327318 0.000000 
-0.496844 -0.000000 
0.880873 0.000000 
0.595370 -0.000000 
-0.279122 0.000000 
-0.609745 -0.000000 
-0.640243 0.000000 
0.558954 -0.000000 
-0.904850 0.000000 
-0.855035 0.000000 
0.479742 -0.000000 
0.651136 0.000000 
0.397355 0.000000 
-0.328787 0.000000 
-0.541048 0.000000 
-1.271005 0.000000 
-0.331788 0.000000 
-0.173503 -0.000000 
0.072611 -0.000000 
0.285291 0.000000 
0.192780 0.000000 
0.127908 -0.000000 
-0.025985 0.000000 
0.069783 0.000000 
0.381156 0.000000 
0.215355 0.000000 
0.367743 -0.000000 
-1.165375 0.000000 
0.333826 -0.000000 
0.912824 0.000000 
-1.137293 0.000000 
-0.078665 -0.000000 
0.278721 0.000000 
-0.612817 0.000000 
0.065625 0.000000 
-0.580984 0.000000 
0.659683 0.000000 
0.295457 0.000000 
-0.114715 -0.000000 
-0.599449 0.000000 
0.396404 0.000000 
0.061411 0.000000 
-0.083192 0.000000 
0.669155 0.000000 
-0.584381 0.000000 
-0.469291 0.000000 
0.275884 0.000000 
-0.230506 0.000000 
0.980245 0.000000 
-0.957548 0.000000 
-0.896934 -0.000000 
0.240930 0.000000 
-0.208096 0.000000 
0.886414 -0.000000 
-0.177309 -0.000000 
-0.250447 0.000000 
0.476852 -0.000000 
0.437836 -0.000000 
0.082434 0.000000 
0.647455 -0.000000 
0.021182 -0.000000 
0.129959 0.000000 
0.344955 0.000000 
-0.397944 -0.000000 
0.030186 -0.000000 
-0.916499 -0.000000 
-0.080647 0.000000 
-0.292183 0.000000 
0.402279 0.000000 
-0.180444 0.000000 
0.546741 0.000000 
-0.046539 -0.000000 
-0.452024 -0.000000 
-0.075887 0.000000 
0.153251 0.000000 
0.141711 -0.000000 
-0.182601 0.000000 
0.161676 -0.000000 
0.066636 0.000000 
0.343492 0.000000 
-0.270625 -0.000000 
0.073316 0.000000 
-0.154231 0.000000 
0.585288 0.000000 
-0.554772 0.000000 
0.135361 0.000000 
0.590371 -0.000000 
-0.367417 0.000000 
-0.991199 -0.000000 
0.181543 0.000000 
-0.203121 0.000000 
-0.186614 0.000000 
0.206012 -0.000000 
-0.106180 -0.000000 
0.013596 0.000000 
0.536937 -0.000000 
0.733787 -0.000000 
-0.179010 0.000000 
0.501508 0.000000 
0.440350 0.000000 
-0.122386 0.000000 
-0.519270 0.000000 
-0.901086 0.000000 
0.466935 -0.000000 
-0.145572 0.000000 
-0.134060 0.000000 
-0.357105 0.000000 
1.162342 0.000000 
0.546637 -0.000000 
0.622298 -0.000000 
0.086203 0.000000 
-1.285379 0.000000 
0.282466 -0.000000 
-0.349801 0.000000 
-0.651566 0.000000 
0.022925 -0.000000 
-0.306882 0.000000 
0.448271 0.000000 
0.424906 -0.000000 
0.488690 0.000000 
0.194317 0.000000 
-0.297296 0.000000 
-0.758833 -0.000000 
0.718913 0.000000 
1.062805 -0.000000 
-0.784791 0.000000 
-0.221498 0.000000 
-0.139987 0.000000 
0.166453 -0.000000 
0.336157 -0.000000 
-0.007820 0.000000 
-0.059910 0.000000 
0.058967 0.000000 
-0.328807 0.000000 
0.356860 0.000000 
-0.469932 0.000000 
-0.608729 -0.000000 
-0.249559 0.000000 
0.430892 0.000000 
0.047701 0.000000 
-0.054485 0.000000 
0.571509 0.000000 
-0.400771 0.000000 
-0.238414 0.000000 
0.609811 -0.000000 
-0.213601 -0.000000 
-0.856750 0.000000 
-0.400128 0.000000 
0.696440 0.000000 
0.409078 0.000000 
0.364686 -0.000000 
-0.795726 0.000000 
0.379291 0.000000 
0.008105 0.000000 
0.038254 -0.000000 
0.052251 -0.000000 
-0.721885 -0.000000 
0.055663 0.000000 
-0.223461 -0.000000 
0.370621 -0.000000 
-0.338710 0.000000 
-2.028977 0.000000 
-1.147868 0.000000 
-0.135625 0.000000 
0.103371 0.000000 
-1.168658 0.000000 
0.328424 0.000000 
0.237201 0.000000 
0.900572 -0.000000 
0.349120 0.000000 
-0.674011 -0.000000 
0.957746 0.000000 
0.268990 -0.000000 
0.210020 -0.000000 
-0.398930 0.000000 
0.395244 -0.000000 
-0.380786 0.000000 
0.399909 0.000000 
0.589554 0.000000 
-0.690755 0.000000 
0.890844 0.000000 
-0.158098 -0.000000 
0.052077 0.000000 
1.427148 -0.000000 
0.189384 0.000000 
-0.903646 -0.000000 
-0.078002 0.000000 
-1.163156 0.000000 
0.164930 -0.000000 
-1.194326 0.000000 
0.111418 0.000000 
0.432933 0.000000 
-0.556679 0.000000 
0.056791 0.000000 
0.019807 -0.000000 
-0.210457 0.000000 
0.682872 0.000000 
0.050476 -0.000000 
0.419454 0.000000 
0.181683 -0.000000 
0.345855 0.000000 
0.093870 0.000000 
-0.289321 0.000000 
-0.591669 0.000000 
1.132441 0.000000 
-0.153040 0.000000 
-0.383325 0.000000 
-0.162414 -0.000000 
-0.013743 0.000000 
-0.714459 -0.000000 
-0.471739 0.000000 
0.326525 -0.000000 
-0.813158 -0.000000 
0.054057 0.000000 
-0.030937 0.000000 
-0.614690 -0.000000 
0.391291 -0.000000 
0.135563 -0.000000 
0.065418 0.000000 
0.008567 0.000000 
-0.084719 0.000000 
0.397259 -0.000000 
-0.207711 -0.000000 
0.485172 0.000000 
0.018476 0.000000 
0.640006 0.000000 
-0.561753 0.000000 
0.154487 0.000000 
0.564221 0.000000 
-0.175773 -0.000000 
0.690208 -0.000000 
0.063297 0.000000 
