T	 |m|	 <m[0]>	 <m[1]>	 <E>	 dim_{Lat}=2	 L=128,128	 J=1.000000,1.000000	 {/Symbol s}_J=0.000000,0.000000	 <J_{ij}>=0.000000,0.000000	 dim_{Spin}=2	 h=0.000000,0.000000	 {/Symbol s}_h=0.500000,0.000000	 <h_i>=-0.002706,0.000000	 order=1.000000,0.000000	 order_h=0	 order_r=1	 (thermalizing-MCS,averaging-MCS)/{/Symbol D}T=(128000,12800)/0.010000	 
Cooling... 
2.000000	 0.041952	 -0.004166	 0.000108	 -0.605977	 
1.990000	 0.042646	 -0.002793	 -0.001553	 -0.610502	 
1.980000	 0.042847	 -0.003726	 -0.000795	 -0.614629	 
1.970000	 0.043033	 -0.003109	 -0.002560	 -0.618567	 
1.960000	 0.042340	 -0.002352	 -0.000930	 -0.621546	 
1.950000	 0.042183	 -0.001895	 -0.000730	 -0.624715	 
1.940000	 0.043267	 -0.003442	 0.000267	 -0.628407	 
1.930000	 0.043090	 -0.004188	 0.000425	 -0.631483	 
1.920000	 0.043686	 -0.003817	 -0.001555	 -0.636223	 
1.910000	 0.043494	 -0.003851	 -0.001856	 -0.640175	 
1.900000	 0.043916	 -0.004050	 -0.002728	 -0.644184	 
1.890000	 0.043773	 -0.003849	 -0.002732	 -0.648205	 
1.880000	 0.044025	 -0.002853	 -0.001684	 -0.652434	 
1.870000	 0.043553	 -0.003763	 0.002415	 -0.655283	 
1.860000	 0.044351	 -0.004119	 -0.000430	 -0.659540	 
1.850000	 0.044463	 -0.005116	 0.000151	 -0.663781	 
1.840000	 0.044564	 -0.003123	 -0.001250	 -0.668217	 
1.830000	 0.044859	 -0.005253	 -0.002727	 -0.673144	 
1.820000	 0.045035	 -0.004279	 -0.002546	 -0.677889	 
1.810000	 0.044577	 -0.002290	 -0.001987	 -0.681561	 
1.800000	 0.044553	 -0.002878	 -0.000162	 -0.685751	 
1.790000	 0.044837	 -0.004744	 -0.000078	 -0.689944	 
1.780000	 0.045739	 -0.005563	 0.001092	 -0.694024	 
1.770000	 0.046061	 -0.004019	 -0.002918	 -0.699446	 
1.760000	 0.045281	 -0.004467	 -0.000535	 -0.704479	 
1.750000	 0.046091	 -0.005583	 -0.003150	 -0.709555	 
1.740000	 0.045964	 -0.005129	 -0.002221	 -0.714424	 
1.730000	 0.046220	 -0.003024	 -0.000588	 -0.718646	 
1.720000	 0.046144	 -0.005574	 0.001008	 -0.723020	 
1.710000	 0.046793	 -0.005622	 -0.000009	 -0.727873	 
1.700000	 0.047605	 -0.005148	 0.000074	 -0.733407	 
1.690000	 0.047485	 -0.006082	 -0.000407	 -0.738546	 
1.680000	 0.047295	 -0.006064	 -0.003425	 -0.744782	 
1.670000	 0.048002	 -0.005945	 -0.001817	 -0.750234	 
1.660000	 0.048373	 -0.004970	 -0.001820	 -0.754994	 
1.650000	 0.046559	 -0.004828	 0.000861	 -0.759754	 
1.640000	 0.048551	 -0.005887	 0.001286	 -0.765303	 
1.630000	 0.048455	 -0.006444	 0.000249	 -0.770798	 
1.620000	 0.049185	 -0.006787	 -0.000540	 -0.776833	 
1.610000	 0.048780	 -0.007741	 -0.001380	 -0.782905	 
1.600000	 0.049686	 -0.007665	 -0.004146	 -0.789647	 
1.590000	 0.049558	 -0.008444	 -0.001519	 -0.795153	 
1.580000	 0.049332	 -0.005783	 0.000250	 -0.800785	 
1.570000	 0.050297	 -0.007524	 0.000419	 -0.806423	 
1.560000	 0.049883	 -0.007923	 0.001497	 -0.812483	 
1.550000	 0.052024	 -0.007288	 0.000058	 -0.819152	 
1.540000	 0.051498	 -0.007393	 -0.001535	 -0.826418	 
1.530000	 0.052356	 -0.009116	 -0.004824	 -0.833041	 
1.520000	 0.051864	 -0.007167	 -0.003151	 -0.840175	 
1.510000	 0.051870	 -0.005325	 -0.000872	 -0.846195	 
1.500000	 0.051121	 -0.006805	 0.001082	 -0.852090	 
1.490000	 0.052872	 -0.008481	 0.002912	 -0.858880	 
1.480000	 0.055051	 -0.010539	 0.003084	 -0.866424	 
1.470000	 0.055659	 -0.009254	 -0.001004	 -0.874397	 
1.460000	 0.053789	 -0.010718	 -0.002513	 -0.882247	 
1.450000	 0.055079	 -0.009563	 -0.005243	 -0.889756	 
1.440000	 0.055897	 -0.008214	 -0.002783	 -0.896908	 
1.430000	 0.054624	 -0.007362	 -0.000623	 -0.903410	 
1.420000	 0.056604	 -0.009758	 0.001580	 -0.911329	 
1.410000	 0.057936	 -0.012454	 0.005630	 -0.918706	 
1.400000	 0.058901	 -0.011698	 -0.001622	 -0.927864	 
1.390000	 0.058273	 -0.010655	 -0.003117	 -0.936286	 
1.380000	 0.058337	 -0.011359	 -0.008301	 -0.945212	 
1.370000	 0.057985	 -0.012977	 -0.008009	 -0.952853	 
1.360000	 0.058086	 -0.010086	 -0.002350	 -0.961667	 
1.350000	 0.062164	 -0.010959	 0.008545	 -0.969118	 
1.340000	 0.062173	 -0.016005	 0.003990	 -0.978409	 
1.330000	 0.063492	 -0.016466	 0.001366	 -0.987261	 
1.320000	 0.062499	 -0.011175	 -0.004569	 -0.996296	 
1.310000	 0.062986	 -0.012148	 -0.009054	 -1.006666	 
1.300000	 0.064713	 -0.014469	 -0.005526	 -1.016814	 
1.290000	 0.065313	 -0.010711	 -0.005992	 -1.026235	 
1.280000	 0.063683	 -0.013902	 0.002059	 -1.034482	 
1.270000	 0.069323	 -0.015922	 0.001066	 -1.043794	 
1.260000	 0.072147	 -0.019243	 0.007661	 -1.053784	 
1.250000	 0.069103	 -0.014752	 -0.005990	 -1.065044	 
1.240000	 0.067194	 -0.018211	 0.002123	 -1.075602	 
1.230000	 0.072863	 -0.020272	 -0.015633	 -1.087106	 
1.220000	 0.071426	 -0.020619	 -0.010804	 -1.096830	 
1.210000	 0.072584	 -0.019049	 -0.002998	 -1.107213	 
1.200000	 0.075724	 -0.021773	 0.004022	 -1.117028	 
1.190000	 0.074618	 -0.020632	 0.008282	 -1.126989	 
1.180000	 0.080328	 -0.021601	 0.000051	 -1.139132	 
1.170000	 0.078682	 -0.020797	 -0.007457	 -1.151007	 
1.160000	 0.079134	 -0.025065	 -0.011574	 -1.163104	 
1.150000	 0.086370	 -0.025279	 -0.011077	 -1.175115	 
1.140000	 0.080411	 -0.022656	 -0.022352	 -1.185750	 
1.130000	 0.086752	 -0.027348	 -0.015532	 -1.195963	 
1.120000	 0.088278	 -0.030038	 0.007587	 -1.208566	 
1.110000	 0.088849	 -0.030034	 0.019241	 -1.218653	 
1.100000	 0.090230	 -0.022603	 0.012451	 -1.232178	 
1.090000	 0.084150	 -0.031389	 -0.017791	 -1.245534	 
1.080000	 0.096762	 -0.032948	 -0.029055	 -1.257501	 
1.070000	 0.116052	 -0.032362	 -0.041075	 -1.270773	 
1.060000	 0.105030	 -0.026070	 -0.020701	 -1.282118	 
1.050000	 0.122828	 -0.039467	 -0.050632	 -1.292948	 
1.040000	 0.116549	 -0.044449	 0.027102	 -1.306119	 
1.030000	 0.103312	 -0.035923	 0.021503	 -1.317869	 
1.020000	 0.140551	 -0.042981	 -0.064364	 -1.330046	 
1.010000	 0.237693	 -0.042321	 -0.226736	 -1.350462	 
1.000000	 0.150744	 -0.035706	 -0.067284	 -1.358856	 
0.990000	 0.155851	 -0.029777	 -0.057284	 -1.371344	 
0.980000	 0.125863	 -0.032717	 -0.007445	 -1.381387	 
0.970000	 0.118654	 -0.040546	 -0.035616	 -1.393501	 
0.960000	 0.184280	 -0.049083	 -0.156355	 -1.407419	 
0.950000	 0.211862	 -0.046159	 -0.181812	 -1.420707	 
0.940000	 0.433243	 -0.040528	 -0.429244	 -1.439136	 
0.930000	 0.459334	 -0.039196	 -0.455297	 -1.451419	 
0.920000	 0.506068	 -0.035940	 -0.502872	 -1.465600	 
0.910000	 0.518785	 -0.036880	 -0.515685	 -1.475666	 
0.900000	 0.553294	 -0.028660	 -0.551007	 -1.487483	 
0.890000	 0.529952	 -0.047021	 -0.526140	 -1.494237	 
0.880000	 0.562258	 -0.030298	 -0.559946	 -1.506807	 
0.870000	 0.587457	 -0.042864	 -0.583807	 -1.517886	 
0.860000	 0.594181	 -0.044013	 -0.591058	 -1.528438	 
0.850000	 0.607671	 -0.031900	 -0.605485	 -1.537530	 
0.840000	 0.616941	 -0.030777	 -0.614753	 -1.546663	 
0.830000	 0.618688	 -0.032284	 -0.616639	 -1.554437	 
0.820000	 0.625214	 -0.035738	 -0.622933	 -1.562913	 
0.810000	 0.634776	 -0.035063	 -0.632076	 -1.571677	 
0.800000	 0.631571	 -0.039190	 -0.628975	 -1.580080	 
0.790000	 0.646536	 -0.038410	 -0.644202	 -1.589866	 
0.780000	 0.657110	 -0.036608	 -0.654882	 -1.597965	 
0.770000	 0.659208	 -0.026551	 -0.657509	 -1.605450	 
0.760000	 0.658743	 -0.032038	 -0.656684	 -1.612327	 
0.750000	 0.666472	 -0.040250	 -0.664138	 -1.619898	 
0.740000	 0.666603	 -0.035858	 -0.664138	 -1.626830	 
0.730000	 0.676669	 -0.032158	 -0.674772	 -1.634860	 
0.720000	 0.678263	 -0.036245	 -0.675969	 -1.642620	 
0.710000	 0.686832	 -0.039785	 -0.684741	 -1.650318	 
0.700000	 0.693129	 -0.035463	 -0.691252	 -1.657501	 
0.690000	 0.694379	 -0.029575	 -0.692850	 -1.664312	 
0.680000	 0.695529	 -0.028442	 -0.693961	 -1.670640	 
0.670000	 0.700293	 -0.031002	 -0.698679	 -1.677423	 
0.660000	 0.702507	 -0.034396	 -0.700804	 -1.684421	 
0.650000	 0.707517	 -0.037470	 -0.705678	 -1.691231	 
0.640000	 0.715600	 -0.038832	 -0.713790	 -1.698619	 
0.630000	 0.718876	 -0.035026	 -0.717135	 -1.705313	 
0.620000	 0.723641	 -0.035067	 -0.722013	 -1.711707	 
0.610000	 0.722169	 -0.037634	 -0.720209	 -1.717751	 
0.600000	 0.726046	 -0.034067	 -0.724551	 -1.724067	 
0.590000	 0.730073	 -0.032809	 -0.728621	 -1.730472	 
0.580000	 0.731468	 -0.033811	 -0.729997	 -1.736763	 
0.570000	 0.737123	 -0.037317	 -0.735323	 -1.743427	 
0.560000	 0.743153	 -0.037124	 -0.741468	 -1.750016	 
0.550000	 0.749542	 -0.037104	 -0.747973	 -1.756267	 
0.540000	 0.747549	 -0.033046	 -0.746070	 -1.762100	 
0.530000	 0.748418	 -0.031364	 -0.747056	 -1.767938	 
0.520000	 0.753955	 -0.033023	 -0.752572	 -1.773787	 
0.510000	 0.755930	 -0.035141	 -0.754342	 -1.779991	 
0.500000	 0.760106	 -0.034123	 -0.758598	 -1.786599	 
0.490000	 0.766394	 -0.033456	 -0.765139	 -1.792704	 
0.480000	 0.770065	 -0.039617	 -0.768587	 -1.798700	 
0.470000	 0.770600	 -0.030457	 -0.769477	 -1.804489	 
0.460000	 0.770160	 -0.039446	 -0.768612	 -1.809844	 
0.450000	 0.773316	 -0.032467	 -0.772049	 -1.815959	 
0.440000	 0.774302	 -0.031583	 -0.773188	 -1.821387	 
0.430000	 0.780073	 -0.030570	 -0.778883	 -1.827478	 
0.420000	 0.785553	 -0.031134	 -0.784395	 -1.833392	 
0.410000	 0.789018	 -0.037253	 -0.787727	 -1.839392	 
0.400000	 0.790965	 -0.034694	 -0.789893	 -1.844925	 
0.390000	 0.794635	 -0.028851	 -0.793721	 -1.850459	 
0.380000	 0.795141	 -0.032702	 -0.794173	 -1.856081	 
0.370000	 0.798909	 -0.031207	 -0.797813	 -1.861657	 
0.360000	 0.802354	 -0.038097	 -0.800986	 -1.867372	 
0.350000	 0.804173	 -0.032837	 -0.803048	 -1.873092	 
0.340000	 0.808806	 -0.036803	 -0.807707	 -1.878813	 
0.330000	 0.812452	 -0.035130	 -0.811483	 -1.884405	 
0.320000	 0.813856	 -0.031044	 -0.813024	 -1.889701	 
0.310000	 0.815082	 -0.029056	 -0.814303	 -1.895250	 
0.300000	 0.819666	 -0.035745	 -0.818595	 -1.900710	 
0.290000	 0.821737	 -0.035876	 -0.820596	 -1.906065	 
0.280000	 0.821818	 -0.035110	 -0.820837	 -1.911622	 
0.270000	 0.827764	 -0.034926	 -0.826812	 -1.917255	 
0.260000	 0.830287	 -0.031012	 -0.829513	 -1.922568	 
0.250000	 0.832168	 -0.037288	 -0.831177	 -1.927983	 
0.240000	 0.834685	 -0.034087	 -0.833806	 -1.933285	 
0.230000	 0.837226	 -0.034173	 -0.836371	 -1.938509	 
0.220000	 0.839449	 -0.032969	 -0.838607	 -1.943824	 
0.210000	 0.841996	 -0.036365	 -0.841006	 -1.949208	 
0.200000	 0.846974	 -0.032411	 -0.846231	 -1.954598	 
0.190000	 0.849687	 -0.033959	 -0.848926	 -1.959891	 
0.180000	 0.850543	 -0.033545	 -0.849783	 -1.965167	 
0.170000	 0.853284	 -0.036904	 -0.852408	 -1.970342	 
0.160000	 0.855156	 -0.033152	 -0.854383	 -1.975506	 
0.150000	 0.857972	 -0.033112	 -0.857245	 -1.980726	 
0.140000	 0.860832	 -0.029918	 -0.860237	 -1.985904	 
0.130000	 0.862931	 -0.034354	 -0.862180	 -1.991102	 
0.120000	 0.865066	 -0.031409	 -0.864436	 -1.996375	 
0.110000	 0.869298	 -0.036786	 -0.868470	 -2.001492	 
0.100000	 0.870369	 -0.034133	 -0.869661	 -2.006665	 
0.090000	 0.872794	 -0.035631	 -0.872018	 -2.011783	 
0.080000	 0.875086	 -0.032674	 -0.874433	 -2.016818	 
0.070000	 0.878585	 -0.035240	 -0.877838	 -2.021947	 
0.060000	 0.880549	 -0.034453	 -0.879841	 -2.027047	 
0.050000	 0.882948	 -0.035402	 -0.882217	 -2.032092	 
0.040000	 0.885184	 -0.032638	 -0.884571	 -2.037181	 
0.030000	 0.887877	 -0.034080	 -0.887213	 -2.042242	 
0.020000	 0.890033	 -0.036431	 -0.889278	 -2.047253	 
0.010000	 0.892566	 -0.033228	 -0.891943	 -2.052249	 
