-2.125454 2.125454 
0.000000 0.500000 0.014869 
0.000000 0.000000 0.000000 

0.056817 0.000000 
0.259634 0.000000 
0.010974 -0.000000 
1.226452 -0.000000 
-0.419559 0.000000 
0.806333 0.000000 
-0.216583 0.000000 
-0.533897 -0.000000 
-0.622614 0.000000 
0.908287 0.000000 
0.362642 0.000000 
-0.143380 0.000000 
-0.756981 0.000000 
0.174309 -0.000000 
0.502271 -0.000000 
-0.601875 -0.000000 
-0.706489 0.000000 
0.768656 0.000000 
-0.244617 0.000000 
-0.184201 0.000000 
-0.160300 0.000000 
-0.107933 -0.000000 
-0.134554 0.000000 
-0.345563 0.000000 
-1.027852 0.000000 
-0.254758 0.000000 
0.713352 0.000000 
0.259600 -0.000000 
-0.757205 0.000000 
0.188269 0.000000 
0.364723 0.000000 
0.101347 -0.000000 
0.090589 0.000000 
0.003364 -0.000000 
0.585177 0.000000 
-0.989785 -0.000000 
-1.449895 0.000000 
0.614543 0.000000 
-0.164684 0.000000 
0.787779 -0.000000 
0.299337 -0.000000 
0.065684 -0.000000 
0.715528 0.000000 
0.247313 -0.000000 
0.171624 0.000000 
-0.451380 0.000000 
-0.086467 0.000000 
0.257173 0.000000 
-1.238961 -0.000000 
0.199604 -0.000000 
-0.322916 0.000000 
-0.204026 -0.000000 
0.790715 0.000000 
0.688038 0.000000 
0.126485 0.000000 
-0.135206 0.000000 
-0.721750 0.000000 
-0.530807 -0.000000 
0.234665 -0.000000 
0.032527 0.000000 
-0.030349 0.000000 
0.314908 -0.000000 
-0.159147 0.000000 
-0.393196 0.000000 
0.468639 0.000000 
-0.225645 -0.000000 
-0.026498 0.000000 
-0.438471 -0.000000 
-0.490423 0.000000 
0.871899 0.000000 
-0.040549 0.000000 
-0.027615 0.000000 
-0.119832 0.000000 
0.233710 -0.000000 
-0.619757 -0.000000 
-0.629994 0.000000 
-0.086686 0.000000 
-0.477945 0.000000 
0.279784 0.000000 
-0.689613 0.000000 
-0.226293 0.000000 
0.292934 0.000000 
-0.394172 0.000000 
-0.747527 0.000000 
0.328746 0.000000 
-0.166607 0.000000 
-0.466554 -0.000000 
-0.265911 0.000000 
-0.358408 0.000000 
0.188218 -0.000000 
0.107125 -0.000000 
0.150885 0.000000 
0.734539 -0.000000 
-0.217475 -0.000000 
0.561740 -0.000000 
0.439177 -0.000000 
-0.096116 0.000000 
-0.326452 0.000000 
0.633310 0.000000 
0.392192 0.000000 
0.352250 0.000000 
0.000985 -0.000000 
-0.467446 -0.000000 
-0.832329 -0.000000 
-0.807391 0.000000 
0.111524 0.000000 
-0.237779 0.000000 
1.101164 0.000000 
-0.168628 -0.000000 
1.479417 0.000000 
-0.276600 -0.000000 
-0.469387 0.000000 
-0.030541 0.000000 
-0.032554 0.000000 
-1.227970 0.000000 
0.260679 0.000000 
-0.239475 -0.000000 
0.156797 0.000000 
-0.258560 0.000000 
-0.007761 -0.000000 
0.024810 0.000000 
-0.376687 -0.000000 
0.008037 -0.000000 
-0.646868 -0.000000 
0.577947 -0.000000 
0.867508 -0.000000 
0.228612 -0.000000 
-0.167569 0.000000 
-0.033404 0.000000 
0.229965 0.000000 
-0.833781 0.000000 
0.749946 -0.000000 
0.227590 0.000000 
-1.080657 -0.000000 
-0.702997 0.000000 
0.002315 0.000000 
-0.186552 -0.000000 
0.231043 0.000000 
0.976906 0.000000 
0.147668 0.000000 
-0.480006 0.000000 
0.204355 -0.000000 
0.426811 0.000000 
-0.431205 -0.000000 
0.067341 -0.000000 
0.596175 0.000000 
0.708587 0.000000 
0.433002 -0.000000 
0.231174 0.000000 
-1.054488 -0.000000 
0.031923 0.000000 
0.105702 0.000000 
-0.387138 -0.000000 
-0.410435 0.000000 
-0.428370 -0.000000 
0.395614 0.000000 
0.554795 0.000000 
-0.228567 0.000000 
0.332021 -0.000000 
-0.521286 0.000000 
-0.156917 -0.000000 
-0.735989 0.000000 
-0.300484 0.000000 
0.454925 -0.000000 
0.724613 0.000000 
-0.228886 0.000000 
0.760726 -0.000000 
0.083607 -0.000000 
-0.384783 0.000000 
-0.142236 -0.000000 
-0.247808 0.000000 
0.054121 0.000000 
-0.407320 -0.000000 
-0.291745 0.000000 
0.409330 0.000000 
0.585511 -0.000000 
0.201140 0.000000 
0.581129 0.000000 
0.935602 -0.000000 
-0.009992 -0.000000 
-0.596843 -0.000000 
-0.185644 -0.000000 
0.221178 -0.000000 
0.853450 -0.000000 
1.103250 0.000000 
-0.039279 0.000000 
0.376329 0.000000 
0.466489 -0.000000 
0.212967 0.000000 
-0.805959 -0.000000 
0.352330 -0.000000 
-0.308748 -0.000000 
-0.882773 -0.000000 
0.051190 0.000000 
0.091400 0.000000 
0.192829 0.000000 
0.664142 0.000000 
0.450943 0.000000 
-0.214864 0.000000 
-0.082938 0.000000 
-0.596695 0.000000 
-0.623219 0.000000 
0.027773 -0.000000 
0.436269 0.000000 
-0.572016 0.000000 
-0.623302 0.000000 
-0.871052 0.000000 
0.088158 0.000000 
-0.269847 -0.000000 
-0.281072 0.000000 
-0.594026 -0.000000 
0.201434 -0.000000 
-0.487038 0.000000 
-0.985361 -0.000000 
0.108981 0.000000 
-0.249374 0.000000 
0.565868 0.000000 
0.157605 0.000000 
0.648133 -0.000000 
-0.375564 0.000000 
-0.241197 0.000000 
0.310765 0.000000 
-0.171438 0.000000 
0.023650 0.000000 
0.058767 0.000000 
0.640352 -0.000000 
1.013818 0.000000 
-0.136678 0.000000 
0.519975 0.000000 
0.677079 -0.000000 
-0.064483 0.000000 
-0.567343 0.000000 
-0.365346 0.000000 
0.197376 0.000000 
-0.462424 0.000000 
-0.089895 0.000000 
0.154497 0.000000 
0.335734 0.000000 
-0.836670 0.000000 
-0.517275 -0.000000 
0.752217 0.000000 
-0.288376 0.000000 
0.143092 0.000000 
0.124159 0.000000 
0.474128 -0.000000 
-0.159066 0.000000 
-0.298080 0.000000 
-0.404642 0.000000 
0.129132 -0.000000 
-0.368234 0.000000 
-0.169201 0.000000 
0.158300 0.000000 
0.282240 0.000000 
-0.544342 -0.000000 
0.766283 0.000000 
-0.280690 0.000000 
0.010466 0.000000 
-0.112650 0.000000 
-0.279078 0.000000 
-0.076840 0.000000 
-0.200205 0.000000 
0.287446 -0.000000 
0.894585 0.000000 
-0.381058 0.000000 
-0.324610 -0.000000 
0.300165 0.000000 
0.401535 0.000000 
1.078168 -0.000000 
-0.290839 -0.000000 
-0.431256 0.000000 
1.015364 -0.000000 
-0.147688 0.000000 
-0.824641 -0.000000 
0.692228 -0.000000 
0.203384 0.000000 
0.596856 0.000000 
0.154439 -0.000000 
0.670152 0.000000 
-0.390423 0.000000 
-0.189531 0.000000 
-0.512205 0.000000 
0.411565 -0.000000 
0.126818 0.000000 
-0.015247 0.000000 
-0.272008 0.000000 
0.494327 0.000000 
0.476179 0.000000 
-0.385899 0.000000 
0.195182 -0.000000 
0.992016 0.000000 
-0.496563 0.000000 
0.958428 0.000000 
0.315891 0.000000 
-0.814302 -0.000000 
-0.209685 -0.000000 
-0.368824 0.000000 
1.140273 -0.000000 
-0.329786 0.000000 
0.803924 -0.000000 
0.312490 0.000000 
-0.658766 -0.000000 
-1.129019 0.000000 
0.706968 -0.000000 
0.067650 0.000000 
0.017618 -0.000000 
0.766829 0.000000 
-0.712079 0.000000 
1.134160 0.000000 
0.213692 0.000000 
-0.756153 0.000000 
-0.012551 0.000000 
0.267196 0.000000 
-0.029756 0.000000 
0.048193 0.000000 
-0.285024 0.000000 
-0.151984 -0.000000 
0.140334 -0.000000 
0.447769 -0.000000 
-0.322845 0.000000 
0.256704 -0.000000 
-0.136002 0.000000 
0.133184 0.000000 
0.078517 0.000000 
0.169440 0.000000 
-0.059126 -0.000000 
0.660925 -0.000000 
0.614756 0.000000 
0.044076 0.000000 
-0.503396 0.000000 
0.286911 0.000000 
0.658269 0.000000 
0.086568 -0.000000 
0.479660 0.000000 
-0.338078 -0.000000 
-0.200646 -0.000000 
-1.238850 0.000000 
0.283077 -0.000000 
0.485042 0.000000 
-0.380465 0.000000 
-0.302201 0.000000 
-0.773114 0.000000 
0.818639 0.000000 
0.047629 0.000000 
-0.186613 0.000000 
-0.083554 -0.000000 
0.076084 0.000000 
-0.043731 0.000000 
0.610129 -0.000000 
0.392117 0.000000 
0.417095 0.000000 
0.474193 0.000000 
-0.846394 0.000000 
0.998851 0.000000 
0.553811 0.000000 
0.725617 0.000000 
0.932772 -0.000000 
-0.270400 0.000000 
-0.431246 0.000000 
-1.256063 -0.000000 
-0.357272 0.000000 
0.353884 0.000000 
-0.473509 -0.000000 
-0.548904 0.000000 
0.496135 0.000000 
0.421306 0.000000 
-0.203810 -0.000000 
-0.083420 0.000000 
0.389306 -0.000000 
0.330496 0.000000 
-0.235735 -0.000000 
-0.264199 0.000000 
0.117675 0.000000 
0.014643 0.000000 
-0.276703 -0.000000 
0.333601 0.000000 
0.425628 0.000000 
-0.856078 0.000000 
0.207355 0.000000 
-0.143371 0.000000 
0.300062 0.000000 
0.310337 -0.000000 
-0.384951 0.000000 
-0.181911 -0.000000 
0.153903 0.000000 
-0.734505 0.000000 
0.003982 -0.000000 
0.550321 0.000000 
-0.378729 0.000000 
0.221379 0.000000 
0.296711 0.000000 
-0.455789 0.000000 
0.423293 -0.000000 
0.089412 0.000000 
0.931448 0.000000 
-0.108463 -0.000000 
0.792147 0.000000 
-0.259321 -0.000000 
0.716494 0.000000 
-0.361525 -0.000000 
0.037570 -0.000000 
-0.193144 0.000000 
0.213044 -0.000000 
0.263480 -0.000000 
0.698795 -0.000000 
0.143619 -0.000000 
-1.327751 0.000000 
0.610099 0.000000 
-0.577566 0.000000 
0.389584 0.000000 
-0.025571 -0.000000 
-0.720250 0.000000 
-0.213913 -0.000000 
0.369000 0.000000 
0.245861 0.000000 
1.137927 -0.000000 
-0.192493 0.000000 
0.460109 0.000000 
0.639528 0.000000 
-0.284829 0.000000 
0.184462 0.000000 
-0.464680 -0.000000 
0.467077 0.000000 
-0.038447 0.000000 
-0.212023 -0.000000 
0.467253 -0.000000 
-0.472100 0.000000 
0.256380 0.000000 
0.121828 0.000000 
0.187406 -0.000000 
-0.011866 -0.000000 
0.088187 -0.000000 
-0.217215 0.000000 
0.230649 -0.000000 
-0.585770 0.000000 
0.333641 0.000000 
-0.641948 0.000000 
0.257723 0.000000 
0.258644 0.000000 
-0.038411 0.000000 
-0.025427 0.000000 
-0.068158 0.000000 
0.556523 -0.000000 
0.213325 0.000000 
-0.510682 0.000000 
-0.382941 0.000000 
-0.163004 -0.000000 
0.493834 0.000000 
-0.518286 -0.000000 
-1.148569 0.000000 
0.773226 0.000000 
-0.809969 -0.000000 
-0.352806 0.000000 
-0.216328 0.000000 
-0.015322 0.000000 
0.153274 -0.000000 
-0.888126 0.000000 
-1.021076 -0.000000 
0.048465 0.000000 
-0.799181 0.000000 
-0.852762 0.000000 
0.755956 -0.000000 
-0.467755 0.000000 
0.324616 -0.000000 
-0.275899 -0.000000 
-0.509282 0.000000 
0.879049 0.000000 
0.400431 -0.000000 
-0.571067 -0.000000 
0.980775 0.000000 
-0.595764 0.000000 
0.380302 0.000000 
-0.588135 0.000000 
-0.002727 0.000000 
0.425907 0.000000 
-0.227928 0.000000 
-0.438779 0.000000 
-0.430090 -0.000000 
-0.449756 0.000000 
0.895874 0.000000 
0.384464 0.000000 
-0.812917 -0.000000 
-0.110991 0.000000 
-1.271177 -0.000000 
-0.163065 0.000000 
0.510439 0.000000 
-0.508549 0.000000 
0.261935 0.000000 
-0.443825 0.000000 
-0.956063 -0.000000 
0.595628 0.000000 
-0.330904 0.000000 
-0.188283 0.000000 
0.040210 0.000000 
0.367075 -0.000000 
-0.219470 -0.000000 
-0.335957 -0.000000 
-0.355735 0.000000 
0.018277 0.000000 
-0.356748 0.000000 
-0.889802 0.000000 
0.335675 0.000000 
0.019927 -0.000000 
0.660265 0.000000 
0.113050 -0.000000 
0.317497 -0.000000 
0.063841 -0.000000 
0.398830 -0.000000 
0.044334 0.000000 
1.254588 0.000000 
0.481724 0.000000 
0.429201 0.000000 
-0.665476 -0.000000 
0.175922 0.000000 
0.592282 0.000000 
0.320898 0.000000 
0.673393 -0.000000 
0.513028 -0.000000 
0.330705 0.000000 
0.703500 0.000000 
0.321538 0.000000 
-0.008944 -0.000000 
-0.456498 -0.000000 
-0.013102 0.000000 
-1.022542 0.000000 
0.241563 0.000000 
0.448549 0.000000 
0.492018 0.000000 
-0.579103 0.000000 
-0.030837 -0.000000 
0.055218 0.000000 
-0.110416 -0.000000 
-0.378142 -0.000000 
-0.892529 0.000000 
-0.658335 0.000000 
-0.428203 -0.000000 
-0.163181 0.000000 
-0.009964 -0.000000 
-0.417287 -0.000000 
0.646190 0.000000 
0.184618 -0.000000 
-0.452028 0.000000 
0.105040 -0.000000 
0.174746 0.000000 
-0.148338 -0.000000 
0.415883 0.000000 
-0.175225 0.000000 
0.360759 0.000000 
-0.606457 0.000000 
-0.221118 0.000000 
-0.953089 -0.000000 
-0.602072 -0.000000 
0.479716 0.000000 
0.112989 -0.000000 
0.157349 -0.000000 
0.437582 0.000000 
0.466873 0.000000 
-0.156729 0.000000 
-0.485200 0.000000 
-0.546622 -0.000000 
0.074554 0.000000 
0.610109 -0.000000 
0.598864 0.000000 
-0.724027 0.000000 
-0.087512 0.000000 
-0.156017 0.000000 
-0.488156 0.000000 
-0.809988 0.000000 
0.561365 0.000000 
0.041923 0.000000 
0.138929 0.000000 
-0.581804 -0.000000 
0.641053 0.000000 
0.074744 -0.000000 
-0.254571 0.000000 
0.185772 -0.000000 
-0.240017 -0.000000 
-0.511410 -0.000000 
1.292118 -0.000000 
1.056427 -0.000000 
0.224722 -0.000000 
0.007789 0.000000 
-0.281823 0.000000 
0.064755 0.000000 
-0.033390 0.000000 
0.861950 -0.000000 
0.449092 0.000000 
0.100997 -0.000000 
0.186394 0.000000 
-0.033223 0.000000 
0.745471 -0.000000 
0.243277 0.000000 
0.738381 -0.000000 
0.080521 0.000000 
-0.734043 0.000000 
0.810229 0.000000 
-0.506448 0.000000 
-0.726914 0.000000 
0.293630 0.000000 
-1.183070 0.000000 
-0.248637 -0.000000 
-0.419855 -0.000000 
0.088393 -0.000000 
-0.711249 0.000000 
0.356365 -0.000000 
0.040279 0.000000 
0.552326 0.000000 
-0.466365 0.000000 
0.188205 0.000000 
-0.477237 0.000000 
0.598488 -0.000000 
0.121917 0.000000 
1.119618 0.000000 
0.293668 0.000000 
0.532115 -0.000000 
0.242235 0.000000 
0.128969 -0.000000 
-0.872306 -0.000000 
0.025009 0.000000 
-0.160118 0.000000 
0.453365 0.000000 
-0.212580 0.000000 
-0.077428 0.000000 
0.392698 0.000000 
0.201823 0.000000 
-0.160449 -0.000000 
0.088351 0.000000 
0.184668 0.000000 
-0.080698 0.000000 
0.376457 -0.000000 
0.167346 0.000000 
-0.126869 -0.000000 
-0.330535 0.000000 
-0.404160 0.000000 
0.031105 -0.000000 
-0.310358 0.000000 
-0.483519 0.000000 
-0.241553 0.000000 
0.718997 0.000000 
-0.842087 0.000000 
0.047976 0.000000 
0.084792 0.000000 
0.375888 0.000000 
0.866866 0.000000 
-0.210854 -0.000000 
0.340159 0.000000 
-0.319418 0.000000 
0.624910 0.000000 
-1.218640 0.000000 
-0.251706 -0.000000 
0.660234 0.000000 
0.387278 0.000000 
-0.241571 0.000000 
0.692559 0.000000 
0.313347 -0.000000 
0.002602 0.000000 
0.822325 -0.000000 
0.492104 0.000000 
0.223831 -0.000000 
0.174134 0.000000 
-0.094136 -0.000000 
0.126551 0.000000 
-0.254644 0.000000 
0.257399 -0.000000 
0.199922 -0.000000 
-0.780726 -0.000000 
-0.239886 -0.000000 
-0.155010 0.000000 
1.033629 0.000000 
-0.417209 -0.000000 
0.121015 0.000000 
0.344733 0.000000 
0.131431 -0.000000 
0.434398 -0.000000 
0.677475 -0.000000 
-0.398290 -0.000000 
-0.486589 -0.000000 
0.525432 0.000000 
-0.032375 0.000000 
0.005232 0.000000 
0.282271 -0.000000 
-0.257459 0.000000 
0.167885 0.000000 
1.138163 0.000000 
-0.333735 0.000000 
0.225911 -0.000000 
0.272986 -0.000000 
-0.055610 -0.000000 
-0.697652 -0.000000 
-0.349398 0.000000 
-0.220873 -0.000000 
-0.655495 -0.000000 
0.587236 0.000000 
0.590726 0.000000 
0.172163 0.000000 
-0.956165 0.000000 
-0.621295 0.000000 
0.190273 0.000000 
-0.251353 0.000000 
0.253693 0.000000 
-0.489653 0.000000 
-0.543235 0.000000 
0.008595 0.000000 
-0.820161 0.000000 
-0.549671 -0.000000 
0.310881 0.000000 
0.462514 -0.000000 
-1.284585 0.000000 
-0.260536 0.000000 
-0.055903 0.000000 
0.550663 -0.000000 
1.050566 -0.000000 
-0.395804 0.000000 
-0.671104 0.000000 
-0.043170 0.000000 
0.085673 0.000000 
-0.849288 0.000000 
0.103442 -0.000000 
-0.782297 0.000000 
0.005995 -0.000000 
0.100428 0.000000 
-0.941594 0.000000 
0.221432 0.000000 
0.687416 0.000000 
0.528541 0.000000 
-0.253573 0.000000 
0.009472 0.000000 
-0.058323 -0.000000 
0.763224 0.000000 
-1.123537 0.000000 
-0.076280 -0.000000 
-0.256789 -0.000000 
1.169830 0.000000 
0.184003 0.000000 
-0.028773 -0.000000 
-0.645741 0.000000 
0.042994 0.000000 
0.386229 0.000000 
-0.101797 0.000000 
0.255856 -0.000000 
0.147659 0.000000 
0.118100 0.000000 
0.261605 -0.000000 
-0.616259 0.000000 
-0.120442 0.000000 
-0.259630 0.000000 
-0.400517 0.000000 
1.094130 0.000000 
-0.702507 0.000000 
0.391214 -0.000000 
-0.679069 0.000000 
0.839987 0.000000 
0.220645 -0.000000 
1.156726 0.000000 
-1.015625 0.000000 
-0.456447 0.000000 
0.198477 0.000000 
-0.097818 0.000000 
0.075953 0.000000 
0.345945 0.000000 
0.193613 -0.000000 
-0.346139 -0.000000 
-0.222587 0.000000 
-0.569639 0.000000 
-0.114387 0.000000 
0.026098 -0.000000 
0.496720 0.000000 
-1.139793 -0.000000 
-0.095994 -0.000000 
-0.311827 0.000000 
0.619244 0.000000 
-0.156568 0.000000 
0.050175 -0.000000 
0.904033 0.000000 
0.015346 -0.000000 
-0.365125 -0.000000 
-0.050429 0.000000 
-0.399022 0.000000 
0.056184 0.000000 
-0.373206 -0.000000 
0.222156 0.000000 
0.598528 0.000000 
0.160469 0.000000 
0.010037 -0.000000 
0.164911 0.000000 
0.552499 0.000000 
-0.064017 0.000000 
0.678259 0.000000 
-0.215039 -0.000000 
-0.798808 0.000000 
-0.126117 0.000000 
0.137968 -0.000000 
0.076327 0.000000 
0.611913 -0.000000 
0.512568 0.000000 
1.406281 0.000000 
0.070016 0.000000 
-0.896511 0.000000 
-0.267286 0.000000 
0.177785 0.000000 
0.091104 0.000000 
0.605371 -0.000000 
-0.134581 0.000000 
-0.952065 0.000000 
-0.284879 0.000000 
-0.010614 -0.000000 
-0.612110 -0.000000 
0.451484 0.000000 
0.430498 0.000000 
0.133938 0.000000 
0.194399 0.000000 
-0.112948 0.000000 
0.496514 -0.000000 
-0.741644 0.000000 
0.000942 0.000000 
0.039955 -0.000000 
0.736386 -0.000000 
0.043285 0.000000 
0.291149 -0.000000 
-0.187203 -0.000000 
0.505625 0.000000 
0.246895 0.000000 
-0.031966 0.000000 
0.162096 0.000000 
-0.826794 0.000000 
-0.034112 0.000000 
-0.121043 0.000000 
1.170153 -0.000000 
-0.005729 -0.000000 
-0.956285 0.000000 
-0.155967 0.000000 
1.475809 0.000000 
-0.189179 0.000000 
0.386916 -0.000000 
0.266407 0.000000 
-0.458771 0.000000 
-0.302342 0.000000 
0.467807 -0.000000 
0.695526 0.000000 
0.690545 0.000000 
-0.897568 -0.000000 
-0.085674 0.000000 
0.328229 0.000000 
1.019357 -0.000000 
-0.077034 0.000000 
0.873594 0.000000 
-0.528653 0.000000 
-0.507887 0.000000 
1.133035 -0.000000 
0.159118 0.000000 
0.181137 0.000000 
-0.767582 0.000000 
-0.127046 0.000000 
0.773954 -0.000000 
-0.293055 -0.000000 
0.589936 0.000000 
0.821954 0.000000 
0.146087 0.000000 
-0.372978 -0.000000 
0.573126 -0.000000 
0.028062 -0.000000 
0.816270 0.000000 
0.066583 0.000000 
0.514013 0.000000 
-0.557089 -0.000000 
0.687731 0.000000 
-0.482919 -0.000000 
-0.514546 0.000000 
-1.008261 0.000000 
0.217175 -0.000000 
-0.105998 0.000000 
-0.453084 0.000000 
0.278623 0.000000 
0.463082 0.000000 
-0.654411 0.000000 
0.647319 0.000000 
0.340555 0.000000 
0.318545 0.000000 
-0.049970 0.000000 
-0.387125 -0.000000 
0.120217 0.000000 
0.189970 0.000000 
0.261040 0.000000 
-0.682972 0.000000 
0.182272 0.000000 
0.005261 0.000000 
-0.561018 0.000000 
0.515902 0.000000 
0.249798 0.000000 
0.053982 0.000000 
0.539676 -0.000000 
0.067345 0.000000 
0.413915 0.000000 
-0.089933 0.000000 
-0.589088 0.000000 
-1.091696 -0.000000 
0.365725 -0.000000 
0.299930 0.000000 
-0.255755 0.000000 
0.352613 0.000000 
0.159700 -0.000000 
-0.233398 -0.000000 
0.069894 0.000000 
-0.327926 -0.000000 
0.419020 0.000000 
-0.943954 0.000000 
-0.552334 0.000000 
-0.235641 0.000000 
0.229914 0.000000 
-0.814329 0.000000 
-0.714352 0.000000 
0.250699 -0.000000 
0.271014 -0.000000 
-0.342334 -0.000000 
0.641682 0.000000 
-0.293026 0.000000 
0.486776 0.000000 
-0.193168 0.000000 
0.540604 -0.000000 
-0.003702 -0.000000 
-0.274544 0.000000 
-0.357501 -0.000000 
0.136549 0.000000 
-0.017640 0.000000 
-0.055576 -0.000000 
0.247249 -0.000000 
-0.114950 0.000000 
0.527472 0.000000 
0.668864 0.000000 
-0.342056 0.000000 
0.777135 0.000000 
-0.673041 0.000000 
0.350337 0.000000 
0.660430 0.000000 
-0.705970 -0.000000 
0.201351 -0.000000 
-0.026926 -0.000000 
0.226609 0.000000 
-0.252928 -0.000000 
0.133854 -0.000000 
0.225064 -0.000000 
-0.028457 0.000000 
-0.107198 0.000000 
0.153005 0.000000 
0.284857 0.000000 
0.331587 0.000000 
-0.224483 0.000000 
0.040010 0.000000 
0.268950 0.000000 
-0.008563 0.000000 
-0.271146 0.000000 
-0.421814 -0.000000 
0.428946 -0.000000 
-0.545188 0.000000 
0.098171 0.000000 
-0.376086 0.000000 
0.094509 -0.000000 
-0.410125 0.000000 
0.489661 -0.000000 
-0.317112 0.000000 
-0.142090 0.000000 
-0.470730 -0.000000 
-0.743305 -0.000000 
0.343142 0.000000 
-0.026582 -0.000000 
-0.057760 0.000000 
-0.121002 0.000000 
0.265339 0.000000 
-0.371979 -0.000000 
0.387796 -0.000000 
0.817432 -0.000000 
0.315458 0.000000 
0.474363 -0.000000 
-0.630283 0.000000 
0.081492 0.000000 
-0.924588 0.000000 
0.359428 -0.000000 
-0.947484 0.000000 
0.703279 0.000000 
-0.006444 0.000000 
0.243470 0.000000 
0.498908 0.000000 
-0.226604 0.000000 
-0.818014 0.000000 
-0.383126 0.000000 
0.770334 0.000000 
0.918424 0.000000 
-0.193891 0.000000 
0.547837 0.000000 
-0.368661 0.000000 
-0.007712 0.000000 
-0.557784 0.000000 
-0.468641 0.000000 
0.481615 0.000000 
0.117041 -0.000000 
0.619051 0.000000 
-0.013788 0.000000 
-0.267344 0.000000 
0.621269 0.000000 
0.012445 0.000000 
-0.158543 0.000000 
0.333629 0.000000 
0.297150 0.000000 
0.754147 0.000000 
-0.159766 0.000000 
0.574214 -0.000000 
0.033190 0.000000 
0.005989 0.000000 
-0.628205 0.000000 
-0.538328 -0.000000 
0.290161 -0.000000 
0.645017 -0.000000 
-0.353351 0.000000 
-0.329932 -0.000000 
-0.527183 0.000000 
0.480794 0.000000 
1.035565 -0.000000 
0.038799 0.000000 
-0.262439 -0.000000 
-1.107951 0.000000 
0.059682 0.000000 
-0.167237 -0.000000 
0.129292 0.000000 
0.081255 0.000000 
1.049324 -0.000000 
