T	 |m|	 <m[0]>	 <m[1]>	 <E>	 dim_{Lat}=2	 L=128,128	 J=1.000000,1.000000	 {/Symbol s}_J=0.000000,0.000000	 <J_{ij}>=0.000000,0.000000	 dim_{Spin}=2	 h=0.062500,0.000000	 {/Symbol s}_h=0.500000,0.000000	 <h_i>=-0.001005,0.000000	 order=1.000000,0.000000	 order_h=0	 order_r=1	 (thermalizing-MCS,averaging-MCS)/{/Symbol D}T=(128000,12800)/0.010000	 
Cooling... 
2.000000	 0.068105	 0.056555	 -0.000276	 -0.614798	 
1.990000	 0.069645	 0.058766	 -0.001359	 -0.619478	 
1.980000	 0.069778	 0.058626	 -0.001270	 -0.623747	 
1.970000	 0.071225	 0.059963	 -0.002643	 -0.627789	 
1.960000	 0.071846	 0.061418	 -0.001035	 -0.631319	 
1.950000	 0.072780	 0.062637	 0.000028	 -0.634474	 
1.940000	 0.072597	 0.061865	 0.000422	 -0.638036	 
1.930000	 0.072831	 0.062141	 0.000533	 -0.641111	 
1.920000	 0.074485	 0.063967	 -0.001492	 -0.645991	 
1.910000	 0.075809	 0.065519	 -0.001039	 -0.650595	 
1.900000	 0.075909	 0.065566	 -0.002562	 -0.654716	 
1.890000	 0.076820	 0.066705	 -0.002229	 -0.658781	 
1.880000	 0.078994	 0.068771	 -0.001463	 -0.663020	 
1.870000	 0.078892	 0.069049	 0.001685	 -0.666506	 
1.860000	 0.079006	 0.069096	 -0.000233	 -0.670666	 
1.850000	 0.080149	 0.070140	 -0.000188	 -0.674875	 
1.840000	 0.082646	 0.073075	 -0.000589	 -0.680235	 
1.830000	 0.082774	 0.073020	 -0.002408	 -0.684679	 
1.820000	 0.084040	 0.074352	 -0.002393	 -0.690049	 
1.810000	 0.086736	 0.077494	 -0.001662	 -0.694079	 
1.800000	 0.087750	 0.078658	 -0.000457	 -0.698319	 
1.790000	 0.087109	 0.078019	 0.000059	 -0.702566	 
1.780000	 0.088208	 0.078734	 0.000937	 -0.706777	 
1.770000	 0.090298	 0.081261	 -0.002681	 -0.712630	 
1.760000	 0.091140	 0.082274	 -0.000901	 -0.717845	 
1.750000	 0.092249	 0.083204	 -0.003044	 -0.722642	 
1.740000	 0.094588	 0.085816	 -0.002247	 -0.728231	 
1.730000	 0.097021	 0.088546	 -0.000704	 -0.733244	 
1.720000	 0.096701	 0.087888	 0.000453	 -0.737450	 
1.710000	 0.098009	 0.089683	 -0.001201	 -0.742353	 
1.700000	 0.100964	 0.092191	 -0.000643	 -0.748518	 
1.690000	 0.102086	 0.093912	 -0.000630	 -0.754063	 
1.680000	 0.103214	 0.094970	 -0.003753	 -0.759996	 
1.670000	 0.105370	 0.097223	 -0.001733	 -0.765739	 
1.660000	 0.108124	 0.099929	 -0.002346	 -0.771656	 
1.650000	 0.109337	 0.102011	 0.001927	 -0.776501	 
1.640000	 0.111225	 0.102856	 0.001240	 -0.782256	 
1.630000	 0.112311	 0.104387	 -0.000479	 -0.787830	 
1.620000	 0.116284	 0.108328	 -0.001238	 -0.794876	 
1.610000	 0.116680	 0.109216	 -0.001997	 -0.801153	 
1.600000	 0.118278	 0.110584	 -0.004348	 -0.808229	 
1.590000	 0.121840	 0.113838	 -0.002914	 -0.814145	 
1.580000	 0.126084	 0.118827	 0.000341	 -0.821097	 
1.570000	 0.126780	 0.119080	 -0.000322	 -0.826362	 
1.560000	 0.128588	 0.121215	 0.000462	 -0.832988	 
1.550000	 0.131778	 0.124106	 -0.000286	 -0.840518	 
1.540000	 0.134391	 0.127105	 -0.000770	 -0.847152	 
1.530000	 0.136240	 0.128591	 -0.004033	 -0.854293	 
1.520000	 0.139879	 0.132757	 -0.003055	 -0.862363	 
1.510000	 0.145005	 0.138260	 -0.001560	 -0.869818	 
1.500000	 0.147433	 0.140683	 0.002720	 -0.875744	 
1.490000	 0.148732	 0.141368	 0.001133	 -0.882987	 
1.480000	 0.151462	 0.143636	 0.001787	 -0.890438	 
1.470000	 0.157876	 0.150738	 -0.001454	 -0.899382	 
1.460000	 0.159270	 0.152054	 -0.001404	 -0.907268	 
1.450000	 0.163087	 0.155884	 -0.005579	 -0.916083	 
1.440000	 0.167866	 0.160897	 -0.003784	 -0.924078	 
1.430000	 0.173424	 0.167089	 0.000290	 -0.931798	 
1.420000	 0.176070	 0.169079	 -0.000420	 -0.939680	 
1.410000	 0.177701	 0.170926	 0.005161	 -0.947018	 
1.400000	 0.184304	 0.177511	 -0.002455	 -0.957975	 
1.390000	 0.187239	 0.180635	 -0.004069	 -0.966681	 
1.380000	 0.193021	 0.186182	 -0.007787	 -0.976446	 
1.370000	 0.196224	 0.189298	 -0.005042	 -0.985237	 
1.360000	 0.202859	 0.196526	 -0.003009	 -0.994057	 
1.350000	 0.208404	 0.201976	 0.005008	 -1.002543	 
1.340000	 0.211086	 0.204425	 0.002324	 -1.011578	 
1.330000	 0.215766	 0.209114	 -0.001397	 -1.021382	 
1.320000	 0.223831	 0.217766	 -0.004785	 -1.032696	 
1.310000	 0.230913	 0.224188	 -0.005517	 -1.044097	 
1.300000	 0.235899	 0.228851	 -0.006332	 -1.053916	 
1.290000	 0.241993	 0.235263	 -0.007903	 -1.064412	 
1.280000	 0.246194	 0.240660	 -0.000961	 -1.073255	 
1.270000	 0.255322	 0.248566	 0.000569	 -1.084024	 
1.260000	 0.260170	 0.253150	 0.005116	 -1.093833	 
1.250000	 0.268524	 0.261918	 -0.006584	 -1.106481	 
1.240000	 0.274768	 0.268248	 -0.003921	 -1.117500	 
1.230000	 0.280365	 0.273499	 -0.010850	 -1.128859	 
1.220000	 0.287711	 0.279996	 -0.011740	 -1.139195	 
1.210000	 0.296033	 0.289807	 -0.009313	 -1.151049	 
1.200000	 0.303538	 0.296300	 0.001458	 -1.162273	 
1.190000	 0.309485	 0.302854	 -0.003007	 -1.173058	 
1.180000	 0.320422	 0.312871	 -0.004972	 -1.185320	 
1.170000	 0.329027	 0.321828	 -0.002099	 -1.197519	 
1.160000	 0.337251	 0.330158	 -0.012598	 -1.210947	 
1.150000	 0.345496	 0.336297	 -0.014037	 -1.222405	 
1.140000	 0.353004	 0.345066	 -0.015519	 -1.234902	 
1.130000	 0.362644	 0.356009	 -0.003421	 -1.246350	 
1.120000	 0.369745	 0.363167	 -0.000176	 -1.257317	 
1.110000	 0.377105	 0.369568	 0.013199	 -1.268478	 
1.100000	 0.384922	 0.377374	 -0.000143	 -1.282627	 
1.090000	 0.395102	 0.386468	 -0.013420	 -1.295904	 
1.080000	 0.401168	 0.392032	 -0.020652	 -1.307000	 
1.070000	 0.411105	 0.401877	 -0.015429	 -1.319197	 
1.060000	 0.419147	 0.410197	 -0.010002	 -1.332165	 
1.050000	 0.429866	 0.420031	 -0.020144	 -1.342751	 
1.040000	 0.435668	 0.427549	 0.000206	 -1.354029	 
1.030000	 0.442032	 0.435639	 0.010022	 -1.366295	 
1.020000	 0.451218	 0.443207	 -0.018297	 -1.378159	 
1.010000	 0.459129	 0.446740	 -0.065155	 -1.391868	 
1.000000	 0.466634	 0.453381	 -0.022011	 -1.402185	 
0.990000	 0.482991	 0.470624	 -0.056963	 -1.414069	 
0.980000	 0.488463	 0.477643	 -0.007656	 -1.425297	 
0.970000	 0.491414	 0.478100	 0.026208	 -1.435698	 
0.960000	 0.496811	 0.488353	 -0.035789	 -1.446095	 
0.950000	 0.500839	 0.488670	 -0.048200	 -1.457643	 
0.940000	 0.511230	 0.502462	 -0.030921	 -1.468691	 
0.930000	 0.519344	 0.501343	 -0.103002	 -1.479223	 
0.920000	 0.520233	 0.505861	 -0.051578	 -1.489680	 
0.910000	 0.527942	 0.517990	 -0.050759	 -1.498606	 
0.900000	 0.527644	 0.517211	 -0.001506	 -1.509090	 
0.890000	 0.527121	 0.512936	 -0.077393	 -1.518493	 
0.880000	 0.532397	 0.521061	 -0.068443	 -1.529441	 
0.870000	 0.579634	 0.519127	 -0.247216	 -1.539323	 
0.860000	 0.545177	 0.518684	 -0.139930	 -1.548261	 
0.850000	 0.581535	 0.526100	 -0.227205	 -1.556618	 
0.840000	 0.565151	 0.530335	 -0.167559	 -1.566416	 
0.830000	 0.564523	 0.540022	 -0.141668	 -1.574196	 
0.820000	 0.561944	 0.545052	 0.008867	 -1.582401	 
0.810000	 0.557577	 0.543129	 -0.066356	 -1.591466	 
0.800000	 0.565166	 0.548054	 -0.121628	 -1.598943	 
0.790000	 0.603584	 0.534249	 -0.275971	 -1.608600	 
0.780000	 0.555549	 0.547054	 -0.068294	 -1.616254	 
0.770000	 0.609396	 0.546833	 -0.260427	 -1.624547	 
0.760000	 0.599097	 0.551563	 -0.227502	 -1.632087	 
0.750000	 0.606284	 0.567215	 -0.204325	 -1.638887	 
0.740000	 0.639745	 0.552954	 -0.314758	 -1.647221	 
0.730000	 0.657297	 0.551691	 -0.351003	 -1.655067	 
0.720000	 0.662193	 0.546614	 -0.370567	 -1.662649	 
0.710000	 0.663398	 0.541583	 -0.377235	 -1.669982	 
0.700000	 0.631175	 0.553747	 -0.293333	 -1.676490	 
0.690000	 0.673502	 0.550863	 -0.380085	 -1.683419	 
0.680000	 0.629098	 0.572895	 -0.252707	 -1.689792	 
0.670000	 0.669746	 0.553121	 -0.368792	 -1.697454	 
0.660000	 0.683335	 0.555393	 -0.392183	 -1.704107	 
0.650000	 0.684748	 0.553124	 -0.398853	 -1.711168	 
0.640000	 0.702386	 0.545683	 -0.438948	 -1.718478	 
0.630000	 0.705799	 0.537874	 -0.454627	 -1.725116	 
0.620000	 0.710377	 0.550549	 -0.444433	 -1.731234	 
0.610000	 0.711435	 0.562899	 -0.431156	 -1.737422	 
0.600000	 0.714267	 0.561727	 -0.437307	 -1.744015	 
0.590000	 0.732434	 0.556879	 -0.472466	 -1.750740	 
0.580000	 0.725091	 0.559139	 -0.459433	 -1.756951	 
0.570000	 0.737573	 0.548310	 -0.491680	 -1.763706	 
0.560000	 0.746543	 0.533627	 -0.520587	 -1.770366	 
0.550000	 0.749259	 0.539490	 -0.518324	 -1.776205	 
0.540000	 0.747926	 0.553255	 -0.499853	 -1.781977	 
0.530000	 0.735712	 0.569980	 -0.461711	 -1.787291	 
0.520000	 0.754478	 0.554410	 -0.509373	 -1.794134	 
0.510000	 0.764804	 0.553230	 -0.526558	 -1.800536	 
0.500000	 0.762674	 0.548414	 -0.527978	 -1.806465	 
0.490000	 0.770069	 0.539208	 -0.548046	 -1.813125	 
0.480000	 0.776980	 0.540119	 -0.557509	 -1.818821	 
0.470000	 0.773386	 0.555079	 -0.536822	 -1.824278	 
0.460000	 0.772417	 0.567792	 -0.521519	 -1.829933	 
0.450000	 0.780809	 0.568411	 -0.533808	 -1.835819	 
0.440000	 0.785964	 0.558506	 -0.551868	 -1.841969	 
0.430000	 0.789489	 0.544730	 -0.570355	 -1.847981	 
0.420000	 0.795385	 0.539647	 -0.583517	 -1.853957	 
0.410000	 0.796151	 0.545655	 -0.578752	 -1.859800	 
0.400000	 0.802074	 0.545402	 -0.586993	 -1.865370	 
0.390000	 0.799169	 0.555323	 -0.573763	 -1.870602	 
0.380000	 0.803218	 0.562194	 -0.572873	 -1.876183	 
0.370000	 0.807006	 0.559828	 -0.580169	 -1.882113	 
0.360000	 0.812246	 0.551181	 -0.595943	 -1.887843	 
0.350000	 0.816401	 0.544478	 -0.607742	 -1.893635	 
0.340000	 0.816193	 0.547820	 -0.604396	 -1.899248	 
0.330000	 0.826286	 0.544348	 -0.621058	 -1.904774	 
0.320000	 0.823858	 0.555580	 -0.607244	 -1.910036	 
0.310000	 0.824272	 0.561665	 -0.602539	 -1.915377	 
0.300000	 0.830487	 0.561930	 -0.610555	 -1.920853	 
0.290000	 0.833183	 0.559758	 -0.616763	 -1.926558	 
0.280000	 0.835763	 0.556362	 -0.623310	 -1.931951	 
0.270000	 0.838734	 0.549021	 -0.633726	 -1.937609	 
0.260000	 0.841644	 0.549922	 -0.636782	 -1.942975	 
0.250000	 0.843425	 0.554336	 -0.635158	 -1.948221	 
0.240000	 0.846619	 0.560024	 -0.634409	 -1.953488	 
0.230000	 0.847827	 0.564643	 -0.632124	 -1.958690	 
0.220000	 0.851875	 0.561347	 -0.640492	 -1.964175	 
0.210000	 0.855533	 0.555386	 -0.650377	 -1.969446	 
0.200000	 0.857215	 0.558224	 -0.650246	 -1.974917	 
0.190000	 0.861119	 0.554618	 -0.658540	 -1.980270	 
0.180000	 0.863466	 0.554949	 -0.661287	 -1.985531	 
0.170000	 0.867673	 0.559797	 -0.662682	 -1.990734	 
0.160000	 0.869527	 0.564042	 -0.661590	 -1.995777	 
0.150000	 0.870291	 0.561232	 -0.665007	 -2.000945	 
0.140000	 0.873107	 0.561089	 -0.668827	 -2.006184	 
0.130000	 0.876137	 0.561777	 -0.672182	 -2.011461	 
0.120000	 0.880253	 0.561122	 -0.678120	 -2.016737	 
0.110000	 0.881470	 0.557724	 -0.682517	 -2.021846	 
0.100000	 0.883120	 0.566443	 -0.677439	 -2.026952	 
0.090000	 0.886581	 0.563923	 -0.684044	 -2.032030	 
0.080000	 0.888307	 0.564882	 -0.685456	 -2.037154	 
0.070000	 0.891778	 0.565104	 -0.689823	 -2.042250	 
0.060000	 0.893040	 0.559947	 -0.695629	 -2.047383	 
0.050000	 0.896046	 0.563649	 -0.696531	 -2.052417	 
0.040000	 0.898413	 0.567018	 -0.696855	 -2.057482	 
0.030000	 0.901182	 0.563317	 -0.703414	 -2.062526	 
0.020000	 0.903494	 0.566528	 -0.703800	 -2.067566	 
0.010000	 0.905768	 0.568447	 -0.705176	 -2.072585	 
