-2.048356 2.048356 
0.000000 0.500000 -0.024048 
0.000000 0.000000 0.000000 

0.391277 0.000000 
-0.268288 -0.000000 
0.190859 0.000000 
-0.996281 -0.000000 
0.420106 0.000000 
-0.081797 0.000000 
0.094985 0.000000 
-0.027662 0.000000 
-0.500090 -0.000000 
-0.579338 0.000000 
-0.152746 0.000000 
0.302623 0.000000 
0.474140 0.000000 
-0.422082 -0.000000 
-0.174720 0.000000 
0.220614 0.000000 
0.384502 0.000000 
0.724831 0.000000 
-0.923586 0.000000 
0.270728 0.000000 
-0.283889 -0.000000 
-0.268685 0.000000 
1.370054 0.000000 
-0.306976 0.000000 
0.179460 0.000000 
-0.098202 -0.000000 
0.040035 0.000000 
0.034098 0.000000 
-0.481016 -0.000000 
0.095850 0.000000 
0.758359 0.000000 
0.585504 -0.000000 
-0.138242 0.000000 
0.431049 0.000000 
-0.333624 -0.000000 
0.031127 0.000000 
-0.343149 0.000000 
-1.151655 0.000000 
0.084220 -0.000000 
0.640559 -0.000000 
-0.020442 -0.000000 
-0.044442 -0.000000 
-0.405893 0.000000 
0.556318 -0.000000 
0.483352 0.000000 
-0.564578 -0.000000 
0.431034 0.000000 
-0.692982 0.000000 
0.337732 0.000000 
-0.178642 0.000000 
0.023614 -0.000000 
0.733429 0.000000 
0.628750 0.000000 
-0.692206 0.000000 
0.572625 0.000000 
-0.325061 0.000000 
0.225160 -0.000000 
0.189686 0.000000 
0.510467 -0.000000 
0.301720 0.000000 
-0.647563 -0.000000 
0.064034 0.000000 
-0.388046 0.000000 
0.120906 0.000000 
0.350799 0.000000 
0.378505 0.000000 
-0.346644 0.000000 
0.056645 0.000000 
-0.241647 0.000000 
-0.225422 0.000000 
0.027499 0.000000 
-0.701708 0.000000 
-0.200658 0.000000 
-0.396847 0.000000 
-0.328492 -0.000000 
-0.051421 0.000000 
-0.318845 0.000000 
-0.394839 -0.000000 
-0.513881 0.000000 
0.720240 0.000000 
-0.023080 0.000000 
-0.944894 0.000000 
-1.092795 0.000000 
-0.159565 0.000000 
-0.257339 0.000000 
-0.281627 0.000000 
-0.612935 0.000000 
0.317269 -0.000000 
0.402650 0.000000 
-0.949205 0.000000 
0.253248 0.000000 
0.311496 0.000000 
-0.062516 0.000000 
0.080080 -0.000000 
-0.419463 0.000000 
-0.173919 0.000000 
0.611790 0.000000 
-0.115308 0.000000 
0.090788 0.000000 
-0.463269 0.000000 
0.652081 -0.000000 
-0.769512 0.000000 
-0.425959 0.000000 
0.545068 0.000000 
1.229931 0.000000 
-0.450217 0.000000 
0.675919 -0.000000 
0.341142 0.000000 
-0.444501 0.000000 
1.149942 0.000000 
-0.600043 0.000000 
0.224849 0.000000 
0.139730 0.000000 
0.620010 -0.000000 
0.425852 0.000000 
-0.124096 0.000000 
-0.078336 0.000000 
0.114326 -0.000000 
-0.313819 -0.000000 
-0.263219 -0.000000 
0.369959 0.000000 
-0.992848 0.000000 
0.364897 0.000000 
0.779742 -0.000000 
-1.029693 0.000000 
-0.612260 0.000000 
-0.226132 0.000000 
0.208346 -0.000000 
-0.747156 0.000000 
-0.351150 -0.000000 
-0.241886 0.000000 
0.200276 0.000000 
-0.724015 -0.000000 
0.139526 -0.000000 
0.684797 0.000000 
0.431602 -0.000000 
-0.312042 0.000000 
-0.002919 -0.000000 
0.086773 0.000000 
-0.466904 0.000000 
0.115450 0.000000 
0.222598 0.000000 
0.775677 0.000000 
0.350380 -0.000000 
-0.570249 0.000000 
0.795230 -0.000000 
0.095163 0.000000 
0.687034 0.000000 
-0.197785 -0.000000 
-0.288530 0.000000 
-0.362493 0.000000 
0.541548 0.000000 
-0.203405 0.000000 
0.363260 -0.000000 
0.268254 0.000000 
0.204528 -0.000000 
0.679462 0.000000 
0.507874 0.000000 
0.111995 0.000000 
0.449753 0.000000 
1.027867 0.000000 
-0.621979 -0.000000 
-0.672011 0.000000 
0.231631 -0.000000 
0.018763 -0.000000 
-0.283668 0.000000 
-0.191864 -0.000000 
0.369782 -0.000000 
-0.410799 0.000000 
-0.282856 0.000000 
-0.030137 0.000000 
0.144443 -0.000000 
0.640100 0.000000 
-0.489830 -0.000000 
-0.150332 -0.000000 
0.184724 -0.000000 
0.362956 0.000000 
-0.219607 0.000000 
-0.653572 0.000000 
-0.492912 0.000000 
1.049532 0.000000 
0.192298 0.000000 
-0.021828 0.000000 
0.209812 0.000000 
-0.324924 0.000000 
-0.309526 0.000000 
0.390027 0.000000 
-0.026009 -0.000000 
0.127759 0.000000 
0.399724 0.000000 
-1.275421 0.000000 
0.348550 0.000000 
0.749251 0.000000 
-0.150613 0.000000 
0.837103 0.000000 
-0.855400 -0.000000 
-1.214702 -0.000000 
-0.700127 -0.000000 
-0.103782 0.000000 
-0.366033 0.000000 
-0.466079 -0.000000 
-0.913617 -0.000000 
-0.819526 0.000000 
0.646693 0.000000 
0.410477 -0.000000 
0.187013 -0.000000 
-0.234660 0.000000 
-0.272606 0.000000 
-0.623066 0.000000 
-0.346858 -0.000000 
-0.942615 -0.000000 
-0.184799 0.000000 
0.337873 0.000000 
-0.236686 -0.000000 
-0.056734 0.000000 
0.320323 -0.000000 
-0.369383 0.000000 
-0.253712 0.000000 
-0.238466 0.000000 
-0.384771 0.000000 
-0.213724 -0.000000 
-0.227847 0.000000 
-0.005014 -0.000000 
-0.441090 -0.000000 
-0.623279 -0.000000 
0.006134 -0.000000 
0.259195 -0.000000 
0.487973 0.000000 
-0.192797 0.000000 
-0.470990 -0.000000 
-0.726908 0.000000 
-0.245557 0.000000 
-0.299570 0.000000 
0.306327 -0.000000 
0.290737 -0.000000 
0.309245 0.000000 
0.451556 -0.000000 
1.009878 0.000000 
-0.944610 0.000000 
0.778602 0.000000 
-0.710613 0.000000 
-1.183871 0.000000 
0.272237 0.000000 
0.196323 0.000000 
-0.795346 0.000000 
-0.092582 0.000000 
-0.095976 0.000000 
0.281070 -0.000000 
-0.402770 -0.000000 
0.661036 -0.000000 
0.608650 -0.000000 
-0.017638 -0.000000 
-0.317217 0.000000 
0.314064 -0.000000 
1.008637 0.000000 
-0.012359 0.000000 
-0.168885 0.000000 
-0.117645 0.000000 
-0.351900 0.000000 
-0.034838 0.000000 
-0.486541 0.000000 
-0.482735 -0.000000 
0.076076 0.000000 
0.079232 0.000000 
-0.075511 0.000000 
0.370503 -0.000000 
0.050892 0.000000 
0.038483 0.000000 
-0.399710 0.000000 
-0.555364 0.000000 
0.274207 0.000000 
-0.250232 0.000000 
-0.872428 0.000000 
0.688843 0.000000 
-0.725708 0.000000 
-0.218521 0.000000 
0.935886 0.000000 
-0.289773 0.000000 
0.161695 -0.000000 
0.663935 0.000000 
1.006891 0.000000 
-0.135607 0.000000 
0.320288 -0.000000 
0.184222 0.000000 
-0.563194 0.000000 
0.097079 -0.000000 
-0.045241 -0.000000 
-0.125716 0.000000 
-0.005311 -0.000000 
-0.326940 0.000000 
0.057669 0.000000 
0.912335 -0.000000 
-0.143534 0.000000 
-0.956903 0.000000 
0.019581 -0.000000 
-0.535548 -0.000000 
-0.121539 -0.000000 
0.477483 0.000000 
-1.121646 0.000000 
0.440474 -0.000000 
-0.263619 -0.000000 
-0.449810 -0.000000 
0.403244 0.000000 
-0.159736 0.000000 
-0.140322 0.000000 
-0.499850 0.000000 
0.327770 -0.000000 
0.577034 0.000000 
-0.929456 0.000000 
-0.235413 0.000000 
0.354234 0.000000 
-0.420864 -0.000000 
-0.005913 -0.000000 
-0.904804 -0.000000 
-0.272739 0.000000 
0.184221 0.000000 
0.112500 0.000000 
0.183548 -0.000000 
-0.538713 0.000000 
0.240487 -0.000000 
1.612798 0.000000 
-0.265363 0.000000 
-0.049566 0.000000 
-0.292667 0.000000 
-0.088576 0.000000 
-0.391673 -0.000000 
-0.200025 0.000000 
0.788125 -0.000000 
-0.285874 0.000000 
-0.139509 -0.000000 
-0.410051 -0.000000 
0.033979 -0.000000 
-0.330796 0.000000 
0.307214 -0.000000 
0.092510 0.000000 
-0.272829 -0.000000 
0.279518 0.000000 
-0.481429 0.000000 
0.119579 0.000000 
-0.852539 0.000000 
-0.436357 -0.000000 
-0.140565 0.000000 
0.017773 -0.000000 
-0.077545 0.000000 
-0.520655 0.000000 
0.275796 -0.000000 
0.163219 0.000000 
0.436648 0.000000 
-1.167403 -0.000000 
-0.262026 -0.000000 
1.317944 0.000000 
0.590083 0.000000 
0.309549 -0.000000 
-0.372049 0.000000 
-0.173827 -0.000000 
0.347463 0.000000 
-0.148920 0.000000 
-0.453347 -0.000000 
0.345214 0.000000 
-0.499977 0.000000 
-0.244696 0.000000 
-0.428635 0.000000 
0.412730 -0.000000 
0.094450 0.000000 
0.948223 0.000000 
0.421220 -0.000000 
0.185856 0.000000 
0.367341 0.000000 
0.103687 0.000000 
0.142837 -0.000000 
0.208989 0.000000 
1.258962 0.000000 
-0.562745 -0.000000 
0.746809 0.000000 
-0.285675 0.000000 
0.294775 0.000000 
-0.039730 -0.000000 
0.076249 0.000000 
-1.266687 0.000000 
0.436246 0.000000 
0.011775 0.000000 
-0.221614 0.000000 
-0.206101 -0.000000 
-0.344790 0.000000 
0.056409 0.000000 
-0.320951 0.000000 
0.558926 0.000000 
0.013191 -0.000000 
0.088809 -0.000000 
-0.037958 -0.000000 
0.282044 -0.000000 
-0.241807 0.000000 
-0.631031 0.000000 
-0.219781 0.000000 
0.036500 0.000000 
-0.125835 0.000000 
0.378201 0.000000 
0.084401 0.000000 
0.795394 0.000000 
0.296480 0.000000 
0.303354 -0.000000 
-0.496022 0.000000 
0.265659 0.000000 
-0.181165 -0.000000 
-0.323419 0.000000 
-0.834589 0.000000 
0.367050 -0.000000 
0.497300 0.000000 
-0.622289 -0.000000 
0.943790 0.000000 
1.048205 0.000000 
0.442446 -0.000000 
0.330362 0.000000 
0.480155 -0.000000 
-0.500574 -0.000000 
-0.257912 0.000000 
0.065667 -0.000000 
-0.422055 0.000000 
-0.005579 -0.000000 
0.076947 0.000000 
-0.789725 0.000000 
-0.414024 0.000000 
-0.102477 0.000000 
-0.480256 0.000000 
-0.191783 0.000000 
0.503130 0.000000 
0.669457 0.000000 
-0.945420 0.000000 
0.500161 0.000000 
-0.692957 0.000000 
-0.637752 -0.000000 
0.860207 -0.000000 
0.701327 0.000000 
0.311588 0.000000 
0.556789 0.000000 
-0.329836 0.000000 
0.606044 0.000000 
-0.089829 -0.000000 
-0.148262 0.000000 
-0.316156 0.000000 
0.965064 -0.000000 
0.539747 -0.000000 
-0.507937 0.000000 
-0.927241 -0.000000 
0.650295 0.000000 
-0.005879 -0.000000 
-0.349062 -0.000000 
-1.269279 0.000000 
0.100863 0.000000 
0.648746 0.000000 
-0.066380 0.000000 
0.788825 0.000000 
0.903068 0.000000 
0.222809 0.000000 
-0.077431 0.000000 
-0.720746 -0.000000 
-0.666078 -0.000000 
-0.062292 0.000000 
0.387660 0.000000 
-0.159810 0.000000 
0.193996 0.000000 
0.154807 0.000000 
-0.902517 -0.000000 
-0.364017 0.000000 
-0.199383 0.000000 
-0.073234 0.000000 
-0.321796 -0.000000 
-0.508858 -0.000000 
0.423898 -0.000000 
-0.285356 -0.000000 
-0.790383 0.000000 
-0.393925 -0.000000 
-0.167769 -0.000000 
0.861696 0.000000 
1.342945 0.000000 
-0.320407 -0.000000 
-0.279528 0.000000 
-0.449374 0.000000 
-0.205577 0.000000 
-0.334860 0.000000 
-0.759652 -0.000000 
-0.193280 0.000000 
-0.495734 0.000000 
-0.118189 0.000000 
-0.194313 0.000000 
0.213494 -0.000000 
-0.140577 0.000000 
-0.215037 0.000000 
0.428426 -0.000000 
0.186719 0.000000 
-0.394412 0.000000 
-0.572681 0.000000 
-0.715090 -0.000000 
0.421989 0.000000 
0.148132 0.000000 
-0.629495 -0.000000 
0.250526 0.000000 
0.369783 -0.000000 
0.971719 0.000000 
-0.323324 0.000000 
0.265419 0.000000 
-0.039997 0.000000 
-0.161187 0.000000 
1.036978 0.000000 
0.086597 0.000000 
0.166643 0.000000 
-0.792529 0.000000 
-0.340208 -0.000000 
0.205597 0.000000 
0.242289 0.000000 
-0.148656 0.000000 
0.427338 -0.000000 
-0.051393 -0.000000 
-0.570305 0.000000 
0.236747 0.000000 
0.540840 -0.000000 
1.107747 -0.000000 
-0.344598 -0.000000 
0.567105 -0.000000 
0.779310 -0.000000 
-0.220590 0.000000 
1.010423 -0.000000 
0.077471 0.000000 
-0.045690 0.000000 
0.421762 0.000000 
-0.302835 -0.000000 
-0.250859 0.000000 
0.101929 -0.000000 
-0.205593 0.000000 
-0.359343 -0.000000 
-0.681788 0.000000 
0.256574 0.000000 
-0.857266 0.000000 
-0.020347 0.000000 
-0.304709 -0.000000 
0.539790 -0.000000 
0.039634 0.000000 
-0.404493 0.000000 
-0.387186 0.000000 
0.102680 0.000000 
-0.333782 -0.000000 
0.461543 0.000000 
0.279799 0.000000 
-0.680705 0.000000 
0.141079 0.000000 
-0.286242 -0.000000 
0.093443 -0.000000 
-0.015620 0.000000 
0.272049 0.000000 
0.367349 -0.000000 
-0.382336 0.000000 
0.002469 0.000000 
0.435033 0.000000 
-0.183545 0.000000 
-0.518436 0.000000 
0.496898 0.000000 
-0.371678 0.000000 
-0.606287 0.000000 
0.025288 -0.000000 
-0.192101 -0.000000 
0.167883 0.000000 
0.022075 0.000000 
-0.014653 0.000000 
0.173482 -0.000000 
0.589021 -0.000000 
0.589764 -0.000000 
-0.149719 0.000000 
-0.675720 0.000000 
0.570313 0.000000 
-0.011018 0.000000 
-0.626644 0.000000 
0.191869 0.000000 
-0.293383 0.000000 
-0.492769 0.000000 
-0.761962 0.000000 
0.106691 -0.000000 
0.088839 0.000000 
-0.385708 0.000000 
-0.229510 0.000000 
-0.904574 0.000000 
-0.024887 -0.000000 
-0.165636 0.000000 
0.707255 -0.000000 
0.063166 0.000000 
-0.778115 0.000000 
0.466655 0.000000 
-0.168020 -0.000000 
-0.064965 -0.000000 
-0.352611 0.000000 
0.367273 0.000000 
0.380962 0.000000 
-0.344619 0.000000 
-0.369190 0.000000 
-0.271232 -0.000000 
0.699134 -0.000000 
-0.032837 -0.000000 
-0.540350 0.000000 
0.357048 0.000000 
-1.645137 -0.000000 
0.571142 0.000000 
1.189764 -0.000000 
1.090069 0.000000 
0.691407 0.000000 
-0.122777 0.000000 
-0.379635 -0.000000 
-0.218793 0.000000 
0.280148 -0.000000 
-0.164468 0.000000 
0.461998 -0.000000 
0.156412 0.000000 
0.814740 -0.000000 
-0.483971 -0.000000 
0.573893 0.000000 
0.333118 0.000000 
0.413466 0.000000 
0.261158 -0.000000 
0.018439 0.000000 
-0.481438 0.000000 
-0.288075 0.000000 
0.074476 -0.000000 
-0.238397 -0.000000 
-0.362382 0.000000 
0.379880 0.000000 
0.427843 -0.000000 
-0.298749 0.000000 
0.462117 -0.000000 
-0.113490 0.000000 
-0.302657 0.000000 
-0.339618 0.000000 
0.302600 0.000000 
0.201813 0.000000 
0.674683 -0.000000 
-0.101372 0.000000 
0.081585 0.000000 
0.512147 0.000000 
-0.325916 -0.000000 
0.426367 0.000000 
-0.042382 -0.000000 
0.582248 0.000000 
-0.411254 0.000000 
0.554425 -0.000000 
0.414010 0.000000 
0.642098 0.000000 
1.227020 0.000000 
0.506507 0.000000 
-0.699254 0.000000 
0.093232 0.000000 
-0.897555 -0.000000 
0.040803 0.000000 
-0.105464 0.000000 
0.424219 -0.000000 
0.143007 0.000000 
0.895208 0.000000 
-0.056475 -0.000000 
0.454939 0.000000 
-0.049772 0.000000 
0.592566 0.000000 
-0.596914 -0.000000 
-0.088402 0.000000 
-0.058798 0.000000 
-0.367851 0.000000 
0.924539 -0.000000 
0.362671 -0.000000 
-0.326148 -0.000000 
-0.683153 0.000000 
0.123985 -0.000000 
0.190865 0.000000 
-0.149613 0.000000 
-0.205291 0.000000 
0.524503 0.000000 
0.847689 -0.000000 
0.054827 0.000000 
0.064100 -0.000000 
-0.049283 0.000000 
-0.614091 0.000000 
-0.795223 -0.000000 
-1.236633 0.000000 
-0.571044 0.000000 
0.056951 0.000000 
0.052262 0.000000 
-0.488107 0.000000 
-0.719455 0.000000 
-0.422840 0.000000 
0.033645 -0.000000 
-0.932038 0.000000 
0.156526 0.000000 
-0.385862 0.000000 
-0.219624 -0.000000 
-0.492438 0.000000 
-0.404403 -0.000000 
0.879656 0.000000 
-0.710459 0.000000 
0.047120 0.000000 
0.205416 0.000000 
-0.580800 0.000000 
0.481076 0.000000 
0.147898 0.000000 
0.041288 -0.000000 
0.092181 -0.000000 
0.396592 0.000000 
-0.460402 0.000000 
0.085803 0.000000 
-0.114879 -0.000000 
-0.598400 0.000000 
0.103262 0.000000 
0.000107 0.000000 
0.181331 0.000000 
0.668601 0.000000 
0.391456 0.000000 
0.699058 0.000000 
-0.526421 0.000000 
-0.695246 0.000000 
-0.244403 -0.000000 
-0.056399 -0.000000 
0.056134 0.000000 
0.136847 0.000000 
0.199400 -0.000000 
-0.177541 0.000000 
-0.486446 0.000000 
0.056168 -0.000000 
0.098414 0.000000 
1.092084 -0.000000 
0.061773 -0.000000 
0.305185 0.000000 
-0.027385 -0.000000 
-0.416841 0.000000 
0.510488 0.000000 
-0.425082 0.000000 
-1.299378 0.000000 
0.354874 -0.000000 
0.800256 0.000000 
-0.118744 0.000000 
1.153128 -0.000000 
0.703677 0.000000 
-0.478675 0.000000 
-0.254028 0.000000 
-0.257612 -0.000000 
0.918343 -0.000000 
0.382798 0.000000 
-0.064248 0.000000 
1.458667 0.000000 
0.731639 0.000000 
0.484117 0.000000 
-0.624825 0.000000 
0.336290 -0.000000 
0.320078 0.000000 
0.616220 -0.000000 
0.454197 0.000000 
-0.746890 -0.000000 
0.248125 0.000000 
-0.185028 -0.000000 
-0.015937 -0.000000 
0.075552 0.000000 
0.044425 -0.000000 
-0.015859 0.000000 
0.263261 -0.000000 
-0.258630 -0.000000 
0.353404 0.000000 
-0.798016 0.000000 
-0.970052 0.000000 
-1.112295 0.000000 
0.626830 -0.000000 
0.184595 0.000000 
-0.593542 0.000000 
-0.523079 -0.000000 
-0.393214 -0.000000 
0.201031 -0.000000 
-1.058406 0.000000 
-0.433874 -0.000000 
0.573754 -0.000000 
0.186490 0.000000 
-0.062121 0.000000 
1.003518 0.000000 
0.497891 -0.000000 
0.187093 0.000000 
0.399595 -0.000000 
-0.098618 -0.000000 
-0.479485 0.000000 
0.444657 0.000000 
-0.248909 0.000000 
-0.362932 0.000000 
-0.302895 0.000000 
0.201202 0.000000 
0.081369 -0.000000 
-0.295118 -0.000000 
-0.116813 0.000000 
-0.499621 -0.000000 
-0.711314 0.000000 
0.043024 0.000000 
-0.497643 0.000000 
-0.306858 0.000000 
-0.086098 0.000000 
0.660994 0.000000 
-0.045224 0.000000 
0.049842 -0.000000 
0.503492 -0.000000 
0.279504 0.000000 
0.155880 -0.000000 
-0.146666 0.000000 
-1.191859 0.000000 
-0.009758 0.000000 
0.388460 -0.000000 
0.777915 0.000000 
1.298483 0.000000 
-0.704896 0.000000 
-0.190671 0.000000 
-0.317966 -0.000000 
0.183962 0.000000 
0.078409 -0.000000 
-0.485726 0.000000 
-0.159246 0.000000 
-0.229118 0.000000 
0.084380 -0.000000 
0.071370 0.000000 
-0.133071 0.000000 
0.589200 -0.000000 
0.611035 -0.000000 
-0.460926 0.000000 
-0.478294 0.000000 
0.016505 0.000000 
0.864542 -0.000000 
-0.205891 -0.000000 
-0.098694 0.000000 
0.535291 0.000000 
-0.614892 0.000000 
-0.339191 0.000000 
1.016465 0.000000 
0.101431 -0.000000 
0.471449 -0.000000 
0.109417 -0.000000 
0.538641 0.000000 
-0.635026 0.000000 
-0.079902 0.000000 
-0.460381 0.000000 
-0.809038 0.000000 
0.175579 0.000000 
-0.736370 0.000000 
-0.271861 0.000000 
-0.086878 0.000000 
-0.224195 0.000000 
0.059660 0.000000 
0.105766 -0.000000 
-0.283680 0.000000 
0.076419 0.000000 
-0.701907 0.000000 
-0.905694 0.000000 
-0.180550 0.000000 
-0.920083 -0.000000 
-0.127292 0.000000 
0.056185 -0.000000 
-0.349335 -0.000000 
-0.729336 -0.000000 
-0.071714 -0.000000 
0.305462 0.000000 
0.724216 0.000000 
-0.395887 0.000000 
-0.345916 0.000000 
0.215559 0.000000 
-0.438465 0.000000 
0.033649 -0.000000 
0.928743 0.000000 
0.599384 0.000000 
-1.112441 0.000000 
0.629483 0.000000 
0.578646 0.000000 
0.405659 -0.000000 
0.476620 -0.000000 
0.052489 0.000000 
-0.596245 0.000000 
-0.007370 0.000000 
-0.326709 0.000000 
-0.467023 -0.000000 
-0.289865 0.000000 
-0.178727 0.000000 
0.204344 0.000000 
0.121250 0.000000 
-0.278739 -0.000000 
0.436627 -0.000000 
0.386298 0.000000 
-0.250914 0.000000 
0.104039 0.000000 
0.106339 -0.000000 
-0.727787 -0.000000 
0.498500 0.000000 
-0.011001 -0.000000 
0.167510 0.000000 
0.545649 0.000000 
0.170796 -0.000000 
-1.036638 -0.000000 
0.524625 -0.000000 
0.403081 0.000000 
0.020728 0.000000 
-0.024086 0.000000 
-0.677376 0.000000 
-0.713204 0.000000 
-0.199855 0.000000 
0.038332 0.000000 
0.251121 -0.000000 
0.158201 -0.000000 
-0.316416 0.000000 
0.223451 0.000000 
-0.838144 0.000000 
-0.023166 0.000000 
-0.073949 -0.000000 
-0.601508 -0.000000 
0.273034 0.000000 
0.315225 -0.000000 
0.311353 -0.000000 
-0.077223 -0.000000 
-0.190340 -0.000000 
0.891972 0.000000 
-0.087073 0.000000 
0.726746 0.000000 
-0.441643 0.000000 
-0.442123 -0.000000 
0.568260 -0.000000 
-0.273533 0.000000 
-0.172244 -0.000000 
-0.439756 0.000000 
-0.411783 -0.000000 
0.186344 0.000000 
0.816696 0.000000 
-0.397350 -0.000000 
-0.475940 -0.000000 
-0.211928 -0.000000 
0.418989 0.000000 
-0.001767 -0.000000 
-0.238369 -0.000000 
-0.291685 0.000000 
-1.157660 0.000000 
-0.065539 0.000000 
0.280049 0.000000 
-0.444717 -0.000000 
-0.602559 0.000000 
0.301953 0.000000 
0.424349 0.000000 
0.175508 0.000000 
0.680821 0.000000 
-0.188600 0.000000 
-0.158268 -0.000000 
-0.017188 0.000000 
-0.218133 -0.000000 
-0.338498 0.000000 
-0.432350 0.000000 
-0.711422 -0.000000 
-0.633761 0.000000 
1.111517 0.000000 
0.618417 -0.000000 
-0.792215 0.000000 
-0.281197 0.000000 
0.217451 0.000000 
-1.050204 -0.000000 
0.088882 -0.000000 
-0.279750 0.000000 
-0.210776 -0.000000 
-0.617652 0.000000 
0.948315 0.000000 
-0.607780 0.000000 
0.492299 0.000000 
-0.258487 0.000000 
-0.729377 -0.000000 
0.047543 0.000000 
-0.466655 -0.000000 
-0.487320 0.000000 
-0.187038 0.000000 
0.117970 -0.000000 
0.225966 -0.000000 
0.298358 0.000000 
-0.490417 -0.000000 
0.685900 0.000000 
-0.471483 0.000000 
0.298973 -0.000000 
0.158325 -0.000000 
0.193900 0.000000 
-0.448822 0.000000 
-0.646517 0.000000 
-0.840948 0.000000 
0.481946 0.000000 
-0.391490 0.000000 
-0.075150 -0.000000 
-0.582626 0.000000 
0.089338 0.000000 
-0.068372 0.000000 
-0.596351 0.000000 
0.212305 -0.000000 
0.265806 -0.000000 
-0.737233 0.000000 
-0.657688 -0.000000 
-0.494672 -0.000000 
0.344092 0.000000 
-0.736217 0.000000 
-0.735996 -0.000000 
-0.058497 0.000000 
-0.027111 0.000000 
-0.445355 0.000000 
-0.244543 0.000000 
-0.314122 0.000000 
-0.311711 0.000000 
0.154238 0.000000 
-0.019220 0.000000 
0.348062 0.000000 
0.092432 0.000000 
0.090644 0.000000 
-0.250293 0.000000 
0.077691 0.000000 
0.326209 -0.000000 
0.229225 0.000000 
-0.204719 -0.000000 
-0.019302 0.000000 
-1.426955 -0.000000 
-0.179634 0.000000 
-0.114303 0.000000 
0.258372 0.000000 
0.648092 -0.000000 
0.571057 0.000000 
0.559228 0.000000 
-0.149935 -0.000000 
-0.128905 -0.000000 
0.375709 0.000000 
0.229301 0.000000 
-0.074066 0.000000 
-0.286780 0.000000 
-0.076166 0.000000 
0.552476 0.000000 
