-1.832588 1.832588 
0.000000 0.500000 -0.010985 
0.000000 0.000000 0.000000 

-0.087781 -0.000000 
-0.184427 -0.000000 
-0.563311 0.000000 
0.791066 0.000000 
-1.162062 0.000000 
-0.174835 0.000000 
0.733038 0.000000 
-0.033464 -0.000000 
-0.864276 0.000000 
-1.034307 0.000000 
-0.470895 0.000000 
-1.095579 0.000000 
0.305821 0.000000 
-0.084018 0.000000 
-0.368219 -0.000000 
0.684963 0.000000 
-0.331973 0.000000 
-1.113108 0.000000 
0.366487 0.000000 
-0.581094 0.000000 
1.035756 0.000000 
0.494926 -0.000000 
0.446615 0.000000 
0.819880 0.000000 
0.935254 0.000000 
-0.889324 0.000000 
0.017290 0.000000 
-0.021861 -0.000000 
0.224569 0.000000 
1.657454 0.000000 
0.076231 -0.000000 
0.323100 0.000000 
-0.759037 0.000000 
-0.801758 -0.000000 
-0.719607 -0.000000 
0.292869 0.000000 
0.106809 0.000000 
-0.195986 0.000000 
0.192482 -0.000000 
0.347892 0.000000 
0.300262 -0.000000 
-0.942005 0.000000 
0.340442 0.000000 
0.381255 -0.000000 
-0.824168 -0.000000 
0.333648 0.000000 
-0.024436 0.000000 
0.290870 0.000000 
-0.513195 0.000000 
0.220560 0.000000 
0.155503 0.000000 
0.140970 -0.000000 
0.201508 0.000000 
-0.099229 -0.000000 
0.595843 0.000000 
-0.134028 0.000000 
0.369158 0.000000 
0.496495 -0.000000 
0.223791 -0.000000 
-0.517106 0.000000 
0.053262 0.000000 
0.177572 -0.000000 
0.685029 -0.000000 
-0.568729 0.000000 
0.830447 0.000000 
0.008124 -0.000000 
-0.376955 -0.000000 
-0.703627 0.000000 
0.002116 0.000000 
-0.801683 -0.000000 
0.028522 -0.000000 
0.722115 0.000000 
-0.239882 0.000000 
-0.855431 0.000000 
0.086249 0.000000 
0.664160 -0.000000 
-0.464640 0.000000 
0.626739 0.000000 
-0.675593 0.000000 
0.299634 0.000000 
0.782064 0.000000 
0.781879 -0.000000 
-0.393363 0.000000 
-0.363353 0.000000 
-0.649774 -0.000000 
0.447720 -0.000000 
0.295868 0.000000 
-0.795149 0.000000 
-0.108542 -0.000000 
-0.179336 0.000000 
0.544628 0.000000 
0.317603 0.000000 
-0.295543 0.000000 
0.373397 0.000000 
-0.148670 0.000000 
-0.058269 0.000000 
-0.283559 -0.000000 
-0.728839 0.000000 
-0.196897 -0.000000 
0.638307 0.000000 
-0.014536 -0.000000 
-0.341075 -0.000000 
0.318277 -0.000000 
-0.114529 0.000000 
0.799704 -0.000000 
-0.035836 0.000000 
0.239712 -0.000000 
0.187638 0.000000 
0.456324 0.000000 
-0.098595 -0.000000 
0.497239 0.000000 
0.011270 0.000000 
-0.309867 0.000000 
-0.130477 0.000000 
0.849084 0.000000 
0.077668 -0.000000 
-1.317849 -0.000000 
-0.296925 0.000000 
-0.111293 -0.000000 
-0.068599 0.000000 
-0.165145 -0.000000 
-0.431498 0.000000 
0.313652 0.000000 
0.007991 -0.000000 
0.027287 -0.000000 
0.288661 0.000000 
-0.246720 0.000000 
0.080677 0.000000 
-0.711165 0.000000 
0.355508 0.000000 
0.325796 0.000000 
0.310864 -0.000000 
-0.115909 0.000000 
-0.121891 0.000000 
0.228936 -0.000000 
0.095867 -0.000000 
-0.885759 0.000000 
-0.103903 -0.000000 
-0.340820 -0.000000 
0.402121 0.000000 
0.257622 0.000000 
0.049514 0.000000 
-0.168028 -0.000000 
0.495438 0.000000 
-0.387003 -0.000000 
-0.224405 0.000000 
-0.356483 -0.000000 
-0.564674 0.000000 
1.054915 -0.000000 
-0.434033 -0.000000 
0.552577 -0.000000 
0.198241 0.000000 
0.009017 0.000000 
0.119533 -0.000000 
0.023866 -0.000000 
-0.446494 -0.000000 
-0.082146 0.000000 
0.271734 0.000000 
0.197264 0.000000 
0.418683 0.000000 
-0.096968 0.000000 
0.165977 -0.000000 
-0.341032 -0.000000 
0.577812 0.000000 
-0.742126 0.000000 
0.390085 0.000000 
0.415185 -0.000000 
1.378434 0.000000 
-0.162035 0.000000 
-0.252541 0.000000 
-0.803354 0.000000 
0.254034 0.000000 
0.489454 -0.000000 
-0.285209 0.000000 
0.019975 0.000000 
-0.122327 -0.000000 
0.043674 0.000000 
0.150059 -0.000000 
0.592752 0.000000 
0.304467 0.000000 
-1.298406 0.000000 
-0.078229 0.000000 
-0.431461 0.000000 
0.249501 -0.000000 
0.098602 0.000000 
-0.032145 -0.000000 
0.010294 0.000000 
0.665224 0.000000 
0.679941 -0.000000 
-0.211125 -0.000000 
0.481390 0.000000 
-0.660953 0.000000 
0.809071 0.000000 
-0.030814 -0.000000 
0.024031 0.000000 
-0.071417 0.000000 
-0.267112 0.000000 
-1.288713 0.000000 
0.772468 -0.000000 
0.301098 0.000000 
0.096302 0.000000 
1.234584 -0.000000 
-0.284674 0.000000 
-0.979557 0.000000 
-0.403975 0.000000 
-0.456509 -0.000000 
-0.960464 -0.000000 
-0.113293 0.000000 
-0.355081 -0.000000 
0.408716 -0.000000 
0.056367 0.000000 
-0.585949 -0.000000 
-0.509209 -0.000000 
-0.340541 0.000000 
0.729698 0.000000 
-0.170838 0.000000 
-0.445065 0.000000 
-0.582782 0.000000 
1.071242 0.000000 
0.481543 0.000000 
-0.447234 0.000000 
-0.048342 0.000000 
0.722255 -0.000000 
-0.115638 -0.000000 
0.089491 0.000000 
0.705901 0.000000 
-0.049833 -0.000000 
-0.041288 0.000000 
0.924304 0.000000 
0.830474 0.000000 
-0.060871 -0.000000 
-0.606135 -0.000000 
0.768936 0.000000 
0.236340 0.000000 
-0.063247 0.000000 
-1.036162 -0.000000 
0.624743 0.000000 
0.253661 0.000000 
0.213553 0.000000 
0.316509 0.000000 
-0.439399 0.000000 
0.200371 0.000000 
-0.492217 0.000000 
0.347332 0.000000 
-0.466753 0.000000 
0.971512 0.000000 
0.167003 -0.000000 
0.673522 -0.000000 
-0.023195 -0.000000 
0.358696 -0.000000 
-0.147980 0.000000 
-0.123437 0.000000 
-0.693734 0.000000 
-0.674189 0.000000 
0.056793 0.000000 
-0.594040 0.000000 
0.424103 -0.000000 
-0.393243 0.000000 
0.403355 0.000000 
0.686839 0.000000 
-0.433025 -0.000000 
0.516740 0.000000 
-0.160317 -0.000000 
0.529182 0.000000 
-0.882821 -0.000000 
-0.071137 0.000000 
0.483227 0.000000 
0.178376 0.000000 
0.115650 0.000000 
0.469561 0.000000 
-0.624521 -0.000000 
0.363318 -0.000000 
0.060498 0.000000 
-0.140055 -0.000000 
0.762719 -0.000000 
0.039224 0.000000 
0.791164 0.000000 
0.272522 0.000000 
0.031922 0.000000 
0.423789 0.000000 
0.541135 -0.000000 
-0.331885 0.000000 
0.619473 -0.000000 
-0.372156 -0.000000 
-1.173074 0.000000 
-0.262392 0.000000 
0.292947 0.000000 
-0.046187 0.000000 
0.363520 0.000000 
0.122889 0.000000 
0.088875 0.000000 
-0.689388 -0.000000 
0.264044 -0.000000 
0.060096 0.000000 
0.781291 0.000000 
-0.606386 -0.000000 
-0.030543 0.000000 
-0.312374 0.000000 
-0.616168 0.000000 
0.091679 -0.000000 
0.581062 -0.000000 
-0.419675 -0.000000 
0.140330 -0.000000 
-0.161196 0.000000 
0.137705 0.000000 
-0.652439 0.000000 
-0.492337 0.000000 
-0.286821 0.000000 
-0.526042 -0.000000 
0.124560 0.000000 
0.169840 0.000000 
0.302175 0.000000 
0.424226 0.000000 
-0.200611 -0.000000 
0.164091 -0.000000 
0.081899 0.000000 
-0.511148 0.000000 
-0.694288 0.000000 
-0.389239 -0.000000 
0.549411 0.000000 
-0.137539 -0.000000 
0.561452 -0.000000 
0.294504 -0.000000 
-0.668666 0.000000 
1.520375 -0.000000 
-0.746646 0.000000 
0.645643 0.000000 
-0.123902 0.000000 
0.002775 0.000000 
-0.875911 0.000000 
-1.245889 0.000000 
0.447589 0.000000 
0.677370 0.000000 
-0.639254 -0.000000 
0.611203 0.000000 
-0.173541 0.000000 
0.301639 0.000000 
-0.790302 0.000000 
0.261699 -0.000000 
0.288925 0.000000 
-0.102420 -0.000000 
0.146650 -0.000000 
-1.578237 -0.000000 
-1.446843 0.000000 
-0.625440 0.000000 
-0.315952 0.000000 
0.541558 0.000000 
-0.105970 0.000000 
0.487175 0.000000 
-0.157773 0.000000 
0.801931 0.000000 
-0.024600 0.000000 
1.161911 0.000000 
-0.367966 0.000000 
0.810114 0.000000 
1.003024 0.000000 
0.416173 0.000000 
1.067404 0.000000 
-0.364873 0.000000 
0.029445 -0.000000 
0.837162 0.000000 
0.545548 0.000000 
-0.893501 0.000000 
0.865584 0.000000 
-0.250743 0.000000 
0.116896 -0.000000 
0.188392 0.000000 
-0.971461 0.000000 
0.320202 0.000000 
-0.171661 -0.000000 
-0.724570 0.000000 
-0.460023 0.000000 
0.509811 0.000000 
0.020074 0.000000 
-0.165338 0.000000 
0.115355 0.000000 
0.200280 -0.000000 
-0.639418 0.000000 
-0.291185 0.000000 
0.099541 0.000000 
0.188370 0.000000 
-0.518919 0.000000 
0.012096 0.000000 
-0.289254 0.000000 
-0.961646 -0.000000 
0.343106 -0.000000 
0.110576 0.000000 
-0.478741 0.000000 
-1.270300 0.000000 
-0.236030 0.000000 
-1.058625 -0.000000 
0.584508 0.000000 
-0.140301 0.000000 
0.290373 0.000000 
0.579024 -0.000000 
-0.557283 0.000000 
-0.780512 0.000000 
0.332631 -0.000000 
0.088320 -0.000000 
0.511948 0.000000 
-0.026361 0.000000 
0.613445 0.000000 
-0.288075 0.000000 
0.174625 0.000000 
-0.302680 0.000000 
-0.035843 0.000000 
0.460944 0.000000 
0.112892 0.000000 
0.427248 0.000000 
1.203013 -0.000000 
0.212115 0.000000 
0.785124 0.000000 
1.158779 0.000000 
-0.303927 0.000000 
0.294660 -0.000000 
-0.923996 0.000000 
-0.006683 0.000000 
-0.320278 0.000000 
0.291926 -0.000000 
-0.370706 0.000000 
-0.214974 -0.000000 
-0.045662 0.000000 
-0.437894 0.000000 
-0.628071 0.000000 
-0.007397 0.000000 
0.545881 0.000000 
0.194828 0.000000 
-0.215992 -0.000000 
1.428454 0.000000 
0.160988 0.000000 
1.186039 0.000000 
0.394439 -0.000000 
-0.266272 0.000000 
0.469606 -0.000000 
-0.170979 0.000000 
0.239404 0.000000 
-0.003519 0.000000 
-0.054074 0.000000 
0.424848 0.000000 
0.628342 -0.000000 
0.190975 -0.000000 
0.013362 -0.000000 
0.069377 0.000000 
0.823717 -0.000000 
0.256311 0.000000 
-0.249717 -0.000000 
0.774026 0.000000 
0.027916 -0.000000 
0.386500 -0.000000 
-0.245302 -0.000000 
-0.827156 0.000000 
0.064972 -0.000000 
-0.275569 0.000000 
-0.266340 0.000000 
-0.162068 -0.000000 
-0.071645 -0.000000 
0.346894 -0.000000 
0.370579 0.000000 
-0.508302 -0.000000 
-0.980460 0.000000 
-0.981042 0.000000 
-0.189939 0.000000 
0.699093 0.000000 
-0.304070 0.000000 
-0.056114 0.000000 
-0.122819 0.000000 
-0.222123 -0.000000 
-0.277667 -0.000000 
0.363058 0.000000 
-0.416810 0.000000 
0.000790 -0.000000 
0.016516 -0.000000 
0.464747 -0.000000 
-0.365842 0.000000 
0.200572 0.000000 
0.686197 -0.000000 
0.309060 -0.000000 
-0.085369 0.000000 
0.448504 0.000000 
-0.327904 0.000000 
-0.544602 -0.000000 
-0.252280 -0.000000 
-0.649886 -0.000000 
0.164500 0.000000 
-0.321642 0.000000 
-0.045469 0.000000 
0.180667 0.000000 
-0.331695 0.000000 
-0.015915 0.000000 
-0.298144 0.000000 
0.093705 -0.000000 
-0.256825 0.000000 
-0.483415 -0.000000 
-0.703854 -0.000000 
-0.493575 -0.000000 
0.121233 0.000000 
-0.502435 -0.000000 
-0.080124 0.000000 
0.287380 -0.000000 
0.261198 0.000000 
0.764730 0.000000 
-0.079607 0.000000 
-0.472552 0.000000 
0.713312 0.000000 
-0.304920 0.000000 
-0.211721 0.000000 
0.417338 0.000000 
-0.550704 -0.000000 
0.121217 0.000000 
0.027810 0.000000 
0.878275 0.000000 
0.614530 -0.000000 
0.033763 0.000000 
0.586073 0.000000 
-0.352411 -0.000000 
0.216853 0.000000 
0.266098 0.000000 
0.220816 -0.000000 
0.489484 0.000000 
0.090593 0.000000 
-0.266195 0.000000 
-0.773525 -0.000000 
-0.048313 -0.000000 
0.018935 0.000000 
0.119231 0.000000 
0.356987 0.000000 
-0.088721 -0.000000 
-0.195272 0.000000 
-0.080641 0.000000 
0.483981 0.000000 
-0.306549 0.000000 
-0.166287 0.000000 
-0.437076 0.000000 
-0.596401 -0.000000 
-0.374579 0.000000 
-0.068491 0.000000 
0.314174 0.000000 
-0.472360 0.000000 
0.263290 0.000000 
-0.295271 0.000000 
-0.038976 0.000000 
-0.213207 0.000000 
0.103526 0.000000 
0.409067 -0.000000 
-0.226754 0.000000 
0.057866 -0.000000 
-0.037329 0.000000 
1.046747 0.000000 
-0.221524 -0.000000 
0.722951 0.000000 
-0.033772 0.000000 
0.659799 0.000000 
0.404897 -0.000000 
0.543742 0.000000 
0.175262 0.000000 
-0.756432 0.000000 
-0.330361 -0.000000 
-0.184096 -0.000000 
0.281832 -0.000000 
-0.320762 0.000000 
0.444837 -0.000000 
0.351882 0.000000 
-0.471226 -0.000000 
-0.570206 -0.000000 
0.091690 -0.000000 
0.073862 0.000000 
-0.399504 0.000000 
0.289741 -0.000000 
0.172535 0.000000 
-0.029897 -0.000000 
0.000191 0.000000 
-1.281014 0.000000 
-0.614076 0.000000 
-0.187940 0.000000 
0.413226 0.000000 
-0.183066 0.000000 
-0.341989 0.000000 
0.223674 -0.000000 
-0.222128 0.000000 
-0.084949 0.000000 
0.002991 0.000000 
0.030931 -0.000000 
-0.360041 0.000000 
-0.910611 -0.000000 
0.237202 0.000000 
-0.113094 -0.000000 
-0.258132 0.000000 
-0.129733 0.000000 
-0.662454 0.000000 
0.859790 0.000000 
-0.131265 0.000000 
0.023296 -0.000000 
0.450853 -0.000000 
-0.806855 -0.000000 
0.262631 0.000000 
0.928223 0.000000 
0.390780 0.000000 
0.895140 0.000000 
0.011709 0.000000 
0.244833 0.000000 
-0.258658 0.000000 
-0.442146 0.000000 
-0.068034 -0.000000 
0.251607 0.000000 
-0.335542 0.000000 
0.082721 0.000000 
-0.131239 0.000000 
1.225759 -0.000000 
0.714684 -0.000000 
0.502299 0.000000 
-0.868248 -0.000000 
-0.555533 0.000000 
0.700723 0.000000 
0.988209 0.000000 
0.332614 0.000000 
0.980217 0.000000 
-1.832588 -0.000000 
-0.478833 -0.000000 
-0.971741 0.000000 
1.015890 -0.000000 
0.450795 0.000000 
0.561491 0.000000 
0.186833 -0.000000 
-0.355176 0.000000 
-0.150671 0.000000 
0.660994 -0.000000 
0.588939 -0.000000 
-0.049919 -0.000000 
-0.009980 -0.000000 
-0.510537 0.000000 
0.201291 0.000000 
-0.051191 0.000000 
-0.818800 0.000000 
-0.742936 0.000000 
-0.596314 0.000000 
0.057747 -0.000000 
0.265793 -0.000000 
-0.049839 0.000000 
0.865160 0.000000 
0.290385 0.000000 
0.559525 0.000000 
-0.571497 -0.000000 
-0.891970 0.000000 
-0.867150 0.000000 
-0.613982 0.000000 
0.016530 -0.000000 
0.501937 0.000000 
-0.337903 0.000000 
0.374065 0.000000 
-0.476821 0.000000 
0.194963 0.000000 
1.039488 -0.000000 
-0.159993 0.000000 
-0.277105 -0.000000 
-0.156344 0.000000 
-0.179090 0.000000 
-0.318795 0.000000 
-0.747251 -0.000000 
-0.303375 0.000000 
-0.329810 0.000000 
0.456627 0.000000 
-0.205193 0.000000 
-0.093604 0.000000 
-0.653234 0.000000 
-0.360404 0.000000 
-0.029216 0.000000 
-1.014233 0.000000 
-0.370558 0.000000 
-0.581784 0.000000 
0.142313 0.000000 
0.219296 0.000000 
0.390477 -0.000000 
0.078534 0.000000 
0.242611 -0.000000 
-0.041091 -0.000000 
0.119703 0.000000 
1.017187 -0.000000 
-1.035865 -0.000000 
-0.624527 0.000000 
0.525137 -0.000000 
-0.509337 -0.000000 
0.709819 0.000000 
0.431556 0.000000 
-0.596973 0.000000 
-0.572268 -0.000000 
0.189103 -0.000000 
-0.440816 0.000000 
0.391033 0.000000 
0.560334 0.000000 
-0.039680 0.000000 
-0.688370 0.000000 
-0.247644 -0.000000 
-0.623697 -0.000000 
-0.161560 0.000000 
0.290719 0.000000 
-0.000936 -0.000000 
0.919398 0.000000 
-0.728234 0.000000 
-0.123486 0.000000 
-1.382696 0.000000 
-0.157103 0.000000 
1.170620 0.000000 
-0.102953 0.000000 
0.188747 0.000000 
0.799174 0.000000 
-0.086604 0.000000 
-0.098952 0.000000 
0.318015 0.000000 
-0.062162 0.000000 
0.746584 -0.000000 
-0.244520 0.000000 
-0.817579 0.000000 
-0.992451 0.000000 
0.172163 0.000000 
-0.146733 0.000000 
0.071455 0.000000 
0.007644 0.000000 
-0.460693 0.000000 
-0.223345 0.000000 
0.376205 0.000000 
0.413505 0.000000 
-0.631733 0.000000 
-0.118495 0.000000 
0.116721 0.000000 
-0.308939 0.000000 
0.528690 0.000000 
0.014588 0.000000 
-0.963248 0.000000 
-0.569583 0.000000 
0.107266 0.000000 
-0.669337 -0.000000 
-0.157697 0.000000 
0.667010 -0.000000 
0.299143 0.000000 
0.270535 -0.000000 
0.079742 -0.000000 
-0.474057 0.000000 
0.161420 -0.000000 
-0.501084 -0.000000 
-0.855714 0.000000 
0.133183 0.000000 
0.649723 -0.000000 
0.597220 0.000000 
0.037073 0.000000 
-0.635509 0.000000 
-0.787885 -0.000000 
-0.437589 0.000000 
-0.171145 -0.000000 
0.835751 0.000000 
1.072464 -0.000000 
1.030640 -0.000000 
0.280360 -0.000000 
0.564467 0.000000 
-0.063734 0.000000 
-0.320949 0.000000 
-0.162450 0.000000 
0.083728 -0.000000 
-0.297205 -0.000000 
-0.342817 0.000000 
0.797261 0.000000 
-0.099344 0.000000 
-0.366453 0.000000 
-0.374412 0.000000 
0.742781 -0.000000 
-0.548652 -0.000000 
-0.461348 -0.000000 
-0.010072 -0.000000 
0.708997 0.000000 
0.606832 0.000000 
0.318695 -0.000000 
-0.072935 0.000000 
0.609080 -0.000000 
1.215234 0.000000 
0.140092 0.000000 
-0.034032 0.000000 
-0.756017 0.000000 
-0.049644 0.000000 
-0.567463 0.000000 
-0.428886 0.000000 
-0.835548 0.000000 
0.367768 0.000000 
-0.495164 0.000000 
0.450340 0.000000 
0.400727 0.000000 
0.035199 0.000000 
-0.647594 0.000000 
0.164391 0.000000 
-0.314680 0.000000 
-1.032012 0.000000 
-0.802586 -0.000000 
-0.043292 0.000000 
0.647864 0.000000 
-0.756597 0.000000 
-0.518081 -0.000000 
0.235673 0.000000 
0.789823 0.000000 
0.110857 0.000000 
-0.039184 0.000000 
-0.706113 0.000000 
0.613430 0.000000 
0.952988 -0.000000 
-0.319693 0.000000 
-0.888599 0.000000 
0.195169 0.000000 
0.610834 0.000000 
-1.440130 0.000000 
-0.730696 0.000000 
-0.081812 0.000000 
-0.064530 -0.000000 
-0.102776 0.000000 
0.566347 -0.000000 
0.611354 0.000000 
-0.147173 0.000000 
-0.010339 -0.000000 
-0.999315 -0.000000 
-0.147298 -0.000000 
-0.782696 0.000000 
0.416530 -0.000000 
-0.365290 0.000000 
-0.274592 0.000000 
-0.042203 -0.000000 
0.111275 -0.000000 
-0.313797 0.000000 
0.517056 -0.000000 
0.045217 0.000000 
-0.378304 -0.000000 
0.044538 -0.000000 
-0.106783 0.000000 
-0.321238 0.000000 
0.117623 0.000000 
-0.895769 0.000000 
-0.742370 0.000000 
0.455757 0.000000 
0.471830 -0.000000 
-0.048817 0.000000 
0.822341 -0.000000 
0.279172 0.000000 
-0.314764 0.000000 
0.446929 -0.000000 
-0.551779 -0.000000 
0.157580 0.000000 
0.273421 -0.000000 
-0.204348 -0.000000 
0.644754 -0.000000 
-0.368734 -0.000000 
-0.226087 0.000000 
-0.223922 0.000000 
0.117399 0.000000 
0.106820 0.000000 
-0.549607 0.000000 
-0.228108 0.000000 
-0.070992 -0.000000 
0.042320 0.000000 
0.525386 -0.000000 
-0.208067 0.000000 
-0.319215 -0.000000 
-0.220252 -0.000000 
0.100471 0.000000 
-0.217501 0.000000 
-0.050385 -0.000000 
0.622219 -0.000000 
-0.457662 -0.000000 
0.051091 0.000000 
0.163958 0.000000 
-0.138837 0.000000 
-0.237351 0.000000 
-0.748351 0.000000 
0.452093 0.000000 
-0.256831 0.000000 
-0.217986 0.000000 
-0.364834 0.000000 
0.219689 0.000000 
-0.150126 0.000000 
0.227693 0.000000 
-0.423129 -0.000000 
0.470309 0.000000 
0.247453 -0.000000 
-0.697061 0.000000 
-0.868851 0.000000 
-0.021646 0.000000 
0.417590 0.000000 
-0.868857 0.000000 
-0.120121 0.000000 
0.042433 0.000000 
0.688499 0.000000 
0.213086 0.000000 
0.107140 -0.000000 
0.272791 0.000000 
0.431765 -0.000000 
0.087942 0.000000 
0.724382 0.000000 
0.621491 0.000000 
0.727613 0.000000 
0.517048 0.000000 
0.795093 -0.000000 
-0.046808 0.000000 
0.597708 0.000000 
-0.095597 -0.000000 
-0.495165 -0.000000 
0.296300 -0.000000 
0.402307 0.000000 
-0.401092 0.000000 
0.028112 0.000000 
-0.543407 0.000000 
0.084280 -0.000000 
0.069004 0.000000 
0.735296 -0.000000 
0.050629 0.000000 
-0.483097 -0.000000 
0.277125 -0.000000 
0.193284 -0.000000 
-0.588523 0.000000 
0.153126 0.000000 
0.397797 0.000000 
-0.107440 0.000000 
-0.299535 0.000000 
0.099830 0.000000 
0.065012 0.000000 
-0.350080 -0.000000 
0.319554 0.000000 
-0.129087 0.000000 
0.297075 0.000000 
0.835032 -0.000000 
0.928685 -0.000000 
-0.105254 -0.000000 
0.164024 -0.000000 
-0.033685 0.000000 
-1.137090 -0.000000 
0.150016 0.000000 
-0.497024 -0.000000 
0.368557 0.000000 
-0.445768 0.000000 
-0.371033 0.000000 
-0.081086 0.000000 
0.096541 0.000000 
0.446693 -0.000000 
-0.217306 0.000000 
-0.149605 -0.000000 
-0.203109 0.000000 
-0.377885 -0.000000 
-0.177510 0.000000 
0.015197 -0.000000 
-0.582159 0.000000 
-0.529340 0.000000 
-0.174421 0.000000 
-0.536592 0.000000 
-0.290341 0.000000 
-0.072131 -0.000000 
-0.169422 0.000000 
-0.348734 0.000000 
0.061889 0.000000 
0.256708 0.000000 
-0.287653 -0.000000 
0.639371 0.000000 
-0.381015 0.000000 
0.175258 -0.000000 
0.367377 0.000000 
0.225418 -0.000000 
-0.216285 -0.000000 
-0.559737 -0.000000 
0.350601 0.000000 
-0.917282 0.000000 
-0.160076 -0.000000 
-0.031046 0.000000 
0.681636 -0.000000 
0.280903 0.000000 
0.319199 0.000000 
-0.423286 -0.000000 
-0.176544 -0.000000 
0.681819 0.000000 
0.389374 -0.000000 
0.467400 -0.000000 
0.898876 -0.000000 
0.083018 0.000000 
0.600264 0.000000 
-0.315344 -0.000000 
0.343267 -0.000000 
-0.701585 0.000000 
0.113569 -0.000000 
-0.204841 0.000000 
0.005492 -0.000000 
-1.378427 0.000000 
-0.277634 0.000000 
0.350062 0.000000 
-0.106199 0.000000 
0.477985 0.000000 
-0.217104 0.000000 
-0.173941 -0.000000 
0.025059 -0.000000 
-0.047074 0.000000 
-0.538341 0.000000 
-0.021469 0.000000 
0.191494 0.000000 
-0.484601 0.000000 
-0.324352 -0.000000 
0.048969 -0.000000 
-0.116116 0.000000 
-0.948249 0.000000 
-0.388607 0.000000 
-1.032380 0.000000 
0.888642 -0.000000 
0.908719 0.000000 
-0.468038 0.000000 
-0.078878 0.000000 
-0.904799 0.000000 
-0.454168 0.000000 
-0.774222 0.000000 
-0.189563 0.000000 
0.247964 -0.000000 
-0.106389 0.000000 
0.042698 0.000000 
-0.284832 0.000000 
0.266674 0.000000 
0.348548 -0.000000 
0.229240 -0.000000 
0.516468 0.000000 
-0.122957 -0.000000 
-0.058085 0.000000 
-0.123733 0.000000 
0.622224 0.000000 
-0.101104 0.000000 
-0.853364 -0.000000 
-0.036428 -0.000000 
-0.395482 -0.000000 
