-2.125454 2.125454 
0.000000 0.500000 0.016801 
0.000000 0.000000 0.000000 

0.588738 0.000000 
0.519491 0.000000 
0.382707 -0.000000 
-0.710566 -0.000000 
-0.779331 0.000000 
-0.114035 0.000000 
-0.738835 -0.000000 
-1.237291 0.000000 
-0.782775 0.000000 
0.359555 0.000000 
-0.930226 -0.000000 
0.428936 0.000000 
-0.058113 -0.000000 
-0.286829 0.000000 
0.098440 0.000000 
-0.855373 0.000000 
-0.263366 0.000000 
-0.351407 0.000000 
0.138511 0.000000 
-0.654410 0.000000 
-0.006454 0.000000 
1.151075 -0.000000 
-0.286792 -0.000000 
-0.120461 -0.000000 
-0.446050 0.000000 
-0.233066 0.000000 
0.335344 0.000000 
0.089307 -0.000000 
0.295428 -0.000000 
0.025331 -0.000000 
-0.224793 0.000000 
0.519020 0.000000 
0.229517 0.000000 
0.489862 0.000000 
0.307793 -0.000000 
-0.515706 0.000000 
-0.433344 -0.000000 
0.518762 0.000000 
0.128472 -0.000000 
0.518670 0.000000 
0.282733 0.000000 
0.366047 0.000000 
-0.118222 0.000000 
-0.484329 -0.000000 
-0.192749 0.000000 
0.228201 0.000000 
0.005083 0.000000 
-0.018234 0.000000 
-0.332400 -0.000000 
-0.459949 0.000000 
0.716218 0.000000 
0.328804 0.000000 
-0.906274 -0.000000 
0.165636 0.000000 
0.699606 0.000000 
0.150934 0.000000 
0.540110 0.000000 
0.903361 0.000000 
0.541098 0.000000 
-0.892876 0.000000 
0.140038 0.000000 
-0.006375 0.000000 
-0.041225 0.000000 
0.940981 0.000000 
-0.189644 -0.000000 
0.236361 -0.000000 
0.490529 0.000000 
0.366867 0.000000 
-1.107586 -0.000000 
-0.316347 0.000000 
0.529295 0.000000 
0.195661 0.000000 
0.277784 0.000000 
0.046015 0.000000 
0.634141 0.000000 
-0.859087 -0.000000 
-0.473616 -0.000000 
0.698933 0.000000 
0.463449 -0.000000 
0.090274 0.000000 
0.286311 0.000000 
-0.710702 0.000000 
0.319193 0.000000 
-0.515190 -0.000000 
0.436224 0.000000 
0.440392 -0.000000 
0.579239 0.000000 
-0.605451 0.000000 
0.481288 -0.000000 
0.358960 -0.000000 
0.168482 0.000000 
-0.926130 -0.000000 
1.148721 0.000000 
-0.493275 0.000000 
0.399535 0.000000 
-0.947990 0.000000 
-0.130256 0.000000 
-1.170637 0.000000 
-0.336065 0.000000 
0.637050 0.000000 
0.167990 -0.000000 
-0.090898 0.000000 
0.866021 0.000000 
-0.141989 0.000000 
-0.543907 0.000000 
-0.992404 -0.000000 
0.777041 0.000000 
-0.604502 0.000000 
0.110903 -0.000000 
0.280774 -0.000000 
-0.261303 0.000000 
-0.848390 0.000000 
-0.044983 0.000000 
-0.209394 0.000000 
1.034768 0.000000 
0.267049 0.000000 
0.189615 -0.000000 
-0.449758 -0.000000 
-0.133022 0.000000 
-0.075327 -0.000000 
0.632612 0.000000 
0.742532 -0.000000 
-0.294293 -0.000000 
-0.987281 0.000000 
-0.158637 -0.000000 
0.192589 0.000000 
0.298239 0.000000 
-0.102043 0.000000 
1.105741 0.000000 
-1.586103 0.000000 
-0.327793 0.000000 
-0.753732 0.000000 
-0.205668 0.000000 
0.293331 0.000000 
0.332003 0.000000 
-0.721392 -0.000000 
-0.152707 0.000000 
-0.523904 -0.000000 
-0.341232 -0.000000 
0.521858 0.000000 
-0.106916 -0.000000 
0.150334 0.000000 
-0.282114 0.000000 
-0.499115 0.000000 
-0.438531 0.000000 
0.460983 0.000000 
0.085836 0.000000 
-0.374267 0.000000 
-0.221729 0.000000 
0.706875 -0.000000 
0.400281 -0.000000 
0.768803 0.000000 
-0.341325 0.000000 
-0.438759 0.000000 
0.050970 -0.000000 
-0.260707 0.000000 
-0.279320 0.000000 
0.037381 0.000000 
0.530943 -0.000000 
0.473668 -0.000000 
0.330404 0.000000 
-0.452215 0.000000 
-0.308867 0.000000 
0.425530 0.000000 
-0.237344 -0.000000 
-0.604674 0.000000 
1.014020 -0.000000 
0.508288 0.000000 
-0.143718 0.000000 
-0.198598 0.000000 
0.295518 0.000000 
0.232970 -0.000000 
0.273161 -0.000000 
-0.101955 0.000000 
-0.124373 -0.000000 
0.033084 0.000000 
0.291573 -0.000000 
0.758440 0.000000 
0.092060 -0.000000 
-0.174990 0.000000 
-0.070842 0.000000 
0.742574 -0.000000 
0.868777 0.000000 
0.602632 0.000000 
0.383368 0.000000 
-0.280350 0.000000 
0.071049 -0.000000 
0.019985 0.000000 
-0.655364 0.000000 
0.070203 -0.000000 
-0.230542 0.000000 
0.413812 0.000000 
-0.249435 0.000000 
0.303229 0.000000 
0.189164 0.000000 
0.564230 -0.000000 
0.292248 0.000000 
-0.563050 0.000000 
-0.011919 0.000000 
0.207678 -0.000000 
-0.560458 0.000000 
0.703523 0.000000 
0.075567 -0.000000 
0.410077 0.000000 
-0.260171 0.000000 
1.293784 0.000000 
0.353370 0.000000 
0.459375 0.000000 
0.110881 0.000000 
-0.656800 0.000000 
0.407554 0.000000 
-0.385220 -0.000000 
0.232108 0.000000 
-0.407532 -0.000000 
0.154180 -0.000000 
0.674870 -0.000000 
-0.590008 0.000000 
0.138549 -0.000000 
-0.000863 0.000000 
0.260783 0.000000 
0.275366 0.000000 
0.749982 0.000000 
-0.921902 0.000000 
0.069058 -0.000000 
-0.352548 -0.000000 
-0.021476 -0.000000 
-0.352040 0.000000 
0.747956 -0.000000 
-0.237939 -0.000000 
0.159032 0.000000 
-0.599886 -0.000000 
1.243794 0.000000 
-0.624736 -0.000000 
1.090545 0.000000 
0.249973 -0.000000 
0.145504 0.000000 
0.187896 -0.000000 
-0.062367 0.000000 
0.131122 -0.000000 
0.075132 -0.000000 
1.154620 0.000000 
-0.002178 -0.000000 
0.532186 -0.000000 
0.415521 -0.000000 
0.128694 0.000000 
0.165027 -0.000000 
-0.618057 -0.000000 
0.474346 0.000000 
-0.203550 0.000000 
-0.067888 0.000000 
-0.962846 0.000000 
0.055352 -0.000000 
0.047023 0.000000 
-0.131614 0.000000 
-0.505271 0.000000 
0.254483 -0.000000 
0.206278 0.000000 
-0.433230 0.000000 
0.073566 0.000000 
0.768810 0.000000 
0.854949 0.000000 
-0.278702 -0.000000 
0.622955 -0.000000 
-0.715874 0.000000 
-0.239467 0.000000 
-0.525133 0.000000 
-0.028147 0.000000 
0.812930 0.000000 
0.266042 0.000000 
-0.573338 0.000000 
-0.228366 0.000000 
0.905834 0.000000 
-0.137163 0.000000 
-0.446099 0.000000 
0.503479 0.000000 
-0.605606 -0.000000 
-0.181720 0.000000 
1.271043 0.000000 
0.269975 0.000000 
0.373251 -0.000000 
-0.033470 0.000000 
0.983679 -0.000000 
0.299860 0.000000 
0.847857 0.000000 
-0.426963 -0.000000 
-0.648865 -0.000000 
0.200662 0.000000 
-0.697385 -0.000000 
0.643449 -0.000000 
-0.710649 0.000000 
-0.798646 0.000000 
-0.847532 -0.000000 
1.027457 0.000000 
-0.561758 0.000000 
0.402897 -0.000000 
0.222625 0.000000 
0.557043 -0.000000 
-0.432914 0.000000 
1.514918 -0.000000 
-0.338260 0.000000 
-1.101771 0.000000 
-0.291343 0.000000 
0.725159 -0.000000 
0.756577 0.000000 
-0.185870 0.000000 
0.310614 0.000000 
-0.043721 0.000000 
-0.044573 0.000000 
0.610086 0.000000 
-0.926748 -0.000000 
-0.594639 0.000000 
0.286435 -0.000000 
-0.050321 -0.000000 
0.307239 -0.000000 
-0.049382 0.000000 
0.032888 0.000000 
0.554576 -0.000000 
0.533841 0.000000 
0.673697 0.000000 
-0.680670 -0.000000 
0.742687 0.000000 
0.770495 0.000000 
-0.439723 -0.000000 
0.388614 0.000000 
0.070884 0.000000 
0.409090 0.000000 
0.198191 -0.000000 
0.342042 0.000000 
0.969455 -0.000000 
-0.230526 -0.000000 
0.598072 -0.000000 
0.085612 -0.000000 
0.454319 0.000000 
-0.008097 -0.000000 
-0.733785 -0.000000 
0.210971 -0.000000 
-0.021229 -0.000000 
0.362540 0.000000 
0.340053 -0.000000 
0.213739 0.000000 
0.260568 0.000000 
1.018923 -0.000000 
-0.141289 0.000000 
-0.179233 0.000000 
0.204830 0.000000 
-1.210778 0.000000 
-0.348020 0.000000 
0.858873 0.000000 
-0.039407 0.000000 
0.111790 0.000000 
-0.887293 0.000000 
0.681414 0.000000 
-0.380571 0.000000 
-0.365223 -0.000000 
-0.664313 0.000000 
-0.488429 0.000000 
0.659293 0.000000 
0.099429 -0.000000 
-0.149950 0.000000 
-0.137139 -0.000000 
0.083567 -0.000000 
-0.806872 0.000000 
-1.109410 -0.000000 
-0.372224 0.000000 
-0.066673 -0.000000 
-0.916072 0.000000 
0.229547 -0.000000 
0.697519 -0.000000 
-0.666174 0.000000 
-0.176347 -0.000000 
0.063408 0.000000 
-0.317316 0.000000 
-0.195763 0.000000 
0.212133 0.000000 
0.111312 -0.000000 
-0.441450 0.000000 
0.831155 0.000000 
0.628772 0.000000 
-0.379143 0.000000 
-0.144140 0.000000 
-0.546933 0.000000 
0.088867 -0.000000 
0.167937 -0.000000 
0.988513 -0.000000 
-0.720472 0.000000 
-0.819232 0.000000 
-0.182913 0.000000 
0.918381 -0.000000 
-0.229885 -0.000000 
0.161555 0.000000 
-0.184827 0.000000 
-0.884983 -0.000000 
-0.078610 0.000000 
-0.499212 0.000000 
0.299595 0.000000 
0.538634 0.000000 
-0.570034 -0.000000 
-0.195984 -0.000000 
-1.120752 -0.000000 
-0.111941 -0.000000 
0.469272 -0.000000 
0.121319 0.000000 
0.090344 0.000000 
-0.031967 0.000000 
-0.230772 0.000000 
-0.533732 -0.000000 
-0.541344 0.000000 
-0.000553 0.000000 
0.497119 -0.000000 
-0.516342 0.000000 
-0.462848 0.000000 
-0.322795 0.000000 
-0.140667 0.000000 
-0.441500 0.000000 
-0.392026 0.000000 
0.810748 0.000000 
0.519794 -0.000000 
-0.107242 0.000000 
-0.554626 0.000000 
-0.185240 -0.000000 
0.190088 0.000000 
-0.334560 -0.000000 
0.447807 0.000000 
0.152202 0.000000 
-0.174815 -0.000000 
-0.372824 -0.000000 
-0.551034 0.000000 
0.807225 0.000000 
0.311669 0.000000 
0.470220 0.000000 
0.159241 0.000000 
0.052802 0.000000 
-0.832210 0.000000 
-0.091254 0.000000 
0.257242 0.000000 
-0.323896 0.000000 
-0.747094 0.000000 
0.153208 0.000000 
-0.635307 0.000000 
0.469324 0.000000 
0.027129 0.000000 
0.092726 0.000000 
0.090326 0.000000 
0.157099 0.000000 
0.247764 0.000000 
-0.280134 0.000000 
0.409934 0.000000 
0.076964 -0.000000 
-0.004776 -0.000000 
0.061952 0.000000 
-0.160205 -0.000000 
0.562027 0.000000 
-0.397946 0.000000 
0.100008 0.000000 
0.023209 0.000000 
0.202814 0.000000 
0.705035 -0.000000 
-0.575659 0.000000 
0.362518 -0.000000 
0.447977 -0.000000 
-0.533271 0.000000 
0.565727 0.000000 
-0.003780 -0.000000 
0.335461 0.000000 
-0.705908 -0.000000 
-0.539952 0.000000 
0.283737 -0.000000 
-0.400786 -0.000000 
0.726996 -0.000000 
0.632079 0.000000 
-0.449727 0.000000 
0.912814 -0.000000 
-0.596399 0.000000 
0.089327 0.000000 
-0.121256 -0.000000 
0.075981 -0.000000 
-0.409348 0.000000 
-0.408290 -0.000000 
-0.096722 0.000000 
-0.882642 0.000000 
0.512169 0.000000 
-0.144358 0.000000 
-0.007270 -0.000000 
1.133010 0.000000 
-0.840528 0.000000 
0.388250 -0.000000 
-0.516094 -0.000000 
-0.326203 -0.000000 
-0.270021 0.000000 
-0.317474 0.000000 
0.260899 -0.000000 
-0.515787 0.000000 
0.188566 -0.000000 
0.235453 -0.000000 
-0.433853 0.000000 
-0.221811 0.000000 
0.404380 0.000000 
-0.609790 0.000000 
-0.255555 0.000000 
0.009190 0.000000 
0.746625 -0.000000 
-0.634916 0.000000 
-0.733693 0.000000 
0.195731 0.000000 
0.736044 0.000000 
0.544210 0.000000 
0.780786 -0.000000 
-0.204219 -0.000000 
0.029929 -0.000000 
0.372514 -0.000000 
0.381052 0.000000 
0.249906 -0.000000 
0.055543 0.000000 
0.444871 0.000000 
-0.459224 -0.000000 
-0.245361 0.000000 
0.007928 -0.000000 
0.298177 0.000000 
-0.185507 0.000000 
-0.823922 -0.000000 
-0.167812 -0.000000 
0.653555 0.000000 
1.049048 0.000000 
-0.005277 0.000000 
0.022944 -0.000000 
0.213277 0.000000 
-0.527206 -0.000000 
-0.223542 0.000000 
0.118687 0.000000 
-0.160894 0.000000 
0.059097 0.000000 
0.530139 0.000000 
-0.047053 0.000000 
-0.083405 -0.000000 
0.182031 -0.000000 
0.484654 0.000000 
-0.860168 0.000000 
0.637799 0.000000 
0.054017 -0.000000 
0.229852 0.000000 
-0.141029 -0.000000 
-0.283713 0.000000 
-0.492554 -0.000000 
0.237113 0.000000 
-0.074293 0.000000 
-0.208055 0.000000 
-0.345237 -0.000000 
0.627295 0.000000 
0.237167 -0.000000 
0.324098 0.000000 
-0.249919 0.000000 
-0.438264 -0.000000 
0.170084 -0.000000 
-0.428649 -0.000000 
-1.000493 -0.000000 
0.450243 0.000000 
0.609246 0.000000 
-0.030869 0.000000 
-0.444715 0.000000 
-0.112580 -0.000000 
0.222194 0.000000 
0.186628 0.000000 
-0.105382 0.000000 
-0.271602 0.000000 
-0.311660 -0.000000 
0.550903 -0.000000 
-0.896805 0.000000 
0.510647 -0.000000 
0.652166 0.000000 
-0.222138 0.000000 
0.855561 0.000000 
0.239696 0.000000 
-0.162916 -0.000000 
-1.000389 0.000000 
-0.002454 0.000000 
0.244779 0.000000 
-0.476239 -0.000000 
-0.272841 0.000000 
0.018427 0.000000 
-0.306180 0.000000 
0.323959 0.000000 
-0.014028 -0.000000 
0.409068 -0.000000 
0.164707 -0.000000 
0.836714 -0.000000 
0.009641 0.000000 
0.780849 -0.000000 
0.142386 0.000000 
0.413333 0.000000 
-0.460493 -0.000000 
0.001717 -0.000000 
0.001775 -0.000000 
0.548898 0.000000 
0.542050 -0.000000 
-0.285117 -0.000000 
0.059990 0.000000 
-0.390812 0.000000 
-0.787239 0.000000 
-0.092575 0.000000 
0.728451 0.000000 
-0.306835 0.000000 
0.460131 0.000000 
0.294259 0.000000 
-0.277053 0.000000 
0.081220 -0.000000 
-0.084883 0.000000 
-0.386361 -0.000000 
-0.192368 -0.000000 
0.341206 0.000000 
-0.633126 0.000000 
-0.175496 -0.000000 
-0.592411 0.000000 
0.597612 0.000000 
0.411078 0.000000 
-0.090432 0.000000 
-0.110245 0.000000 
1.186835 0.000000 
0.400435 -0.000000 
0.261083 -0.000000 
0.383263 -0.000000 
1.189288 -0.000000 
-0.261924 -0.000000 
-0.017917 -0.000000 
-0.817350 0.000000 
-0.263212 0.000000 
0.342213 0.000000 
-0.061236 -0.000000 
0.136032 -0.000000 
0.760460 -0.000000 
1.179231 0.000000 
0.263905 0.000000 
-0.374016 -0.000000 
0.131739 -0.000000 
0.774123 -0.000000 
-0.916310 -0.000000 
0.929113 0.000000 
0.213511 0.000000 
-0.248399 -0.000000 
0.561290 0.000000 
0.112604 0.000000 
-1.117106 0.000000 
0.029209 -0.000000 
0.008815 -0.000000 
-0.462166 -0.000000 
-0.253787 0.000000 
0.495587 0.000000 
0.381189 0.000000 
0.196463 -0.000000 
0.437712 0.000000 
-0.029611 0.000000 
-0.387727 0.000000 
0.296571 -0.000000 
0.046425 -0.000000 
-0.650548 -0.000000 
0.429859 -0.000000 
-0.232858 -0.000000 
0.662434 0.000000 
-0.187717 0.000000 
-0.478032 0.000000 
-0.697616 0.000000 
0.288741 0.000000 
0.358114 0.000000 
-0.370879 -0.000000 
-0.680708 0.000000 
0.184133 -0.000000 
-0.044095 0.000000 
-0.222866 0.000000 
-1.265685 0.000000 
0.247221 0.000000 
0.474500 -0.000000 
0.407469 -0.000000 
0.569331 0.000000 
-0.594725 0.000000 
0.658929 -0.000000 
0.763067 -0.000000 
0.459440 0.000000 
-0.144274 0.000000 
0.462536 0.000000 
-0.897729 -0.000000 
0.300601 0.000000 
0.634322 0.000000 
-0.347274 0.000000 
0.228513 -0.000000 
-0.403024 0.000000 
0.147877 0.000000 
0.442975 -0.000000 
0.021806 0.000000 
0.425661 0.000000 
-0.551846 0.000000 
0.272810 0.000000 
-0.044174 0.000000 
0.103499 0.000000 
-1.270920 0.000000 
0.164326 0.000000 
0.774189 0.000000 
-0.126708 -0.000000 
-0.177311 0.000000 
-0.998527 0.000000 
0.419116 0.000000 
0.285064 0.000000 
-0.827948 0.000000 
-0.109557 0.000000 
0.068186 0.000000 
0.268314 0.000000 
0.105262 0.000000 
0.409587 0.000000 
-0.093511 -0.000000 
0.422713 0.000000 
0.322860 -0.000000 
-0.100190 0.000000 
-0.072751 0.000000 
0.390022 0.000000 
-1.284915 0.000000 
0.311592 0.000000 
0.010878 -0.000000 
-0.210187 0.000000 
0.270576 -0.000000 
-0.462342 0.000000 
0.123367 -0.000000 
-0.850164 0.000000 
-0.633133 0.000000 
-1.114628 0.000000 
-0.365311 0.000000 
-0.204812 0.000000 
-1.055198 0.000000 
0.102333 -0.000000 
0.417051 0.000000 
0.223651 -0.000000 
-0.327184 -0.000000 
0.461658 0.000000 
0.744388 -0.000000 
0.182530 -0.000000 
1.194168 -0.000000 
-0.546678 -0.000000 
0.473349 0.000000 
0.791902 0.000000 
0.240926 -0.000000 
-0.111310 0.000000 
0.631727 -0.000000 
0.245198 0.000000 
0.127274 0.000000 
0.255926 -0.000000 
-0.427609 -0.000000 
-0.367733 0.000000 
0.193133 0.000000 
0.448459 0.000000 
0.355544 0.000000 
0.994990 0.000000 
0.191747 -0.000000 
-0.117829 0.000000 
0.063215 -0.000000 
0.338299 0.000000 
0.126075 0.000000 
0.089466 -0.000000 
-0.261404 0.000000 
1.001264 0.000000 
-0.017498 0.000000 
-0.201472 0.000000 
0.337814 0.000000 
-0.574444 -0.000000 
0.557074 0.000000 
0.119973 -0.000000 
0.172416 0.000000 
0.269027 0.000000 
0.631744 -0.000000 
-0.084890 0.000000 
0.368412 0.000000 
-0.466100 -0.000000 
-0.365079 0.000000 
0.373707 0.000000 
0.044988 0.000000 
0.000682 0.000000 
0.689348 0.000000 
-0.045869 -0.000000 
0.126268 -0.000000 
-0.320081 0.000000 
0.119575 -0.000000 
-0.683138 0.000000 
-0.678406 -0.000000 
-0.232955 -0.000000 
1.061407 0.000000 
-0.798039 -0.000000 
0.070632 -0.000000 
0.543020 -0.000000 
0.118862 0.000000 
-0.186053 0.000000 
-0.860470 0.000000 
0.086136 0.000000 
-0.350566 -0.000000 
-0.844833 0.000000 
-0.672597 0.000000 
-0.650763 0.000000 
0.548262 -0.000000 
0.592368 -0.000000 
0.697242 0.000000 
-0.083349 0.000000 
0.179650 0.000000 
-0.169284 -0.000000 
0.169349 0.000000 
1.112956 0.000000 
0.005568 0.000000 
-0.785024 0.000000 
-0.242144 0.000000 
-0.386809 -0.000000 
0.468669 0.000000 
-0.184792 0.000000 
0.469807 0.000000 
-0.814246 -0.000000 
0.522100 0.000000 
0.097964 0.000000 
-0.217972 0.000000 
0.204493 -0.000000 
-0.830333 0.000000 
-0.346534 -0.000000 
-0.828338 0.000000 
0.927664 0.000000 
-0.735181 0.000000 
0.908110 -0.000000 
-0.307536 0.000000 
-0.395223 -0.000000 
-0.653582 0.000000 
0.979567 0.000000 
0.562370 0.000000 
0.176276 0.000000 
-0.170269 -0.000000 
-0.396469 -0.000000 
-0.230227 -0.000000 
0.013274 -0.000000 
-0.418916 0.000000 
-0.034170 0.000000 
0.501023 0.000000 
0.686413 0.000000 
-0.854246 0.000000 
-0.248417 0.000000 
-0.298234 -0.000000 
0.406178 0.000000 
0.382047 0.000000 
-0.214374 0.000000 
-0.448321 -0.000000 
-0.838424 0.000000 
0.515948 0.000000 
-0.320297 0.000000 
-0.000600 0.000000 
-0.276592 -0.000000 
-0.202746 0.000000 
-0.318727 0.000000 
-0.339722 0.000000 
0.260585 -0.000000 
0.611568 0.000000 
-0.019708 0.000000 
-0.832762 -0.000000 
0.517465 0.000000 
-0.074258 0.000000 
-0.125423 0.000000 
-1.213408 -0.000000 
1.128269 -0.000000 
0.444327 -0.000000 
-0.310708 0.000000 
0.492427 0.000000 
0.897416 0.000000 
-0.351398 -0.000000 
-0.013943 -0.000000 
0.231052 -0.000000 
0.182096 0.000000 
-0.445986 -0.000000 
-0.304014 0.000000 
0.319396 0.000000 
-0.167203 0.000000 
0.123915 0.000000 
-0.169520 -0.000000 
0.849393 -0.000000 
0.446359 0.000000 
0.555302 0.000000 
-0.851953 0.000000 
0.246266 0.000000 
0.455153 -0.000000 
0.346193 0.000000 
-0.028711 0.000000 
0.744049 -0.000000 
-0.183190 0.000000 
-0.790665 0.000000 
-0.054828 0.000000 
0.600542 0.000000 
0.015174 0.000000 
-0.303708 0.000000 
0.082612 -0.000000 
-0.714216 0.000000 
0.624867 0.000000 
0.080546 0.000000 
-0.036868 -0.000000 
0.143108 0.000000 
0.375607 0.000000 
-0.154544 0.000000 
-1.070882 0.000000 
0.411097 0.000000 
-0.305501 0.000000 
-0.123981 0.000000 
0.021453 -0.000000 
-0.726394 -0.000000 
-0.143809 -0.000000 
-0.222958 0.000000 
-0.268671 -0.000000 
0.314310 0.000000 
-0.534483 0.000000 
0.054352 -0.000000 
-0.276899 -0.000000 
0.191221 0.000000 
0.511130 0.000000 
0.836645 0.000000 
-1.243325 0.000000 
0.420267 0.000000 
0.274984 0.000000 
0.357400 0.000000 
0.209460 0.000000 
-0.424546 0.000000 
-0.203815 0.000000 
-0.129468 0.000000 
-1.045727 -0.000000 
0.401356 0.000000 
0.252582 0.000000 
-0.093320 -0.000000 
-0.006254 0.000000 
-0.472435 -0.000000 
-0.624386 -0.000000 
0.578513 0.000000 
0.132462 0.000000 
0.970426 0.000000 
-0.588915 0.000000 
0.008023 -0.000000 
0.543142 0.000000 
0.087614 0.000000 
1.232983 0.000000 
-0.108427 -0.000000 
-0.237478 -0.000000 
0.040503 -0.000000 
0.227839 -0.000000 
0.376404 -0.000000 
-0.390797 -0.000000 
0.346964 0.000000 
0.724300 -0.000000 
-0.100861 -0.000000 
0.014018 -0.000000 
0.381546 0.000000 
-0.412899 0.000000 
-0.473016 0.000000 
-0.317973 -0.000000 
-0.253837 0.000000 
-0.869564 0.000000 
0.166055 0.000000 
0.519826 -0.000000 
0.425685 0.000000 
-0.203000 0.000000 
0.469700 -0.000000 
-0.225241 0.000000 
0.105414 0.000000 
0.016656 -0.000000 
-0.868100 0.000000 
-0.127230 0.000000 
-0.069898 0.000000 
0.647655 -0.000000 
0.034394 -0.000000 
-0.738231 -0.000000 
0.418192 0.000000 
-0.087234 0.000000 
0.322716 0.000000 
0.477670 0.000000 
0.545696 0.000000 
-0.069579 0.000000 
0.263004 0.000000 
-0.058885 0.000000 
-1.329475 0.000000 
0.447397 0.000000 
-0.318599 -0.000000 
-0.815334 -0.000000 
0.350652 0.000000 
-0.088652 0.000000 
-0.370264 0.000000 
-0.343892 0.000000 
-0.121199 0.000000 
-1.109959 0.000000 
-0.783240 -0.000000 
0.185377 -0.000000 
-0.025442 0.000000 
0.383123 0.000000 
-0.086720 0.000000 
0.155217 0.000000 
-0.157625 0.000000 
-0.400513 -0.000000 
0.301544 -0.000000 
-0.962245 0.000000 
0.249670 0.000000 
-0.014127 0.000000 
-0.797028 0.000000 
0.149804 0.000000 
0.554245 0.000000 
0.644480 -0.000000 
-0.040554 -0.000000 
0.498394 0.000000 
0.340071 0.000000 
0.041862 -0.000000 
-0.087904 0.000000 
-0.373010 0.000000 
0.282644 0.000000 
-0.182472 -0.000000 
-0.057212 -0.000000 
-0.587127 -0.000000 
0.452519 0.000000 
0.921615 0.000000 
0.119649 0.000000 
-0.498677 -0.000000 
0.475894 -0.000000 
-0.307366 0.000000 
0.613369 -0.000000 
-0.075755 0.000000 
0.028975 -0.000000 
-0.200972 -0.000000 
-0.017985 -0.000000 
0.681372 0.000000 
0.424725 0.000000 
-0.451818 -0.000000 
-0.180871 0.000000 
0.026681 -0.000000 
0.368315 0.000000 
0.312830 -0.000000 
