-2.016272 2.016272 
0.000000 0.500000 -0.000553 
0.000000 0.000000 0.000000 

0.034206 -0.000000 
1.016586 0.000000 
-0.237339 0.000000 
-0.001395 0.000000 
-0.034739 0.000000 
0.383639 0.000000 
-0.257369 0.000000 
-0.906838 0.000000 
0.024320 0.000000 
-0.193645 0.000000 
-0.049099 0.000000 
-0.173974 0.000000 
0.458977 -0.000000 
0.415198 0.000000 
-0.703368 -0.000000 
-0.015950 -0.000000 
-0.213940 0.000000 
-0.057133 0.000000 
0.562568 -0.000000 
0.620928 0.000000 
0.085765 0.000000 
0.407603 0.000000 
-0.259605 0.000000 
0.903360 0.000000 
0.081021 -0.000000 
-0.202299 -0.000000 
0.058887 0.000000 
-0.452139 0.000000 
0.546264 0.000000 
-0.643596 0.000000 
0.004801 -0.000000 
-0.004711 0.000000 
-1.063435 0.000000 
-0.204493 -0.000000 
-0.090493 0.000000 
-0.370254 0.000000 
-0.223601 0.000000 
0.354713 0.000000 
0.089263 -0.000000 
-0.476983 0.000000 
0.406949 -0.000000 
0.316664 -0.000000 
-0.108337 0.000000 
-0.574559 0.000000 
-0.130527 -0.000000 
-0.863775 -0.000000 
0.248484 0.000000 
-0.256122 0.000000 
-0.140844 0.000000 
0.654704 0.000000 
-0.762651 -0.000000 
-0.665722 -0.000000 
0.564084 -0.000000 
-0.985328 0.000000 
0.477185 0.000000 
-1.332881 0.000000 
-0.851083 0.000000 
0.130381 -0.000000 
-0.405958 -0.000000 
0.547634 -0.000000 
0.226778 0.000000 
0.716462 0.000000 
-0.567502 -0.000000 
0.112603 0.000000 
0.423316 0.000000 
-0.250838 0.000000 
-0.070381 0.000000 
-0.468501 0.000000 
0.043509 -0.000000 
0.708398 -0.000000 
-0.294767 0.000000 
-0.481413 0.000000 
-0.064676 0.000000 
-0.412843 -0.000000 
-0.078557 0.000000 
-1.224860 -0.000000 
0.622141 -0.000000 
0.376201 0.000000 
0.414180 0.000000 
-0.165611 -0.000000 
0.503033 0.000000 
0.268791 0.000000 
-0.208777 0.000000 
0.146825 0.000000 
-0.993356 0.000000 
0.166869 -0.000000 
0.129528 -0.000000 
0.882656 0.000000 
0.719836 0.000000 
-0.011217 0.000000 
0.048634 0.000000 
-0.219087 0.000000 
-0.890129 -0.000000 
-0.164581 0.000000 
1.021990 -0.000000 
0.962175 0.000000 
0.813745 -0.000000 
-0.069939 -0.000000 
-0.037266 0.000000 
-0.420097 0.000000 
-0.333210 0.000000 
-0.598268 0.000000 
-0.099073 0.000000 
0.058151 0.000000 
0.469776 -0.000000 
0.124357 -0.000000 
0.550640 -0.000000 
0.959819 -0.000000 
1.119328 -0.000000 
-0.260279 0.000000 
-0.003662 0.000000 
-0.092064 -0.000000 
0.269330 0.000000 
0.171553 0.000000 
-0.035224 -0.000000 
0.439341 0.000000 
0.793991 0.000000 
-0.756714 0.000000 
0.016490 -0.000000 
-0.497228 0.000000 
-0.208397 0.000000 
-0.716768 0.000000 
0.251753 0.000000 
0.542900 0.000000 
0.867015 0.000000 
0.540823 0.000000 
0.139524 0.000000 
0.114346 0.000000 
0.190076 -0.000000 
0.659347 0.000000 
0.008458 -0.000000 
-0.264093 0.000000 
-0.335578 0.000000 
-0.492157 0.000000 
0.228268 0.000000 
0.168734 -0.000000 
-0.370508 -0.000000 
-0.095977 0.000000 
1.209802 0.000000 
0.548530 0.000000 
0.731470 0.000000 
0.114976 -0.000000 
0.433321 0.000000 
0.155836 -0.000000 
0.610333 -0.000000 
1.121881 0.000000 
0.103500 0.000000 
0.293434 0.000000 
-0.613974 0.000000 
0.762833 0.000000 
-0.563405 0.000000 
-0.664615 -0.000000 
-0.074039 0.000000 
0.209857 -0.000000 
-0.220931 -0.000000 
0.581316 0.000000 
0.538092 0.000000 
-0.560300 0.000000 
-0.485943 0.000000 
-0.619561 -0.000000 
-0.111717 0.000000 
0.701095 0.000000 
0.395519 0.000000 
0.080112 0.000000 
0.773154 0.000000 
-0.559217 0.000000 
-0.577317 -0.000000 
0.168428 0.000000 
-0.799587 0.000000 
0.298939 0.000000 
0.205345 0.000000 
-0.659940 0.000000 
0.002127 0.000000 
0.259774 0.000000 
0.343412 0.000000 
0.966266 0.000000 
0.486544 0.000000 
0.216809 -0.000000 
-0.447884 0.000000 
0.290674 0.000000 
-0.042500 0.000000 
-0.772746 0.000000 
-0.463020 -0.000000 
-0.261822 -0.000000 
0.428775 0.000000 
-0.247225 0.000000 
-0.851140 0.000000 
0.046618 -0.000000 
-0.088854 -0.000000 
-0.209634 0.000000 
0.317918 0.000000 
-0.804488 -0.000000 
0.447081 0.000000 
-0.723852 0.000000 
0.164888 -0.000000 
-0.196328 0.000000 
-0.172032 -0.000000 
0.150516 0.000000 
-0.284232 0.000000 
0.227956 -0.000000 
-0.005714 0.000000 
-0.019545 -0.000000 
0.083086 0.000000 
0.455292 0.000000 
-0.376368 0.000000 
0.192983 -0.000000 
-0.187648 0.000000 
-0.510658 -0.000000 
0.098946 0.000000 
0.114617 0.000000 
0.157797 0.000000 
-0.201547 0.000000 
0.464207 -0.000000 
1.036805 0.000000 
-0.492590 0.000000 
-0.467978 -0.000000 
-0.061968 -0.000000 
-0.292733 0.000000 
0.259803 0.000000 
0.298270 0.000000 
-0.476380 0.000000 
0.698497 -0.000000 
0.535311 0.000000 
-0.319017 -0.000000 
-0.486014 0.000000 
-0.261908 0.000000 
-0.826152 0.000000 
0.346810 0.000000 
-0.823796 0.000000 
-0.906054 0.000000 
-0.067461 0.000000 
0.186641 0.000000 
-0.600051 0.000000 
1.032264 0.000000 
0.738605 0.000000 
0.118449 -0.000000 
-0.489394 0.000000 
-0.198067 0.000000 
-0.485297 0.000000 
0.125425 -0.000000 
-0.148270 -0.000000 
-0.722349 0.000000 
0.091217 0.000000 
-0.146494 0.000000 
-0.358707 0.000000 
0.517748 0.000000 
-0.974609 0.000000 
-0.641633 -0.000000 
-0.209256 0.000000 
0.374804 0.000000 
1.332896 0.000000 
-0.481618 -0.000000 
-0.084051 0.000000 
-0.057759 0.000000 
-0.065113 0.000000 
-0.484829 0.000000 
