-2.313114 2.313114 
0.000000 0.500000 -0.002255 
0.000000 0.000000 0.000000 

-1.119755 -0.000000 
-0.299512 0.000000 
0.577888 0.000000 
0.149102 0.000000 
0.402341 -0.000000 
0.211677 0.000000 
0.360691 -0.000000 
0.102897 0.000000 
0.181084 0.000000 
0.360584 0.000000 
0.565167 0.000000 
0.135193 0.000000 
1.014453 0.000000 
-0.363628 0.000000 
-0.149802 0.000000 
0.260974 0.000000 
-0.758818 0.000000 
0.426017 0.000000 
-0.149846 -0.000000 
-0.230587 -0.000000 
0.393010 0.000000 
0.143734 0.000000 
-0.307684 -0.000000 
-0.010975 0.000000 
-1.013549 0.000000 
0.993232 0.000000 
0.129611 0.000000 
0.473552 -0.000000 
0.138792 0.000000 
-0.330094 0.000000 
-0.376435 0.000000 
0.003706 0.000000 
0.148841 0.000000 
0.524074 0.000000 
0.031741 -0.000000 
1.121168 -0.000000 
0.114945 -0.000000 
-0.183613 0.000000 
-0.235056 -0.000000 
0.185278 0.000000 
-0.641360 -0.000000 
0.228131 -0.000000 
0.407451 0.000000 
0.741989 0.000000 
0.434389 0.000000 
-0.544876 0.000000 
0.188840 0.000000 
0.145754 0.000000 
0.558970 0.000000 
0.551273 0.000000 
0.271679 -0.000000 
-0.470253 0.000000 
0.290228 -0.000000 
-0.718983 0.000000 
0.095704 0.000000 
0.196013 0.000000 
-0.404895 0.000000 
-0.642745 0.000000 
-0.263922 0.000000 
0.338912 0.000000 
0.139900 0.000000 
0.459834 -0.000000 
-0.378033 -0.000000 
-0.898392 0.000000 
-0.091128 0.000000 
-0.239465 0.000000 
-0.434490 0.000000 
-0.418855 0.000000 
-0.167223 0.000000 
0.356603 0.000000 
-0.090088 -0.000000 
-0.469449 0.000000 
-0.101894 0.000000 
-0.471112 -0.000000 
-0.704349 -0.000000 
-0.405912 0.000000 
-0.303788 0.000000 
0.220605 -0.000000 
0.328311 0.000000 
0.419147 0.000000 
0.327877 0.000000 
0.071565 -0.000000 
-0.729951 0.000000 
-0.265414 -0.000000 
-0.375613 -0.000000 
-0.078814 0.000000 
-0.203840 0.000000 
-0.346769 -0.000000 
0.498910 0.000000 
0.122734 0.000000 
0.682282 0.000000 
-0.034910 0.000000 
-0.580977 0.000000 
1.110382 0.000000 
0.526550 0.000000 
0.204715 0.000000 
-0.271815 0.000000 
0.169466 -0.000000 
0.545880 0.000000 
0.089411 0.000000 
-1.406181 0.000000 
-0.513645 0.000000 
-0.183848 0.000000 
-0.087905 0.000000 
-0.773158 0.000000 
0.448557 0.000000 
0.439638 -0.000000 
0.172094 0.000000 
-0.254020 -0.000000 
-0.486554 0.000000 
0.489072 0.000000 
-0.754211 -0.000000 
0.526013 0.000000 
-0.089778 -0.000000 
-0.760813 0.000000 
0.089507 -0.000000 
0.103280 -0.000000 
0.911623 0.000000 
-0.119886 0.000000 
-0.081965 0.000000 
-0.662294 0.000000 
-0.437780 0.000000 
-0.195937 -0.000000 
0.583947 0.000000 
-0.414409 -0.000000 
-0.769931 -0.000000 
-0.302524 -0.000000 
-0.103685 -0.000000 
0.094814 -0.000000 
-0.083580 0.000000 
0.277559 0.000000 
0.039795 0.000000 
0.239822 0.000000 
0.110530 0.000000 
0.970778 0.000000 
0.100990 0.000000 
-0.688862 -0.000000 
-1.134885 -0.000000 
-0.070183 0.000000 
-0.474318 0.000000 
-0.764110 -0.000000 
0.079916 0.000000 
0.232721 0.000000 
-0.664696 0.000000 
0.570209 0.000000 
0.265866 0.000000 
-0.233074 0.000000 
-0.627146 0.000000 
-0.033382 -0.000000 
-0.679214 -0.000000 
-1.634034 -0.000000 
0.162768 0.000000 
0.320752 0.000000 
-0.226916 -0.000000 
-1.012991 0.000000 
0.058909 0.000000 
-0.448195 0.000000 
-0.044253 0.000000 
-0.232385 0.000000 
0.633795 0.000000 
0.378713 0.000000 
0.454187 0.000000 
0.364796 0.000000 
0.916025 0.000000 
-0.067127 -0.000000 
0.249797 0.000000 
-0.010868 0.000000 
0.732040 0.000000 
-0.163462 0.000000 
-0.393612 -0.000000 
-0.226881 -0.000000 
0.707546 0.000000 
0.592689 0.000000 
-0.765657 0.000000 
0.280327 0.000000 
0.745584 0.000000 
0.262341 -0.000000 
-0.259953 0.000000 
0.153119 0.000000 
-0.011800 0.000000 
-0.190127 0.000000 
0.006312 -0.000000 
0.925145 0.000000 
-0.125336 0.000000 
0.509736 -0.000000 
-0.075052 -0.000000 
0.146138 0.000000 
0.167716 0.000000 
0.362761 0.000000 
-0.169458 0.000000 
-0.237869 -0.000000 
0.205149 0.000000 
0.234574 -0.000000 
0.590952 -0.000000 
0.293638 -0.000000 
0.413039 0.000000 
0.581052 -0.000000 
-0.475197 0.000000 
0.300907 0.000000 
-0.121308 -0.000000 
0.749086 -0.000000 
0.225743 -0.000000 
-0.946859 -0.000000 
0.771162 0.000000 
0.092941 0.000000 
0.324445 0.000000 
-0.538394 0.000000 
-1.032575 0.000000 
-0.203253 0.000000 
-0.348598 -0.000000 
0.390821 -0.000000 
-0.038591 0.000000 
0.008853 0.000000 
-0.104037 -0.000000 
0.776105 0.000000 
-0.494004 0.000000 
-0.947710 0.000000 
0.211778 0.000000 
-0.427774 0.000000 
-0.684776 0.000000 
-0.607446 -0.000000 
-0.249860 0.000000 
-0.418786 0.000000 
0.823140 -0.000000 
-0.404335 -0.000000 
0.006453 -0.000000 
-0.053709 -0.000000 
-0.205394 0.000000 
0.116277 0.000000 
0.164050 0.000000 
-0.918016 0.000000 
-1.081499 0.000000 
-0.317428 -0.000000 
0.257093 0.000000 
-0.647753 -0.000000 
0.472039 0.000000 
0.466287 0.000000 
0.434556 0.000000 
-0.254357 0.000000 
-0.854015 0.000000 
-1.086275 0.000000 
0.128047 0.000000 
0.696951 0.000000 
1.610522 0.000000 
0.347805 -0.000000 
-0.247447 -0.000000 
0.139144 0.000000 
-0.372620 0.000000 
0.364507 -0.000000 
-0.777922 0.000000 
-0.294399 -0.000000 
0.250346 0.000000 
0.740610 -0.000000 
0.234734 0.000000 
-0.220604 0.000000 
0.125346 0.000000 
0.516002 -0.000000 
0.151420 0.000000 
-0.208189 0.000000 
-0.035698 -0.000000 
-0.075102 -0.000000 
0.743853 0.000000 
-0.113253 -0.000000 
0.178512 -0.000000 
0.077130 0.000000 
0.215636 0.000000 
-0.235059 0.000000 
0.124487 0.000000 
-0.336680 0.000000 
0.625584 -0.000000 
-0.680871 0.000000 
0.764234 0.000000 
-0.402610 0.000000 
0.008296 -0.000000 
0.056427 0.000000 
0.257703 0.000000 
0.925985 0.000000 
0.026263 -0.000000 
0.386149 -0.000000 
-0.071040 0.000000 
-0.208268 0.000000 
0.607486 -0.000000 
-0.356338 0.000000 
-0.417592 -0.000000 
-0.201047 0.000000 
-0.123549 -0.000000 
-0.310928 0.000000 
-0.082619 -0.000000 
0.814996 0.000000 
-0.273277 0.000000 
-0.223771 -0.000000 
0.266052 -0.000000 
-0.539046 0.000000 
-0.349331 0.000000 
-0.093804 0.000000 
1.299288 0.000000 
1.420602 -0.000000 
0.040375 0.000000 
0.362371 0.000000 
0.066616 -0.000000 
-0.649353 0.000000 
-0.808003 -0.000000 
0.012757 -0.000000 
-0.179275 0.000000 
-0.671262 -0.000000 
-0.532498 0.000000 
0.614759 -0.000000 
0.383921 0.000000 
-0.166085 0.000000 
-0.021857 -0.000000 
-0.433322 -0.000000 
1.173238 0.000000 
0.068936 0.000000 
-0.067442 0.000000 
0.053321 -0.000000 
-0.081087 0.000000 
0.185765 -0.000000 
0.257644 -0.000000 
-0.651009 0.000000 
0.197729 -0.000000 
-0.187223 0.000000 
-0.405309 0.000000 
-0.337927 -0.000000 
0.450520 -0.000000 
-0.940969 0.000000 
1.023369 -0.000000 
0.381967 -0.000000 
0.053271 0.000000 
-0.328173 0.000000 
0.384417 0.000000 
-0.035457 0.000000 
0.357921 0.000000 
-0.269623 -0.000000 
0.693643 0.000000 
-0.258833 0.000000 
0.526983 0.000000 
-0.313992 0.000000 
0.206015 0.000000 
-0.288303 0.000000 
-0.499464 0.000000 
-0.346934 -0.000000 
-0.461553 -0.000000 
0.134550 -0.000000 
-0.062516 0.000000 
-0.714281 -0.000000 
-0.334093 0.000000 
-0.517910 0.000000 
0.563969 -0.000000 
-0.330229 0.000000 
0.513476 0.000000 
-0.410216 -0.000000 
1.066029 -0.000000 
-0.242869 -0.000000 
0.485041 0.000000 
0.338270 0.000000 
0.488462 -0.000000 
0.076623 0.000000 
-0.156560 0.000000 
0.301909 -0.000000 
0.881316 0.000000 
0.099315 -0.000000 
-0.150554 -0.000000 
-0.113433 -0.000000 
0.576777 0.000000 
0.004489 0.000000 
0.458200 -0.000000 
-0.191752 -0.000000 
-0.843860 0.000000 
0.355010 0.000000 
0.037483 -0.000000 
-0.948955 0.000000 
0.452444 0.000000 
-0.496273 0.000000 
0.085152 0.000000 
-0.143011 0.000000 
0.038570 0.000000 
-0.141492 -0.000000 
-0.329926 -0.000000 
-0.861663 -0.000000 
-0.097392 0.000000 
-0.513562 0.000000 
-0.376636 -0.000000 
0.068830 0.000000 
0.504053 0.000000 
0.083185 0.000000 
-0.653990 0.000000 
-0.499065 0.000000 
0.211232 0.000000 
-0.195066 0.000000 
-0.269942 -0.000000 
0.365207 0.000000 
-0.173090 0.000000 
0.862381 0.000000 
-0.303349 -0.000000 
-0.313777 0.000000 
-0.592457 0.000000 
0.086673 -0.000000 
-0.460187 0.000000 
0.293597 0.000000 
-0.013692 0.000000 
0.000281 0.000000 
0.264083 0.000000 
-0.061082 0.000000 
-0.197562 0.000000 
-0.058424 0.000000 
0.247592 0.000000 
0.163531 -0.000000 
0.076665 0.000000 
-0.275294 -0.000000 
0.182639 0.000000 
0.532967 0.000000 
0.625661 -0.000000 
-0.422877 0.000000 
0.005715 0.000000 
-0.713392 0.000000 
1.425292 0.000000 
-0.546851 0.000000 
0.435157 0.000000 
0.826887 0.000000 
0.739100 0.000000 
0.233908 0.000000 
-0.575230 0.000000 
0.444590 -0.000000 
-0.213926 0.000000 
-0.038493 0.000000 
0.279397 -0.000000 
0.210649 -0.000000 
-0.106317 -0.000000 
-0.333083 0.000000 
1.313583 -0.000000 
-0.604345 -0.000000 
-0.116692 0.000000 
0.138448 -0.000000 
0.657653 0.000000 
0.946626 -0.000000 
-0.192645 0.000000 
-0.814583 0.000000 
0.439422 0.000000 
-0.766459 -0.000000 
-0.538021 0.000000 
0.663821 -0.000000 
-0.044294 0.000000 
0.334114 0.000000 
0.398788 0.000000 
-0.453409 -0.000000 
-0.347499 0.000000 
-0.927574 -0.000000 
-0.618806 0.000000 
-0.563287 0.000000 
0.647240 -0.000000 
-0.094043 -0.000000 
-0.654154 0.000000 
-0.320271 0.000000 
0.746659 0.000000 
0.012333 0.000000 
0.456623 0.000000 
-0.315129 0.000000 
-0.471776 0.000000 
-0.217233 0.000000 
0.388629 -0.000000 
0.326844 0.000000 
0.248988 0.000000 
-0.302710 0.000000 
0.780056 -0.000000 
0.051145 0.000000 
0.924507 0.000000 
-1.315133 -0.000000 
-0.570280 0.000000 
-0.288586 0.000000 
-0.283466 0.000000 
0.519036 0.000000 
0.113845 -0.000000 
0.096681 -0.000000 
-0.373713 -0.000000 
-1.221415 -0.000000 
0.358667 0.000000 
0.195059 0.000000 
-0.401453 -0.000000 
0.475509 0.000000 
0.054426 0.000000 
0.318234 0.000000 
0.273754 0.000000 
0.180335 -0.000000 
-0.428601 -0.000000 
-0.241478 0.000000 
0.418859 0.000000 
-0.629810 -0.000000 
-0.396845 0.000000 
0.216994 -0.000000 
-0.095031 0.000000 
-0.262424 0.000000 
-0.535414 -0.000000 
0.728961 0.000000 
0.303452 0.000000 
0.217425 0.000000 
-1.047447 0.000000 
-0.126714 0.000000 
-0.054416 -0.000000 
0.524673 0.000000 
-0.176838 0.000000 
-0.291075 -0.000000 
0.814487 -0.000000 
0.432056 -0.000000 
-0.791076 0.000000 
-0.088951 0.000000 
0.411636 0.000000 
-0.450784 0.000000 
1.233670 0.000000 
0.133706 0.000000 
0.015350 0.000000 
0.019910 0.000000 
-1.030432 0.000000 
0.229830 -0.000000 
-0.213127 0.000000 
0.426581 0.000000 
-0.154114 -0.000000 
-0.359346 -0.000000 
0.379432 0.000000 
-0.263694 -0.000000 
-1.077240 0.000000 
-0.035261 0.000000 
0.469001 -0.000000 
-1.146469 0.000000 
-0.461440 0.000000 
-0.400168 0.000000 
-0.036644 0.000000 
-0.619602 0.000000 
0.704996 -0.000000 
-0.373045 -0.000000 
-0.359834 -0.000000 
0.280687 0.000000 
0.253551 0.000000 
1.133178 0.000000 
-0.286243 0.000000 
0.664365 0.000000 
0.042802 -0.000000 
-0.250908 0.000000 
-0.261338 0.000000 
-0.117105 0.000000 
0.247886 0.000000 
-0.673847 0.000000 
0.343291 0.000000 
-0.203185 0.000000 
-0.569148 -0.000000 
-0.446227 0.000000 
-0.921286 -0.000000 
-0.067502 0.000000 
0.405756 0.000000 
0.484612 -0.000000 
-0.197631 0.000000 
0.614603 0.000000 
-0.403442 0.000000 
0.061452 0.000000 
-0.242485 0.000000 
-0.029907 0.000000 
-0.708850 -0.000000 
0.212860 0.000000 
-0.426884 0.000000 
0.375522 0.000000 
-0.096477 -0.000000 
0.306952 -0.000000 
0.218219 0.000000 
0.634208 -0.000000 
0.202354 0.000000 
-0.242115 0.000000 
0.825292 0.000000 
-0.085147 -0.000000 
0.264563 0.000000 
-0.157123 0.000000 
-0.081337 0.000000 
-0.164259 0.000000 
0.767203 0.000000 
0.278386 0.000000 
-0.519606 0.000000 
-0.180483 0.000000 
-0.432560 0.000000 
-0.385487 0.000000 
0.655928 -0.000000 
0.551520 0.000000 
-0.337559 -0.000000 
-0.307295 0.000000 
-0.101218 0.000000 
0.645535 -0.000000 
-0.400881 0.000000 
0.078951 0.000000 
1.028096 -0.000000 
-0.243443 -0.000000 
-0.259967 0.000000 
0.742234 -0.000000 
0.404056 0.000000 
-0.488706 0.000000 
-0.612823 0.000000 
0.321022 -0.000000 
-0.150517 0.000000 
-0.317611 0.000000 
0.470085 0.000000 
-0.357960 0.000000 
0.487644 0.000000 
-0.128167 0.000000 
0.043213 -0.000000 
-0.185066 0.000000 
0.910293 0.000000 
0.063497 0.000000 
0.660696 0.000000 
-0.699903 0.000000 
0.301427 0.000000 
0.892489 -0.000000 
0.509811 0.000000 
-0.426254 -0.000000 
0.035505 0.000000 
0.223236 -0.000000 
0.311717 -0.000000 
0.353799 0.000000 
-0.367051 -0.000000 
-0.304498 -0.000000 
-0.074517 0.000000 
-0.072688 -0.000000 
-0.020459 -0.000000 
0.264610 0.000000 
0.204015 0.000000 
-0.513109 0.000000 
0.081355 0.000000 
-0.274118 0.000000 
0.825105 0.000000 
-0.293630 0.000000 
-0.041474 -0.000000 
-0.486996 0.000000 
1.210258 0.000000 
-0.095772 0.000000 
0.458621 -0.000000 
0.523929 0.000000 
-0.285349 -0.000000 
0.069524 0.000000 
0.485340 0.000000 
-0.275741 0.000000 
0.699812 -0.000000 
0.944916 0.000000 
0.435703 -0.000000 
0.647052 0.000000 
0.978035 -0.000000 
-0.557241 0.000000 
-0.465458 0.000000 
0.060734 0.000000 
0.442705 0.000000 
0.018046 0.000000 
-0.048716 0.000000 
-0.105209 0.000000 
0.181928 -0.000000 
0.077617 -0.000000 
0.115387 0.000000 
-0.041752 0.000000 
0.402646 0.000000 
0.239801 0.000000 
0.130572 0.000000 
-0.179793 0.000000 
-0.220138 0.000000 
-0.198046 0.000000 
-0.321199 0.000000 
0.078111 0.000000 
-0.321326 -0.000000 
0.605896 0.000000 
0.146739 0.000000 
-0.820364 -0.000000 
-0.004302 0.000000 
0.260716 0.000000 
-0.116294 0.000000 
0.228310 -0.000000 
0.175075 0.000000 
-0.424931 0.000000 
0.065385 0.000000 
-0.843764 0.000000 
-0.310251 0.000000 
-0.230538 0.000000 
-0.778546 0.000000 
0.745551 0.000000 
-0.105864 0.000000 
-0.135942 0.000000 
-0.020899 0.000000 
-0.116726 0.000000 
-0.615153 0.000000 
-0.756995 -0.000000 
-0.433343 -0.000000 
0.272520 0.000000 
-0.836509 -0.000000 
0.117251 0.000000 
0.620389 -0.000000 
0.844575 0.000000 
0.154599 0.000000 
0.983844 0.000000 
0.382135 -0.000000 
0.760202 0.000000 
0.717249 -0.000000 
-0.728711 0.000000 
-0.400740 0.000000 
-0.983351 -0.000000 
-0.105965 0.000000 
-0.517905 -0.000000 
0.474779 0.000000 
-0.200185 0.000000 
0.269428 0.000000 
-0.000857 -0.000000 
0.193072 0.000000 
-0.144630 0.000000 
-0.433759 0.000000 
0.497162 0.000000 
-0.974715 0.000000 
-0.103934 0.000000 
0.455342 0.000000 
0.615465 -0.000000 
-0.383681 0.000000 
-0.044422 0.000000 
-0.949756 0.000000 
1.158188 0.000000 
0.164436 -0.000000 
-0.337176 0.000000 
0.599218 0.000000 
0.578499 0.000000 
-0.271286 -0.000000 
0.060713 0.000000 
-0.529803 0.000000 
-0.001005 -0.000000 
0.584435 0.000000 
-0.894838 -0.000000 
-0.592029 -0.000000 
0.399998 -0.000000 
0.444108 0.000000 
-0.262579 0.000000 
-0.057360 0.000000 
0.437737 -0.000000 
0.300593 -0.000000 
0.460889 0.000000 
-0.298434 0.000000 
0.930781 0.000000 
0.586978 0.000000 
0.146870 -0.000000 
-0.792796 -0.000000 
-0.699128 0.000000 
0.408921 0.000000 
0.809003 0.000000 
-0.463846 0.000000 
-0.370365 -0.000000 
0.234261 0.000000 
0.544663 -0.000000 
-0.742493 0.000000 
-0.358818 0.000000 
-0.125371 -0.000000 
0.170464 0.000000 
-0.497265 -0.000000 
0.172072 0.000000 
0.824091 -0.000000 
0.157754 -0.000000 
-0.254268 0.000000 
0.925849 -0.000000 
0.306229 -0.000000 
0.509856 0.000000 
0.061835 0.000000 
-0.449055 -0.000000 
0.553140 0.000000 
-0.455979 0.000000 
0.086250 0.000000 
0.347769 -0.000000 
-0.189169 0.000000 
-0.236369 0.000000 
0.523314 0.000000 
-0.040582 -0.000000 
0.222336 0.000000 
0.551407 -0.000000 
0.524835 0.000000 
-0.133809 -0.000000 
-0.026053 0.000000 
0.162369 -0.000000 
0.525104 0.000000 
-0.104638 0.000000 
0.613973 -0.000000 
-0.615562 0.000000 
1.109743 0.000000 
0.290750 -0.000000 
-0.493084 0.000000 
-0.307584 0.000000 
0.269560 0.000000 
0.412156 -0.000000 
-0.362555 0.000000 
0.013940 0.000000 
-0.401301 0.000000 
0.144402 -0.000000 
0.442747 0.000000 
-0.569315 -0.000000 
0.155523 0.000000 
-0.286385 0.000000 
0.458694 -0.000000 
-0.535888 0.000000 
0.447061 0.000000 
-0.962517 0.000000 
0.384255 0.000000 
1.116927 -0.000000 
-0.330160 0.000000 
0.631107 0.000000 
-0.077264 0.000000 
-0.894005 0.000000 
-0.156385 0.000000 
0.086778 0.000000 
0.321390 -0.000000 
0.075092 0.000000 
-0.076292 0.000000 
0.444987 0.000000 
0.524915 0.000000 
-0.124504 -0.000000 
-0.594506 0.000000 
0.016447 0.000000 
0.295920 0.000000 
0.037658 0.000000 
0.006169 -0.000000 
-0.240287 0.000000 
0.045712 0.000000 
0.598901 0.000000 
0.713369 -0.000000 
-0.914607 0.000000 
0.112765 -0.000000 
0.934606 -0.000000 
-0.632311 0.000000 
-0.013328 -0.000000 
0.489098 -0.000000 
0.165341 0.000000 
0.395769 -0.000000 
0.049579 -0.000000 
1.003370 0.000000 
-0.313246 -0.000000 
-0.568365 0.000000 
0.690403 -0.000000 
-0.669996 -0.000000 
0.120893 0.000000 
-0.309459 0.000000 
0.872902 0.000000 
0.807309 -0.000000 
-0.083663 0.000000 
0.198959 -0.000000 
0.496265 0.000000 
0.132820 -0.000000 
-0.660820 0.000000 
-0.244945 -0.000000 
-0.657947 0.000000 
0.682947 0.000000 
0.176519 0.000000 
-0.876422 0.000000 
0.580927 0.000000 
-1.171431 0.000000 
-0.070672 0.000000 
0.392142 0.000000 
0.058347 0.000000 
-0.431847 0.000000 
-0.467753 0.000000 
-1.080693 0.000000 
0.157580 0.000000 
0.490417 0.000000 
0.445743 0.000000 
-0.533464 0.000000 
-0.284169 0.000000 
0.081246 0.000000 
-0.067706 0.000000 
0.715246 0.000000 
-0.476408 -0.000000 
-0.090790 0.000000 
-0.383554 0.000000 
-1.079125 0.000000 
0.473706 -0.000000 
0.018575 0.000000 
0.358038 0.000000 
0.734293 0.000000 
-0.532660 0.000000 
-0.327394 0.000000 
-0.255125 0.000000 
0.305838 0.000000 
-0.094420 0.000000 
-0.145186 0.000000 
0.448050 0.000000 
0.359773 0.000000 
-0.501053 0.000000 
-0.336426 0.000000 
-0.187453 0.000000 
-0.510280 0.000000 
-0.224992 0.000000 
0.344666 0.000000 
0.121917 0.000000 
-0.649620 0.000000 
-0.245964 0.000000 
0.440855 -0.000000 
-0.178284 0.000000 
-0.687245 0.000000 
0.433076 0.000000 
0.427980 -0.000000 
-0.728640 -0.000000 
-0.349437 -0.000000 
0.267168 -0.000000 
1.354007 0.000000 
0.402746 -0.000000 
-0.086871 0.000000 
-0.319576 -0.000000 
-0.986482 0.000000 
-0.595708 -0.000000 
0.115419 0.000000 
0.173067 0.000000 
0.330882 -0.000000 
0.049970 0.000000 
-1.002334 -0.000000 
-0.321909 0.000000 
-0.439744 0.000000 
-0.371044 -0.000000 
0.030928 -0.000000 
-0.774758 0.000000 
-1.109391 0.000000 
0.255842 0.000000 
-0.452627 -0.000000 
-0.273808 -0.000000 
0.176724 -0.000000 
-0.517215 0.000000 
0.437540 0.000000 
-0.036532 0.000000 
0.309355 -0.000000 
-0.248950 0.000000 
0.131890 -0.000000 
-1.219979 0.000000 
0.588723 0.000000 
0.339464 -0.000000 
0.237628 0.000000 
-0.283983 0.000000 
0.322312 0.000000 
-0.173482 0.000000 
0.153283 0.000000 
0.774767 0.000000 
0.652964 0.000000 
-0.410602 -0.000000 
-0.251856 -0.000000 
0.033173 0.000000 
-0.485652 0.000000 
0.128793 -0.000000 
-0.258057 0.000000 
0.316487 0.000000 
-0.573651 0.000000 
0.180139 0.000000 
-0.217037 0.000000 
0.249505 -0.000000 
0.181408 -0.000000 
-0.059099 0.000000 
-0.266066 0.000000 
-0.354402 0.000000 
0.253501 0.000000 
0.311660 0.000000 
-0.321158 -0.000000 
-0.212639 0.000000 
0.544644 0.000000 
-0.025495 0.000000 
0.846636 -0.000000 
0.461916 -0.000000 
0.428876 0.000000 
0.068407 -0.000000 
1.145732 0.000000 
0.257169 0.000000 
0.255517 0.000000 
-0.608749 -0.000000 
-0.582985 -0.000000 
0.220702 0.000000 
-0.160245 0.000000 
-0.171880 0.000000 
0.239532 -0.000000 
0.134882 -0.000000 
-0.139134 -0.000000 
-0.742311 0.000000 
0.861168 0.000000 
-0.666237 0.000000 
-0.127135 0.000000 
-0.624276 0.000000 
0.044318 -0.000000 
-0.711656 0.000000 
0.512346 0.000000 
0.469513 0.000000 
-0.207442 0.000000 
-0.101892 0.000000 
0.304899 0.000000 
0.536163 -0.000000 
0.424665 0.000000 
-0.290037 0.000000 
-0.821401 0.000000 
-0.347773 0.000000 
-0.083468 -0.000000 
-0.126146 0.000000 
0.164951 0.000000 
1.183081 0.000000 
-0.329474 0.000000 
0.711067 0.000000 
-0.214903 0.000000 
0.354172 0.000000 
0.368501 0.000000 
-0.068318 0.000000 
-0.345791 0.000000 
0.039506 -0.000000 
-0.609731 0.000000 
0.431589 0.000000 
0.978048 0.000000 
-0.178672 0.000000 
0.274892 0.000000 
0.352678 0.000000 
0.768934 -0.000000 
0.174230 -0.000000 
-0.353018 0.000000 
-0.791466 0.000000 
-0.385253 -0.000000 
-0.030785 0.000000 
0.316331 0.000000 
-0.031978 -0.000000 
-0.139941 0.000000 
0.278499 -0.000000 
0.130764 -0.000000 
-0.430119 -0.000000 
-1.119406 0.000000 
-0.308824 0.000000 
0.358491 0.000000 
-1.252956 0.000000 
0.086023 -0.000000 
-0.208445 0.000000 
-0.628793 -0.000000 
0.488032 0.000000 
-0.316700 0.000000 
0.394565 -0.000000 
0.117688 0.000000 
-0.175782 -0.000000 
-0.028008 -0.000000 
0.665089 -0.000000 
-0.859583 0.000000 
1.149456 -0.000000 
-0.599518 0.000000 
-0.100273 -0.000000 
1.290107 0.000000 
0.585345 0.000000 
0.119239 0.000000 
-0.154160 -0.000000 
-0.738697 0.000000 
0.034276 0.000000 
0.178249 -0.000000 
0.443342 -0.000000 
0.316985 0.000000 
-1.087255 0.000000 
-0.262136 -0.000000 
-0.566801 -0.000000 
-0.139406 -0.000000 
0.275097 0.000000 
0.094180 -0.000000 
-0.293654 0.000000 
1.050745 0.000000 
0.198017 0.000000 
0.207446 0.000000 
-0.491471 0.000000 
-0.086332 -0.000000 
1.133786 -0.000000 
-0.522409 0.000000 
0.718131 0.000000 
-0.020920 0.000000 
-0.851997 0.000000 
0.035905 -0.000000 
0.748580 -0.000000 
0.137212 0.000000 
-0.397522 0.000000 
-0.238601 0.000000 
-0.636557 -0.000000 
0.997903 0.000000 
0.656455 0.000000 
-0.271717 -0.000000 
0.273382 0.000000 
-0.771410 0.000000 
-0.904276 0.000000 
0.071563 0.000000 
-0.587502 0.000000 
-0.129711 0.000000 
0.673268 -0.000000 
0.437538 0.000000 
0.139292 0.000000 
0.437864 0.000000 
0.285860 0.000000 
0.478582 -0.000000 
-0.035202 0.000000 
-0.657517 0.000000 
0.240604 0.000000 
-0.049975 0.000000 
0.341183 -0.000000 
-0.387189 0.000000 
-0.540133 0.000000 
-0.242195 0.000000 
-0.359953 0.000000 
0.232384 -0.000000 
0.281150 0.000000 
-0.061935 0.000000 
0.273393 0.000000 
-0.519401 0.000000 
-0.476338 0.000000 
0.193465 0.000000 
0.183905 0.000000 
-0.910401 0.000000 
-0.006109 0.000000 
-0.523153 -0.000000 
0.056324 0.000000 
-0.235705 0.000000 
-0.241555 -0.000000 
0.127986 0.000000 
-0.132219 -0.000000 
-0.141230 -0.000000 
-0.408008 0.000000 
0.156900 -0.000000 
0.832882 0.000000 
0.747235 0.000000 
-0.601708 0.000000 
0.302153 -0.000000 
0.030650 -0.000000 
-0.079276 0.000000 
-0.452019 0.000000 
-0.287021 0.000000 
-0.336898 0.000000 
-0.022786 0.000000 
-0.101191 -0.000000 
0.460164 0.000000 
0.169999 -0.000000 
-0.364247 0.000000 
0.478530 0.000000 
0.147028 0.000000 
-0.152812 -0.000000 
0.343640 0.000000 
-0.184149 0.000000 
0.755907 0.000000 
0.954542 0.000000 
-0.018268 0.000000 
0.408050 -0.000000 
-0.126277 -0.000000 
-0.876527 0.000000 
0.007288 0.000000 
0.267808 0.000000 
0.076133 0.000000 
-0.340158 0.000000 
-0.290874 -0.000000 
-0.326251 -0.000000 
0.357220 -0.000000 
-0.279887 0.000000 
0.273009 0.000000 
0.280974 0.000000 
-0.317978 0.000000 
0.649908 0.000000 
0.426164 -0.000000 
-0.135216 0.000000 
-0.219690 -0.000000 
0.840400 0.000000 
-0.212979 -0.000000 
0.280823 0.000000 
-0.107781 0.000000 
0.351123 0.000000 
0.184588 0.000000 
-0.466358 -0.000000 
-0.158753 0.000000 
-0.232328 0.000000 
-0.390966 0.000000 
0.721284 0.000000 
-0.780560 0.000000 
-0.228929 -0.000000 
-0.661704 0.000000 
-0.365212 -0.000000 
-0.568590 0.000000 
-0.061522 0.000000 
-0.378572 0.000000 
0.119426 0.000000 
0.257055 0.000000 
0.266283 0.000000 
-0.196740 0.000000 
0.103184 -0.000000 
-0.000332 -0.000000 
0.001769 0.000000 
-0.007498 0.000000 
0.042990 0.000000 
0.330921 0.000000 
-0.039877 0.000000 
-0.588309 -0.000000 
-0.205894 0.000000 
0.414548 0.000000 
0.590645 0.000000 
0.269979 0.000000 
-0.304565 0.000000 
-0.815209 0.000000 
0.553343 0.000000 
0.248339 -0.000000 
-0.108445 0.000000 
0.095162 0.000000 
0.322379 -0.000000 
-0.080119 -0.000000 
0.009794 0.000000 
-0.708955 0.000000 
-0.292392 0.000000 
-0.179486 0.000000 
-0.143205 -0.000000 
0.783999 0.000000 
0.459831 0.000000 
-1.019652 0.000000 
0.073143 0.000000 
0.078941 0.000000 
-0.454099 -0.000000 
0.483224 0.000000 
-0.833589 -0.000000 
-0.133027 0.000000 
-0.045068 0.000000 
0.547384 -0.000000 
-0.523551 -0.000000 
-0.283451 0.000000 
-0.401583 -0.000000 
-0.198799 -0.000000 
0.390634 -0.000000 
-0.681967 -0.000000 
0.656165 0.000000 
-0.272606 0.000000 
-0.443281 0.000000 
0.971343 0.000000 
-0.315796 -0.000000 
0.546021 0.000000 
0.456336 -0.000000 
0.096850 0.000000 
0.640162 0.000000 
-0.191118 0.000000 
0.735399 -0.000000 
0.035292 -0.000000 
-0.569386 -0.000000 
-0.407990 -0.000000 
0.335245 0.000000 
0.964113 0.000000 
-0.833917 0.000000 
-0.671099 0.000000 
0.206500 0.000000 
0.570465 0.000000 
-0.048473 -0.000000 
-0.077411 0.000000 
1.179583 -0.000000 
-0.236309 0.000000 
0.316283 -0.000000 
0.708769 0.000000 
0.915120 0.000000 
0.175876 -0.000000 
-0.128756 0.000000 
0.152447 0.000000 
0.124131 0.000000 
0.251135 0.000000 
0.086995 0.000000 
0.524496 0.000000 
0.426734 -0.000000 
0.718566 0.000000 
0.626676 -0.000000 
0.573930 0.000000 
-0.713400 -0.000000 
-0.213731 -0.000000 
-1.049910 -0.000000 
-0.649779 0.000000 
-0.421834 0.000000 
-0.060518 0.000000 
-0.402655 -0.000000 
-0.435238 0.000000 
0.477219 0.000000 
0.134301 0.000000 
0.124647 0.000000 
0.193684 0.000000 
-0.138563 0.000000 
-0.234189 -0.000000 
-0.117356 0.000000 
0.011946 0.000000 
-0.269063 0.000000 
0.055617 -0.000000 
0.148430 -0.000000 
-0.545075 0.000000 
-0.084271 0.000000 
-0.175679 -0.000000 
-0.024028 0.000000 
-0.428556 0.000000 
-0.052256 -0.000000 
0.417533 0.000000 
0.507534 0.000000 
-0.346948 0.000000 
-0.887582 -0.000000 
-0.201409 0.000000 
-0.614032 0.000000 
0.750241 -0.000000 
-0.325300 0.000000 
-0.099692 0.000000 
0.642970 0.000000 
-0.398138 0.000000 
-0.608726 0.000000 
-0.720146 0.000000 
-0.265263 0.000000 
0.015599 0.000000 
-0.595752 0.000000 
0.132363 0.000000 
0.274679 0.000000 
-0.173842 -0.000000 
0.329421 -0.000000 
-0.563773 0.000000 
0.090450 -0.000000 
0.239553 0.000000 
-0.166383 0.000000 
-0.745871 0.000000 
0.427628 0.000000 
-0.028305 0.000000 
0.132523 -0.000000 
-0.453070 0.000000 
0.054264 -0.000000 
0.565193 -0.000000 
-0.197323 -0.000000 
0.118089 0.000000 
0.172431 0.000000 
0.503313 0.000000 
0.350058 0.000000 
0.045438 0.000000 
0.665645 0.000000 
0.339827 0.000000 
-0.635168 0.000000 
0.005842 0.000000 
0.392039 -0.000000 
0.217520 0.000000 
-0.001062 0.000000 
-0.522103 -0.000000 
-0.624545 0.000000 
-0.242762 0.000000 
0.089666 0.000000 
0.197860 -0.000000 
-0.222663 -0.000000 
-0.231176 -0.000000 
0.476778 0.000000 
-0.310108 -0.000000 
-0.075369 0.000000 
-0.544872 0.000000 
0.253243 0.000000 
0.634428 0.000000 
-0.935137 0.000000 
-0.084535 0.000000 
1.156154 0.000000 
-0.538136 0.000000 
0.434927 0.000000 
-0.196461 0.000000 
-0.356067 0.000000 
-0.031082 0.000000 
-0.259498 0.000000 
-0.061172 0.000000 
-0.071084 0.000000 
-0.181817 0.000000 
-0.429366 -0.000000 
0.040228 -0.000000 
-0.653811 0.000000 
-0.035412 -0.000000 
0.876844 0.000000 
-0.233135 -0.000000 
0.890661 0.000000 
0.394912 0.000000 
-0.038287 0.000000 
-0.067415 0.000000 
-0.212736 0.000000 
-1.087370 0.000000 
-0.337143 0.000000 
0.841251 0.000000 
0.117363 0.000000 
-0.751500 0.000000 
-0.477682 0.000000 
-0.262698 0.000000 
0.314195 -0.000000 
0.147928 0.000000 
0.283874 0.000000 
0.451502 -0.000000 
-0.213051 0.000000 
-0.845295 0.000000 
0.437969 -0.000000 
0.473143 0.000000 
0.284043 0.000000 
0.319985 0.000000 
0.088256 -0.000000 
0.437204 -0.000000 
-0.971648 0.000000 
0.494097 0.000000 
-0.337608 -0.000000 
0.185673 0.000000 
-0.950492 0.000000 
0.772796 -0.000000 
-0.378115 -0.000000 
-0.028191 0.000000 
-0.153610 0.000000 
0.853948 0.000000 
0.406780 0.000000 
0.221313 -0.000000 
0.211610 -0.000000 
0.217502 0.000000 
0.052084 -0.000000 
-0.064001 0.000000 
0.386044 0.000000 
0.229932 -0.000000 
0.415210 -0.000000 
-0.129438 -0.000000 
-0.027353 0.000000 
0.813194 0.000000 
-0.640380 -0.000000 
0.667808 0.000000 
0.157871 0.000000 
0.375477 -0.000000 
-0.442317 0.000000 
-0.269092 0.000000 
-0.620590 0.000000 
-0.407538 -0.000000 
0.085324 -0.000000 
-0.322321 0.000000 
-0.288052 0.000000 
1.262231 0.000000 
0.749429 0.000000 
0.149837 -0.000000 
0.079351 0.000000 
0.204824 0.000000 
-0.448955 0.000000 
0.095641 -0.000000 
0.189895 -0.000000 
-0.009493 -0.000000 
0.053817 0.000000 
0.035275 0.000000 
0.209056 0.000000 
-0.007424 0.000000 
-0.231801 0.000000 
-0.077269 0.000000 
0.733630 0.000000 
-0.502230 0.000000 
0.431566 0.000000 
0.671391 -0.000000 
-0.198706 0.000000 
0.018518 0.000000 
0.493922 0.000000 
-0.668726 0.000000 
0.163732 0.000000 
-0.569875 -0.000000 
0.165948 -0.000000 
-0.285950 0.000000 
0.334807 0.000000 
0.360151 0.000000 
-0.089820 -0.000000 
-0.046873 0.000000 
-0.680082 0.000000 
0.609915 0.000000 
-0.010134 0.000000 
-0.056855 0.000000 
0.127346 -0.000000 
0.465456 0.000000 
0.915184 -0.000000 
0.240075 -0.000000 
0.008170 0.000000 
0.033438 0.000000 
-0.060775 -0.000000 
0.586264 0.000000 
1.031012 -0.000000 
0.057167 -0.000000 
-0.457192 0.000000 
0.455693 -0.000000 
0.149523 -0.000000 
-0.011070 0.000000 
0.350690 0.000000 
-0.227742 0.000000 
-0.797409 0.000000 
0.374666 -0.000000 
0.387444 0.000000 
-0.528413 -0.000000 
-0.057747 -0.000000 
0.437603 0.000000 
0.548936 0.000000 
0.134356 0.000000 
0.397345 0.000000 
-1.082122 0.000000 
-0.087689 0.000000 
0.338487 0.000000 
1.046164 0.000000 
-0.094706 0.000000 
-0.105690 0.000000 
-0.522787 0.000000 
-0.145143 0.000000 
0.061534 -0.000000 
0.021543 0.000000 
-0.415550 -0.000000 
0.144865 0.000000 
0.275821 -0.000000 
0.104945 0.000000 
0.599521 -0.000000 
0.055538 0.000000 
-0.865962 -0.000000 
0.126288 -0.000000 
-0.403913 -0.000000 
0.132872 0.000000 
0.280650 0.000000 
0.180261 0.000000 
-0.823974 0.000000 
0.291853 0.000000 
-0.469252 0.000000 
-0.077102 -0.000000 
-0.354825 -0.000000 
0.494831 -0.000000 
-0.241177 0.000000 
-0.885047 0.000000 
0.117432 -0.000000 
0.023096 0.000000 
0.032381 -0.000000 
-0.432696 0.000000 
-0.795699 0.000000 
-0.059939 0.000000 
0.139185 -0.000000 
0.359503 -0.000000 
-0.371518 0.000000 
0.556672 0.000000 
-0.367475 0.000000 
0.238769 0.000000 
-0.087356 0.000000 
-0.063325 0.000000 
-0.890684 0.000000 
0.874680 0.000000 
-0.017188 0.000000 
-0.569983 0.000000 
-0.082811 -0.000000 
-0.807764 0.000000 
0.060644 0.000000 
-0.983485 0.000000 
0.198433 0.000000 
0.213166 -0.000000 
0.513485 -0.000000 
-0.292532 0.000000 
0.942887 0.000000 
0.109346 0.000000 
-0.059433 0.000000 
0.505260 0.000000 
0.358306 -0.000000 
-0.251162 -0.000000 
-0.986834 -0.000000 
-0.245851 -0.000000 
0.456370 0.000000 
0.104991 -0.000000 
-0.671318 0.000000 
0.531899 0.000000 
-0.513543 -0.000000 
0.015974 0.000000 
-0.075986 -0.000000 
0.687233 0.000000 
-0.168169 0.000000 
-0.214770 0.000000 
0.091680 0.000000 
-0.233940 0.000000 
-0.221064 0.000000 
-0.558080 0.000000 
-0.556265 0.000000 
-1.122268 -0.000000 
0.239098 -0.000000 
-1.091313 0.000000 
0.400251 -0.000000 
-0.341470 0.000000 
0.342426 0.000000 
0.322732 -0.000000 
0.466473 -0.000000 
-0.423377 -0.000000 
0.101588 -0.000000 
-0.700908 0.000000 
-0.274223 0.000000 
0.256630 0.000000 
0.480686 0.000000 
-0.274583 0.000000 
-0.329342 0.000000 
-0.537704 0.000000 
-0.268639 0.000000 
-0.103106 0.000000 
0.125695 0.000000 
-0.235315 -0.000000 
-0.237518 0.000000 
-0.179256 0.000000 
0.184502 0.000000 
-0.255962 -0.000000 
-0.001548 0.000000 
0.957337 0.000000 
-0.088205 0.000000 
-0.161474 0.000000 
-0.659032 -0.000000 
-0.006170 0.000000 
0.091309 -0.000000 
0.192277 -0.000000 
-0.291008 -0.000000 
-0.636869 0.000000 
-0.120564 -0.000000 
-0.322060 0.000000 
0.571395 0.000000 
-0.224059 0.000000 
0.275479 0.000000 
0.383285 -0.000000 
-0.193550 0.000000 
0.028572 0.000000 
-0.398923 0.000000 
-0.392517 0.000000 
0.096725 0.000000 
-0.031995 -0.000000 
-1.060342 0.000000 
0.187569 -0.000000 
-0.160037 0.000000 
0.262994 -0.000000 
0.312330 0.000000 
0.283281 0.000000 
-0.154085 0.000000 
0.335730 0.000000 
-0.430462 -0.000000 
0.862893 -0.000000 
-0.191871 0.000000 
-0.135918 0.000000 
0.495314 0.000000 
-0.294986 -0.000000 
-0.391626 -0.000000 
0.769483 0.000000 
0.411660 -0.000000 
-0.008962 0.000000 
-0.397110 0.000000 
-0.074112 0.000000 
-0.411201 0.000000 
-0.089181 0.000000 
-0.288440 0.000000 
-0.404185 -0.000000 
-0.533946 0.000000 
0.228753 -0.000000 
-0.850311 0.000000 
0.540401 0.000000 
0.496262 0.000000 
0.738714 0.000000 
0.319074 -0.000000 
-1.522494 0.000000 
-0.062060 0.000000 
-1.039848 0.000000 
-0.103292 0.000000 
-0.329668 0.000000 
-0.175037 0.000000 
0.179434 -0.000000 
0.039964 0.000000 
-0.346545 -0.000000 
0.544426 -0.000000 
0.262101 0.000000 
0.127846 0.000000 
-0.700018 0.000000 
-0.262574 0.000000 
-0.240849 -0.000000 
0.238226 0.000000 
0.564637 0.000000 
-0.310528 0.000000 
0.019812 0.000000 
-0.848939 0.000000 
-0.989460 0.000000 
-0.687984 0.000000 
0.030080 0.000000 
-0.218806 -0.000000 
-0.292165 0.000000 
-0.655600 0.000000 
-0.834673 0.000000 
0.659362 -0.000000 
-0.614250 0.000000 
0.887477 0.000000 
-0.165169 0.000000 
-0.282200 0.000000 
-0.530828 -0.000000 
0.039000 0.000000 
0.132981 0.000000 
-0.086586 -0.000000 
-0.338598 0.000000 
-0.267607 0.000000 
-0.706518 -0.000000 
0.207734 -0.000000 
0.515881 0.000000 
-0.721556 -0.000000 
-0.499961 0.000000 
-0.141528 0.000000 
-0.277766 -0.000000 
0.645117 0.000000 
-1.248547 0.000000 
0.087766 0.000000 
-0.910147 -0.000000 
0.527683 0.000000 
-0.330629 0.000000 
-0.426524 0.000000 
0.102521 0.000000 
-0.177239 0.000000 
-0.002128 -0.000000 
0.361385 0.000000 
-0.178751 0.000000 
-0.284555 0.000000 
0.308732 0.000000 
-0.505006 0.000000 
0.305495 0.000000 
-0.006907 0.000000 
0.153790 0.000000 
-1.081469 0.000000 
0.146673 0.000000 
-0.627065 0.000000 
0.268004 0.000000 
-0.182113 0.000000 
-0.164435 0.000000 
0.787217 -0.000000 
0.035055 0.000000 
1.146649 0.000000 
0.182389 0.000000 
-1.105408 0.000000 
1.121602 0.000000 
0.026746 0.000000 
-0.981924 0.000000 
0.396403 -0.000000 
0.083493 0.000000 
0.526682 0.000000 
0.466312 -0.000000 
-1.054472 -0.000000 
0.110295 -0.000000 
-0.272017 -0.000000 
-0.505481 0.000000 
-1.560833 -0.000000 
-0.899401 0.000000 
0.492314 0.000000 
-0.083078 0.000000 
-0.308621 -0.000000 
-0.616428 0.000000 
1.101437 0.000000 
-0.976226 0.000000 
0.446206 0.000000 
-0.180271 0.000000 
0.532308 0.000000 
0.143538 -0.000000 
-0.645786 0.000000 
0.410890 -0.000000 
0.120669 -0.000000 
-0.556151 0.000000 
-0.194209 -0.000000 
-0.723195 0.000000 
0.193274 -0.000000 
0.819795 0.000000 
-0.967683 0.000000 
-0.102460 -0.000000 
-0.581480 -0.000000 
-0.095091 -0.000000 
0.042378 0.000000 
0.243633 0.000000 
-0.528722 -0.000000 
-0.504894 -0.000000 
-0.035579 -0.000000 
0.271965 0.000000 
-0.271382 0.000000 
-0.484478 0.000000 
-0.151828 -0.000000 
-0.106481 -0.000000 
-0.530675 -0.000000 
-0.686549 0.000000 
-0.016511 -0.000000 
-0.536004 0.000000 
-0.035838 0.000000 
-0.712679 0.000000 
0.224695 -0.000000 
-0.426598 -0.000000 
0.717320 0.000000 
0.738549 0.000000 
-0.214438 0.000000 
-0.388001 0.000000 
0.494638 0.000000 
0.154137 -0.000000 
0.001557 0.000000 
-0.455778 0.000000 
0.805018 -0.000000 
0.538524 0.000000 
0.959966 -0.000000 
-0.203019 0.000000 
0.333993 0.000000 
-0.440829 0.000000 
-0.636775 0.000000 
0.054805 -0.000000 
-0.198403 0.000000 
-0.122543 -0.000000 
0.152636 0.000000 
0.266058 -0.000000 
0.142516 -0.000000 
-0.098619 0.000000 
-0.527055 0.000000 
0.404032 -0.000000 
-0.489115 0.000000 
-0.109029 -0.000000 
0.507274 -0.000000 
-0.054244 0.000000 
-0.013333 0.000000 
0.337435 0.000000 
-0.819340 0.000000 
0.663654 -0.000000 
0.242496 0.000000 
0.680163 0.000000 
-0.164008 0.000000 
0.236539 0.000000 
0.923682 0.000000 
-0.369212 0.000000 
0.035028 0.000000 
-0.348285 0.000000 
0.061200 0.000000 
0.359694 0.000000 
0.299967 -0.000000 
0.432216 -0.000000 
-0.487637 0.000000 
0.452424 0.000000 
-0.182377 0.000000 
-0.486908 0.000000 
-0.103182 -0.000000 
-0.350319 0.000000 
0.727685 -0.000000 
-0.083688 0.000000 
0.374542 -0.000000 
0.084452 -0.000000 
-0.219112 0.000000 
-0.004586 0.000000 
-0.628503 0.000000 
-0.013663 -0.000000 
-0.232506 0.000000 
-0.907610 0.000000 
0.468916 0.000000 
0.749487 0.000000 
0.643719 -0.000000 
-1.256179 0.000000 
0.699432 0.000000 
0.269540 -0.000000 
0.396509 0.000000 
-0.244249 -0.000000 
0.829725 0.000000 
0.097094 -0.000000 
0.194038 -0.000000 
-0.495776 -0.000000 
0.811306 -0.000000 
-0.120252 -0.000000 
0.141131 -0.000000 
0.499698 0.000000 
0.414174 -0.000000 
-0.278332 -0.000000 
0.352007 -0.000000 
0.916972 0.000000 
0.004546 0.000000 
-1.097735 0.000000 
-0.266487 0.000000 
-0.304164 0.000000 
0.300729 -0.000000 
0.636623 0.000000 
0.114722 0.000000 
0.093648 -0.000000 
0.065931 0.000000 
-0.256841 0.000000 
0.297502 -0.000000 
0.285286 0.000000 
0.142779 0.000000 
-0.925488 -0.000000 
-0.798352 -0.000000 
0.176751 0.000000 
-0.174501 0.000000 
0.360537 -0.000000 
-0.272862 -0.000000 
0.825180 -0.000000 
-0.096589 -0.000000 
0.600780 0.000000 
-0.175006 -0.000000 
-0.654415 0.000000 
-0.044169 0.000000 
0.272833 0.000000 
0.273567 0.000000 
-0.047027 -0.000000 
-0.254040 0.000000 
0.489779 -0.000000 
-0.839469 0.000000 
0.568743 -0.000000 
-0.259405 0.000000 
0.685989 -0.000000 
0.116207 0.000000 
-0.638766 0.000000 
-0.502167 0.000000 
-0.010907 -0.000000 
-0.752973 -0.000000 
0.260178 -0.000000 
1.059559 -0.000000 
-0.196455 0.000000 
0.039890 -0.000000 
0.339905 0.000000 
0.736503 0.000000 
-0.172068 0.000000 
0.592429 0.000000 
-1.193894 -0.000000 
0.164292 0.000000 
-0.994779 -0.000000 
0.361317 0.000000 
-0.245588 0.000000 
0.114229 -0.000000 
0.443797 0.000000 
-0.066929 0.000000 
-0.599751 0.000000 
0.505592 0.000000 
-0.407307 0.000000 
0.208654 0.000000 
-0.772144 -0.000000 
-0.054430 0.000000 
-0.754813 0.000000 
0.502737 -0.000000 
1.124741 0.000000 
-0.123873 0.000000 
-0.336853 0.000000 
0.203121 0.000000 
-0.709958 -0.000000 
-0.994291 -0.000000 
-0.155725 0.000000 
0.714249 -0.000000 
-0.069785 0.000000 
0.001691 -0.000000 
0.105776 -0.000000 
-0.186696 -0.000000 
-0.184013 0.000000 
0.651362 0.000000 
-0.289255 -0.000000 
-0.693380 0.000000 
-0.585652 0.000000 
0.747212 0.000000 
0.305458 0.000000 
0.280030 0.000000 
-0.399633 -0.000000 
0.310828 0.000000 
0.329032 0.000000 
0.171644 -0.000000 
-1.127266 0.000000 
0.121225 -0.000000 
0.484736 0.000000 
0.084457 0.000000 
0.540327 0.000000 
-0.781980 0.000000 
-0.011000 0.000000 
0.621259 0.000000 
-0.680848 0.000000 
0.485041 0.000000 
-0.207203 0.000000 
-0.175738 -0.000000 
0.640491 0.000000 
0.234570 0.000000 
-0.158891 0.000000 
-0.156418 -0.000000 
0.649993 0.000000 
0.445704 0.000000 
1.455018 0.000000 
-0.009304 -0.000000 
0.049365 0.000000 
-0.167712 0.000000 
-1.327486 0.000000 
0.047345 0.000000 
-0.205216 -0.000000 
-0.176947 0.000000 
0.352529 0.000000 
-0.760614 -0.000000 
1.143139 -0.000000 
0.267615 0.000000 
0.461745 -0.000000 
-0.362440 0.000000 
0.180926 0.000000 
0.275130 0.000000 
0.734732 0.000000 
-0.158552 -0.000000 
0.145884 0.000000 
0.161071 0.000000 
0.642124 0.000000 
-0.844662 -0.000000 
0.158564 0.000000 
-0.040897 -0.000000 
-0.287040 0.000000 
0.111515 -0.000000 
-0.047851 -0.000000 
0.205459 0.000000 
-0.766083 -0.000000 
-0.337398 0.000000 
0.397996 0.000000 
-0.439278 0.000000 
0.260693 0.000000 
0.630593 -0.000000 
-0.023760 0.000000 
-0.125024 0.000000 
0.715610 0.000000 
-0.083697 -0.000000 
0.944513 -0.000000 
-0.253308 0.000000 
0.197702 0.000000 
-0.188341 0.000000 
0.604026 0.000000 
-0.623041 0.000000 
0.345482 -0.000000 
-0.004928 0.000000 
-1.150752 0.000000 
-0.140394 -0.000000 
-0.611689 -0.000000 
-0.196373 -0.000000 
0.113682 -0.000000 
0.968039 0.000000 
0.871469 0.000000 
0.036933 0.000000 
-0.251484 0.000000 
-0.484351 0.000000 
-0.342966 0.000000 
-0.598974 0.000000 
-0.416838 0.000000 
-0.684609 -0.000000 
-0.703302 0.000000 
-0.079379 -0.000000 
-0.439866 0.000000 
-0.239290 0.000000 
-0.160782 0.000000 
-0.516245 -0.000000 
-0.151376 0.000000 
-0.515804 0.000000 
-0.350275 -0.000000 
-0.127635 0.000000 
-0.656635 0.000000 
-0.026723 0.000000 
-1.201687 0.000000 
-0.366665 0.000000 
0.029586 0.000000 
0.941758 -0.000000 
-0.459158 0.000000 
0.105886 0.000000 
0.212403 0.000000 
-0.115476 0.000000 
-0.023464 0.000000 
0.207847 0.000000 
-0.339097 -0.000000 
0.190673 -0.000000 
-0.159654 0.000000 
-0.128614 0.000000 
-0.301924 -0.000000 
-0.078949 0.000000 
-0.874430 0.000000 
-0.347673 0.000000 
0.428068 0.000000 
0.186707 -0.000000 
0.091684 -0.000000 
0.561729 -0.000000 
-0.515801 0.000000 
0.042442 0.000000 
0.058428 0.000000 
0.792196 0.000000 
-0.238222 -0.000000 
0.797804 -0.000000 
0.633857 -0.000000 
0.193288 0.000000 
-0.692159 -0.000000 
0.658185 0.000000 
-0.211719 0.000000 
-1.281787 -0.000000 
0.114569 0.000000 
0.658304 0.000000 
0.061984 -0.000000 
-0.334038 -0.000000 
0.113617 0.000000 
-0.670632 0.000000 
-0.366261 -0.000000 
-0.389858 0.000000 
0.150757 0.000000 
0.333779 0.000000 
0.616786 0.000000 
0.421548 0.000000 
0.050263 0.000000 
-0.330465 0.000000 
1.099932 -0.000000 
-0.187618 0.000000 
-0.105353 0.000000 
-0.457037 0.000000 
0.303086 0.000000 
-0.826888 -0.000000 
0.610253 0.000000 
-0.648043 0.000000 
0.337053 -0.000000 
0.334976 0.000000 
-0.082606 -0.000000 
-0.508094 0.000000 
0.015492 0.000000 
0.764198 0.000000 
-0.106854 -0.000000 
0.765020 -0.000000 
0.220794 0.000000 
0.116287 0.000000 
-0.099806 0.000000 
-0.107433 0.000000 
0.139392 0.000000 
-0.349861 0.000000 
-0.362575 -0.000000 
-0.320867 -0.000000 
-0.691859 0.000000 
0.792044 0.000000 
-0.761163 0.000000 
0.952338 -0.000000 
0.469663 0.000000 
-0.329623 -0.000000 
0.108396 0.000000 
0.084554 0.000000 
0.425911 0.000000 
0.126144 0.000000 
0.086211 0.000000 
0.492178 -0.000000 
-0.493400 -0.000000 
0.001166 -0.000000 
0.256604 0.000000 
-0.865662 0.000000 
-1.057703 0.000000 
0.598414 0.000000 
0.079050 0.000000 
-0.339869 0.000000 
0.267193 0.000000 
0.324968 0.000000 
-0.344945 0.000000 
-0.519826 -0.000000 
0.486920 0.000000 
0.828363 -0.000000 
0.566304 -0.000000 
0.097236 0.000000 
-0.486809 0.000000 
-0.614231 0.000000 
0.117183 -0.000000 
0.041113 0.000000 
-0.586969 -0.000000 
-0.109697 -0.000000 
-0.982829 0.000000 
-0.506616 0.000000 
0.863355 0.000000 
0.699983 -0.000000 
-0.437201 0.000000 
-0.180279 0.000000 
0.949372 0.000000 
-0.893889 -0.000000 
0.204301 0.000000 
-0.304476 0.000000 
-0.272059 -0.000000 
-0.850268 0.000000 
0.250158 -0.000000 
-0.591007 0.000000 
-0.591730 -0.000000 
0.161002 0.000000 
-0.032226 0.000000 
0.459081 -0.000000 
0.387157 0.000000 
-0.105379 0.000000 
-0.158732 -0.000000 
1.153363 0.000000 
0.392481 0.000000 
-0.260367 -0.000000 
0.489872 0.000000 
-0.454972 -0.000000 
-0.006351 0.000000 
-0.353250 0.000000 
0.189860 0.000000 
-0.236384 0.000000 
0.113705 0.000000 
0.053680 -0.000000 
0.092981 0.000000 
-0.810229 0.000000 
0.290521 -0.000000 
0.211490 0.000000 
0.725105 0.000000 
-0.506357 0.000000 
-0.553925 0.000000 
0.350484 0.000000 
0.309253 0.000000 
-0.497313 0.000000 
-0.249869 0.000000 
-0.063049 0.000000 
0.223231 0.000000 
0.316923 0.000000 
0.286670 0.000000 
-0.613250 0.000000 
0.711604 -0.000000 
0.556394 -0.000000 
0.607469 0.000000 
-0.001116 0.000000 
-0.147389 -0.000000 
0.693742 0.000000 
-0.354893 0.000000 
0.386388 -0.000000 
0.459189 -0.000000 
-0.126755 0.000000 
0.089672 0.000000 
-0.515744 0.000000 
0.477369 0.000000 
-1.156444 0.000000 
0.142542 -0.000000 
0.055558 0.000000 
-0.149325 -0.000000 
-0.340846 0.000000 
0.004495 -0.000000 
0.044559 0.000000 
0.589740 -0.000000 
0.262659 0.000000 
0.149246 0.000000 
-0.268193 0.000000 
0.495784 -0.000000 
0.633790 -0.000000 
0.894289 0.000000 
-0.085638 0.000000 
1.147174 0.000000 
0.261931 0.000000 
0.149599 0.000000 
-0.261495 -0.000000 
-0.529854 -0.000000 
-0.623728 0.000000 
0.401445 0.000000 
-0.572569 0.000000 
-0.551012 0.000000 
-0.105593 -0.000000 
0.712385 -0.000000 
-0.228067 0.000000 
0.293718 -0.000000 
-0.664898 0.000000 
-0.785086 -0.000000 
-0.417229 -0.000000 
0.204299 0.000000 
0.150562 0.000000 
-0.454849 0.000000 
-0.443471 -0.000000 
-0.052427 0.000000 
-1.082026 0.000000 
-0.892958 0.000000 
0.452973 0.000000 
-0.410610 0.000000 
-0.414827 -0.000000 
0.267328 -0.000000 
0.147330 0.000000 
-0.221335 -0.000000 
0.166079 0.000000 
-0.862292 0.000000 
-0.065101 0.000000 
0.289596 -0.000000 
-0.273655 0.000000 
-0.070992 0.000000 
-0.619545 -0.000000 
0.203397 0.000000 
0.808111 -0.000000 
0.022979 0.000000 
0.191626 -0.000000 
-0.058640 -0.000000 
0.450345 0.000000 
-0.703658 0.000000 
0.298049 0.000000 
-0.981468 0.000000 
0.068681 0.000000 
0.337559 0.000000 
0.200212 -0.000000 
-1.120366 0.000000 
-0.327119 0.000000 
-0.077059 0.000000 
-0.535949 -0.000000 
-0.123588 0.000000 
0.551614 0.000000 
-0.108236 0.000000 
0.161251 0.000000 
-0.228533 -0.000000 
0.196369 0.000000 
-0.599143 0.000000 
0.507661 0.000000 
0.114208 0.000000 
0.174940 -0.000000 
-0.942430 0.000000 
-0.231817 0.000000 
0.629035 0.000000 
0.443491 0.000000 
-0.372313 -0.000000 
0.303868 0.000000 
-0.437075 0.000000 
0.504097 0.000000 
-0.804636 -0.000000 
1.244982 0.000000 
-0.610433 0.000000 
0.985434 0.000000 
0.649383 -0.000000 
-0.463541 0.000000 
-0.640564 -0.000000 
-0.551486 0.000000 
-0.280841 0.000000 
0.121474 0.000000 
-0.261135 -0.000000 
0.976564 0.000000 
-0.349123 0.000000 
-0.193763 0.000000 
-0.243295 0.000000 
-0.742510 0.000000 
0.323704 -0.000000 
-0.256866 0.000000 
-0.531958 0.000000 
0.040808 0.000000 
-0.458001 0.000000 
-0.357903 -0.000000 
-0.777785 0.000000 
-0.294940 0.000000 
-0.649942 0.000000 
-0.544051 0.000000 
0.681014 -0.000000 
-0.122112 0.000000 
1.437689 -0.000000 
0.857461 -0.000000 
-0.399126 -0.000000 
0.480339 0.000000 
-0.506622 0.000000 
-0.831805 0.000000 
-0.503995 -0.000000 
-0.708027 0.000000 
-1.062193 0.000000 
0.269150 0.000000 
-0.346549 0.000000 
0.375571 0.000000 
-0.943181 0.000000 
0.199564 0.000000 
-0.242226 -0.000000 
-0.202460 -0.000000 
0.094761 0.000000 
-0.732883 -0.000000 
0.185092 0.000000 
0.416925 0.000000 
0.413019 0.000000 
0.028307 -0.000000 
0.537368 -0.000000 
0.378205 0.000000 
-0.856933 0.000000 
0.073535 0.000000 
0.362759 0.000000 
0.511574 0.000000 
0.810016 0.000000 
0.549543 -0.000000 
0.919198 -0.000000 
-0.151886 0.000000 
-0.111965 0.000000 
0.352047 -0.000000 
-0.608221 0.000000 
-0.178466 0.000000 
0.537967 0.000000 
0.324627 -0.000000 
-0.027657 0.000000 
-0.830600 0.000000 
-0.658110 -0.000000 
-0.255077 0.000000 
-0.637829 -0.000000 
0.387983 0.000000 
-0.287906 0.000000 
0.559992 0.000000 
0.232248 -0.000000 
-0.556257 -0.000000 
0.003183 -0.000000 
0.766469 -0.000000 
0.177518 0.000000 
0.386480 0.000000 
0.536218 0.000000 
-0.556418 -0.000000 
-0.178784 0.000000 
0.183919 0.000000 
-0.128144 -0.000000 
-1.282921 0.000000 
0.630215 -0.000000 
-0.125403 -0.000000 
0.553840 0.000000 
0.033399 0.000000 
0.440593 0.000000 
-0.211094 0.000000 
0.358188 0.000000 
0.310122 0.000000 
0.068087 0.000000 
-0.230010 0.000000 
0.103793 0.000000 
1.325991 0.000000 
-0.096155 0.000000 
-0.159213 0.000000 
0.566448 0.000000 
-0.004958 0.000000 
-0.197577 -0.000000 
0.238525 0.000000 
-0.008015 0.000000 
0.016430 0.000000 
0.690167 -0.000000 
-0.483960 0.000000 
-0.195192 0.000000 
0.653475 -0.000000 
0.255883 -0.000000 
-0.134295 -0.000000 
-1.036673 0.000000 
-1.040590 0.000000 
-0.427403 -0.000000 
0.682059 0.000000 
-0.134424 0.000000 
-0.115194 0.000000 
0.697994 -0.000000 
-0.164226 -0.000000 
-0.353233 0.000000 
0.302671 0.000000 
0.107305 0.000000 
0.489979 -0.000000 
-0.559054 0.000000 
0.274925 -0.000000 
0.713241 0.000000 
0.375392 -0.000000 
-0.218959 -0.000000 
-0.257274 0.000000 
0.309215 -0.000000 
-0.216210 0.000000 
-0.301199 0.000000 
0.075560 -0.000000 
-0.346778 0.000000 
-0.677791 0.000000 
-0.574907 -0.000000 
0.685659 -0.000000 
0.074240 0.000000 
-0.302939 0.000000 
1.010613 0.000000 
-0.610938 0.000000 
0.243251 -0.000000 
-0.034597 0.000000 
0.525236 0.000000 
0.485213 0.000000 
-0.058727 0.000000 
-0.104057 -0.000000 
-0.640299 0.000000 
-0.587723 0.000000 
-0.900805 0.000000 
-0.488217 -0.000000 
-0.506362 -0.000000 
-0.355001 0.000000 
1.182577 -0.000000 
0.203632 0.000000 
-0.043538 -0.000000 
-0.854272 0.000000 
-0.419062 0.000000 
-0.220968 0.000000 
-0.160911 0.000000 
0.520014 -0.000000 
0.317794 0.000000 
-1.193567 -0.000000 
-0.958250 0.000000 
-0.610283 0.000000 
-2.137006 0.000000 
-0.017862 -0.000000 
0.221616 0.000000 
-0.233718 -0.000000 
0.017614 0.000000 
-0.193704 0.000000 
0.406871 0.000000 
0.639139 0.000000 
0.163128 -0.000000 
0.520635 -0.000000 
-0.221864 0.000000 
0.243447 0.000000 
0.175558 0.000000 
-0.372997 0.000000 
-0.804488 -0.000000 
-0.732401 0.000000 
0.078232 0.000000 
0.100486 0.000000 
-0.859849 -0.000000 
-0.448145 0.000000 
0.023165 0.000000 
-0.385080 0.000000 
-0.170085 -0.000000 
-0.453558 -0.000000 
0.730050 0.000000 
-0.129993 0.000000 
-0.559370 0.000000 
0.568387 0.000000 
-0.331490 0.000000 
0.533873 -0.000000 
-0.445149 0.000000 
0.787849 -0.000000 
0.146188 0.000000 
-0.934534 0.000000 
-0.134342 0.000000 
-0.523867 0.000000 
-0.348539 0.000000 
0.243165 0.000000 
0.638651 0.000000 
0.494168 0.000000 
0.447769 -0.000000 
-0.229126 -0.000000 
0.787549 -0.000000 
-0.309437 0.000000 
-0.802741 0.000000 
0.490320 -0.000000 
-0.563100 0.000000 
0.441068 0.000000 
-0.006073 0.000000 
-0.798646 -0.000000 
0.054026 0.000000 
0.550756 0.000000 
0.297310 0.000000 
-0.724928 0.000000 
-0.523007 -0.000000 
0.135252 0.000000 
0.349466 0.000000 
0.261879 0.000000 
0.529734 0.000000 
-0.073582 -0.000000 
-0.418426 0.000000 
-0.765035 0.000000 
-0.934669 -0.000000 
-0.122353 0.000000 
-1.090949 0.000000 
0.098947 0.000000 
-1.303156 0.000000 
0.766044 0.000000 
-0.250178 -0.000000 
-0.566989 0.000000 
-0.944292 0.000000 
-0.066427 0.000000 
-0.280120 -0.000000 
-1.078335 0.000000 
-0.800857 0.000000 
0.016637 -0.000000 
-1.009297 0.000000 
0.076049 0.000000 
0.264703 -0.000000 
0.758009 0.000000 
0.194361 0.000000 
0.316009 0.000000 
0.121490 -0.000000 
-0.110974 0.000000 
0.813863 0.000000 
1.255866 0.000000 
-0.774076 0.000000 
0.644832 0.000000 
-0.461282 0.000000 
-1.431141 0.000000 
0.071462 0.000000 
-0.082722 -0.000000 
-0.203200 0.000000 
0.345992 0.000000 
0.515412 0.000000 
-0.234204 -0.000000 
0.363188 -0.000000 
-1.139056 0.000000 
0.528149 -0.000000 
-0.621692 0.000000 
0.369962 -0.000000 
-0.157586 0.000000 
0.160827 0.000000 
-0.230288 -0.000000 
0.672605 0.000000 
0.168853 -0.000000 
0.112853 0.000000 
0.443643 -0.000000 
0.271718 0.000000 
0.101449 0.000000 
-0.082194 0.000000 
-0.277015 0.000000 
0.036816 -0.000000 
0.079503 -0.000000 
0.105018 -0.000000 
-0.351636 0.000000 
-0.199385 -0.000000 
-0.229240 0.000000 
0.820186 0.000000 
-0.759570 0.000000 
-0.480366 0.000000 
1.021288 0.000000 
0.713222 0.000000 
-0.261275 0.000000 
-0.413282 0.000000 
-0.376618 0.000000 
-0.643244 0.000000 
-0.308659 0.000000 
-0.394027 0.000000 
-0.238932 -0.000000 
-0.850016 -0.000000 
-1.033457 0.000000 
-0.308804 0.000000 
0.484335 -0.000000 
-0.048586 0.000000 
-0.094227 -0.000000 
-0.539486 -0.000000 
0.235931 0.000000 
-0.556877 -0.000000 
-0.266737 0.000000 
-0.851233 0.000000 
0.141805 0.000000 
-0.267617 0.000000 
0.115583 -0.000000 
-0.102315 -0.000000 
0.326402 -0.000000 
-0.482513 0.000000 
0.792044 0.000000 
0.219167 0.000000 
-0.517596 0.000000 
-0.737885 0.000000 
0.424162 0.000000 
0.354660 0.000000 
0.321773 0.000000 
-0.054786 0.000000 
-1.342597 0.000000 
0.789407 -0.000000 
0.246516 0.000000 
0.258035 -0.000000 
-0.820324 0.000000 
-0.645214 -0.000000 
0.375302 0.000000 
0.454098 0.000000 
0.078365 0.000000 
-0.504864 -0.000000 
0.316976 0.000000 
-0.181591 -0.000000 
-0.842812 -0.000000 
0.022453 0.000000 
0.183780 -0.000000 
0.356292 0.000000 
-0.152877 0.000000 
0.076675 -0.000000 
-0.140505 0.000000 
0.461796 -0.000000 
0.524354 -0.000000 
-0.581192 -0.000000 
0.219029 -0.000000 
-0.070157 -0.000000 
-0.892225 0.000000 
-1.333930 0.000000 
0.335234 0.000000 
0.306363 -0.000000 
-0.866783 -0.000000 
-0.558468 -0.000000 
0.184880 0.000000 
-0.434891 -0.000000 
-0.445198 -0.000000 
0.593185 -0.000000 
0.261588 0.000000 
0.798422 0.000000 
-0.032422 0.000000 
-0.617963 -0.000000 
0.860860 -0.000000 
0.277787 -0.000000 
-0.549250 0.000000 
-0.784883 -0.000000 
0.361058 -0.000000 
0.492407 -0.000000 
0.653134 0.000000 
-0.751168 -0.000000 
-0.020428 0.000000 
-0.457405 -0.000000 
-0.116628 0.000000 
-0.605992 -0.000000 
-0.489044 0.000000 
0.578217 0.000000 
-0.215129 -0.000000 
-0.206097 0.000000 
0.097583 0.000000 
0.817321 0.000000 
-0.160374 -0.000000 
-0.121695 0.000000 
-1.117062 0.000000 
0.646931 0.000000 
-0.372550 -0.000000 
-0.636045 0.000000 
1.230174 -0.000000 
-0.247326 -0.000000 
0.128395 -0.000000 
0.076948 0.000000 
0.459115 0.000000 
-0.336032 0.000000 
-0.693192 0.000000 
0.267036 0.000000 
-0.202737 -0.000000 
1.212310 -0.000000 
0.547263 -0.000000 
1.052741 -0.000000 
-0.268840 0.000000 
0.524871 -0.000000 
-0.731452 -0.000000 
-0.741872 -0.000000 
0.803953 -0.000000 
-0.189902 0.000000 
-0.333005 0.000000 
0.947173 -0.000000 
-0.008562 -0.000000 
0.158443 -0.000000 
-0.246659 0.000000 
-0.045300 -0.000000 
0.381599 0.000000 
0.387080 0.000000 
0.722170 0.000000 
-0.499139 -0.000000 
0.474104 -0.000000 
-0.045628 -0.000000 
0.055273 0.000000 
0.236822 0.000000 
-0.043299 -0.000000 
-0.972390 0.000000 
0.460016 0.000000 
-0.652355 -0.000000 
-0.130758 0.000000 
-0.598225 0.000000 
-0.275975 -0.000000 
0.077350 -0.000000 
-0.378761 -0.000000 
-0.528870 0.000000 
0.528186 -0.000000 
0.077754 0.000000 
0.224151 -0.000000 
-0.324161 -0.000000 
0.704555 -0.000000 
-0.629308 0.000000 
0.240466 0.000000 
0.183823 0.000000 
0.976440 -0.000000 
-0.237079 -0.000000 
0.291525 0.000000 
-0.180633 0.000000 
-0.115861 -0.000000 
-0.176840 -0.000000 
0.407957 0.000000 
0.193374 0.000000 
0.262313 0.000000 
-0.273729 -0.000000 
0.444573 0.000000 
-0.028915 0.000000 
0.577253 0.000000 
-1.235375 -0.000000 
0.961549 0.000000 
0.427083 0.000000 
0.341829 0.000000 
-0.665081 -0.000000 
0.310344 0.000000 
-0.114326 0.000000 
-0.501182 -0.000000 
-0.192751 0.000000 
0.202964 0.000000 
1.066299 0.000000 
0.037999 -0.000000 
0.391251 0.000000 
-0.713185 -0.000000 
0.374886 0.000000 
0.387973 0.000000 
-0.265739 0.000000 
-0.012578 0.000000 
0.830561 0.000000 
0.899959 0.000000 
0.377442 0.000000 
-0.532828 -0.000000 
-0.413478 -0.000000 
0.205103 0.000000 
0.313015 0.000000 
-0.381634 0.000000 
-0.298812 0.000000 
-0.062675 -0.000000 
-0.310143 -0.000000 
0.129222 -0.000000 
-0.933422 0.000000 
0.560166 0.000000 
1.052114 0.000000 
-0.174393 -0.000000 
-0.926807 0.000000 
0.086231 0.000000 
-1.175538 0.000000 
-0.878484 -0.000000 
-0.467311 0.000000 
0.424316 0.000000 
-0.110460 0.000000 
0.024358 -0.000000 
-0.004546 -0.000000 
0.592689 0.000000 
-0.511341 -0.000000 
0.116782 0.000000 
0.791352 0.000000 
1.300040 -0.000000 
-0.234326 0.000000 
0.286341 -0.000000 
-0.027472 0.000000 
-0.268733 0.000000 
0.508527 -0.000000 
0.161529 -0.000000 
0.666297 -0.000000 
-0.385567 0.000000 
0.037866 0.000000 
-0.202991 0.000000 
0.170903 0.000000 
0.383744 0.000000 
-0.624775 0.000000 
0.298999 0.000000 
1.098176 -0.000000 
0.210704 0.000000 
-0.259500 0.000000 
-0.911417 0.000000 
0.254921 -0.000000 
0.158414 0.000000 
-0.147278 -0.000000 
-0.403548 0.000000 
-0.212560 -0.000000 
0.468970 -0.000000 
0.367985 -0.000000 
-0.241923 0.000000 
-0.399833 0.000000 
1.328514 -0.000000 
-1.044331 0.000000 
-0.221122 0.000000 
-0.199615 0.000000 
0.574958 0.000000 
0.156334 0.000000 
-0.189960 0.000000 
0.863447 0.000000 
-0.247635 0.000000 
-0.241805 -0.000000 
-0.024259 -0.000000 
0.462816 0.000000 
-0.147389 -0.000000 
0.481421 0.000000 
1.070584 0.000000 
-0.888793 0.000000 
-0.021459 -0.000000 
0.119931 -0.000000 
-0.425946 0.000000 
-0.028568 0.000000 
0.418161 0.000000 
-0.031285 0.000000 
-0.142769 0.000000 
0.636532 0.000000 
0.577733 0.000000 
0.563544 -0.000000 
-0.228821 0.000000 
0.687173 -0.000000 
-0.216568 0.000000 
0.080679 0.000000 
0.451763 0.000000 
-0.729530 0.000000 
-0.154784 0.000000 
-0.498817 0.000000 
-0.513894 0.000000 
0.026312 0.000000 
-0.310998 0.000000 
0.723465 0.000000 
0.052803 0.000000 
0.060704 0.000000 
-0.906156 0.000000 
-0.814954 -0.000000 
0.252641 0.000000 
0.642529 -0.000000 
-0.346491 0.000000 
-0.819595 0.000000 
-0.044738 0.000000 
0.352989 0.000000 
1.070823 -0.000000 
0.496680 0.000000 
-0.310261 -0.000000 
0.295173 0.000000 
1.012512 0.000000 
0.012792 0.000000 
-0.283143 -0.000000 
-0.240836 -0.000000 
0.305191 0.000000 
-0.192347 0.000000 
0.283308 -0.000000 
-0.041718 -0.000000 
-0.738136 -0.000000 
0.716332 -0.000000 
0.123851 -0.000000 
0.098637 -0.000000 
0.416267 -0.000000 
-0.249515 -0.000000 
0.005009 -0.000000 
0.641373 0.000000 
-0.976936 -0.000000 
0.233048 -0.000000 
-0.012303 -0.000000 
0.390778 -0.000000 
-0.428997 0.000000 
0.452646 0.000000 
-0.232144 0.000000 
0.194500 0.000000 
-0.122339 0.000000 
0.703713 0.000000 
0.650767 -0.000000 
0.125415 0.000000 
-0.202103 0.000000 
0.474931 0.000000 
-0.453644 -0.000000 
-0.618959 0.000000 
0.531132 -0.000000 
0.120241 -0.000000 
0.391534 0.000000 
-0.258161 0.000000 
0.221884 0.000000 
0.072637 0.000000 
-0.801974 0.000000 
0.538210 0.000000 
0.349411 0.000000 
-0.596524 -0.000000 
-0.039401 0.000000 
0.310499 0.000000 
0.066895 0.000000 
-0.587127 0.000000 
-0.065897 0.000000 
-0.788352 0.000000 
0.239435 -0.000000 
-0.612530 0.000000 
1.171529 0.000000 
-0.185020 -0.000000 
0.021656 0.000000 
0.362302 0.000000 
-0.299057 0.000000 
-0.278024 0.000000 
0.264088 0.000000 
0.546212 -0.000000 
-0.324916 0.000000 
0.525828 0.000000 
-1.233384 0.000000 
-0.276514 0.000000 
0.527652 0.000000 
-0.814878 -0.000000 
1.028824 0.000000 
-0.066873 0.000000 
-0.034543 -0.000000 
0.202614 0.000000 
0.948203 0.000000 
0.235536 0.000000 
-0.177651 0.000000 
-0.767203 0.000000 
0.644408 0.000000 
-0.388448 0.000000 
0.856537 -0.000000 
0.165923 0.000000 
0.398665 0.000000 
-0.544370 -0.000000 
-0.078315 -0.000000 
-0.042218 -0.000000 
1.360737 -0.000000 
0.434841 0.000000 
-0.649142 -0.000000 
-0.135818 0.000000 
0.578202 -0.000000 
0.038020 -0.000000 
-0.114730 0.000000 
0.136163 -0.000000 
0.718629 0.000000 
0.214590 0.000000 
-1.010763 0.000000 
-0.019105 0.000000 
0.532740 0.000000 
0.447567 0.000000 
-0.817077 0.000000 
-0.497470 0.000000 
0.620429 0.000000 
0.273380 -0.000000 
-0.296788 0.000000 
0.137906 0.000000 
-0.191231 0.000000 
-0.582849 0.000000 
0.171358 0.000000 
0.337744 0.000000 
0.656002 0.000000 
0.588760 0.000000 
-1.467478 -0.000000 
-0.136825 0.000000 
0.801707 0.000000 
0.447664 -0.000000 
0.399068 -0.000000 
-0.313266 0.000000 
0.000971 0.000000 
-0.211223 -0.000000 
0.802307 -0.000000 
-0.407454 -0.000000 
-0.327810 0.000000 
-0.297729 -0.000000 
1.023447 -0.000000 
0.323914 0.000000 
0.425003 0.000000 
0.182711 0.000000 
-0.180965 0.000000 
-0.249738 0.000000 
0.311487 -0.000000 
0.369328 0.000000 
0.720743 0.000000 
0.934071 0.000000 
-0.304720 0.000000 
0.110547 0.000000 
-0.061562 0.000000 
-0.611444 -0.000000 
0.348334 0.000000 
0.374626 0.000000 
-0.388238 0.000000 
-0.113047 0.000000 
-0.173901 0.000000 
-0.092397 0.000000 
0.115803 0.000000 
0.258896 -0.000000 
0.630938 -0.000000 
1.055436 -0.000000 
-0.029456 0.000000 
0.289182 0.000000 
-0.503719 -0.000000 
0.589196 0.000000 
-0.104937 0.000000 
0.435216 0.000000 
-0.863965 0.000000 
-0.548292 0.000000 
-0.644100 0.000000 
-0.406650 0.000000 
-0.172543 0.000000 
-0.470048 -0.000000 
-0.664995 -0.000000 
-0.885430 -0.000000 
0.350871 0.000000 
-0.599725 0.000000 
0.001863 0.000000 
0.401701 0.000000 
-0.516863 -0.000000 
-0.458522 -0.000000 
0.637129 -0.000000 
0.061621 0.000000 
-0.319690 -0.000000 
0.523020 0.000000 
0.499775 0.000000 
-0.105314 0.000000 
-0.423399 -0.000000 
0.194817 -0.000000 
0.388636 -0.000000 
-0.834964 0.000000 
-0.328870 0.000000 
-1.167192 -0.000000 
0.092137 0.000000 
0.325146 0.000000 
-0.609369 0.000000 
-0.012756 0.000000 
-1.051288 -0.000000 
-0.332017 0.000000 
-0.644544 0.000000 
0.866929 0.000000 
-0.324843 -0.000000 
0.459080 -0.000000 
0.346841 0.000000 
0.561878 -0.000000 
0.755612 0.000000 
-0.783847 -0.000000 
-0.761432 -0.000000 
0.296586 0.000000 
0.130687 0.000000 
-0.242034 0.000000 
-0.191905 0.000000 
0.373058 0.000000 
-0.300625 0.000000 
-0.099033 0.000000 
0.199416 0.000000 
0.279562 0.000000 
-0.601048 -0.000000 
-0.123444 -0.000000 
-0.028526 0.000000 
-0.254357 0.000000 
-0.587128 0.000000 
0.488420 -0.000000 
-0.270731 0.000000 
0.221804 0.000000 
-0.322599 0.000000 
0.641657 0.000000 
0.452054 -0.000000 
0.224910 0.000000 
0.563131 0.000000 
0.597119 0.000000 
0.730209 -0.000000 
-0.029327 -0.000000 
-0.323743 0.000000 
-0.017955 0.000000 
-0.319450 0.000000 
-0.186360 -0.000000 
0.742678 -0.000000 
0.050752 -0.000000 
-0.349076 -0.000000 
0.516050 0.000000 
0.095781 0.000000 
-0.171669 0.000000 
-0.045086 0.000000 
-0.496603 -0.000000 
-0.563220 -0.000000 
0.130337 -0.000000 
0.915771 0.000000 
0.260635 0.000000 
-0.246696 -0.000000 
-0.001164 -0.000000 
-0.014144 0.000000 
0.110042 0.000000 
-0.078661 0.000000 
-0.642347 0.000000 
-0.563210 0.000000 
0.721258 0.000000 
0.286861 0.000000 
-1.238358 -0.000000 
-0.189955 -0.000000 
0.112982 -0.000000 
-0.488093 0.000000 
-0.186888 -0.000000 
-0.653208 0.000000 
-0.539656 -0.000000 
0.088422 0.000000 
-0.338072 -0.000000 
1.050258 -0.000000 
0.891210 0.000000 
-0.660692 0.000000 
-0.490500 0.000000 
0.145487 0.000000 
0.477360 -0.000000 
0.506716 0.000000 
0.825238 -0.000000 
-0.154163 0.000000 
0.220504 0.000000 
0.214930 0.000000 
0.146260 0.000000 
0.902210 -0.000000 
0.094835 -0.000000 
0.947587 0.000000 
-0.157058 -0.000000 
-0.745588 -0.000000 
0.224372 0.000000 
-0.137491 0.000000 
-0.121746 -0.000000 
0.478707 -0.000000 
1.110462 0.000000 
0.420622 0.000000 
0.863615 0.000000 
-0.310659 -0.000000 
0.389161 0.000000 
0.215944 0.000000 
-0.338090 -0.000000 
-0.135574 0.000000 
0.500098 -0.000000 
-0.158013 0.000000 
-0.662009 0.000000 
0.121990 0.000000 
-0.123671 -0.000000 
-0.059944 0.000000 
-0.439316 0.000000 
0.088711 0.000000 
-0.379462 -0.000000 
0.018274 0.000000 
1.041760 0.000000 
0.631637 -0.000000 
-0.750823 0.000000 
0.814692 -0.000000 
-0.316269 0.000000 
0.516437 -0.000000 
0.734132 0.000000 
1.334009 0.000000 
-0.599066 0.000000 
0.069356 -0.000000 
0.664983 0.000000 
-0.543914 0.000000 
-0.490874 -0.000000 
0.529985 -0.000000 
-1.234786 0.000000 
0.065541 -0.000000 
0.014812 0.000000 
-0.187117 0.000000 
-0.795425 0.000000 
0.657982 0.000000 
-0.063726 0.000000 
0.301807 0.000000 
-0.195672 -0.000000 
0.474254 -0.000000 
1.165404 -0.000000 
-0.617693 -0.000000 
0.442167 -0.000000 
-0.275493 -0.000000 
-0.773334 0.000000 
0.706635 0.000000 
-0.341361 0.000000 
1.793198 0.000000 
0.582611 -0.000000 
0.870342 0.000000 
0.360022 0.000000 
-0.346248 0.000000 
-0.749627 0.000000 
-1.166701 0.000000 
1.050411 0.000000 
0.544262 -0.000000 
-0.365688 0.000000 
0.486170 -0.000000 
-0.018730 -0.000000 
-0.245863 0.000000 
0.876125 -0.000000 
0.232709 -0.000000 
0.353641 0.000000 
0.534578 0.000000 
0.121935 -0.000000 
0.058137 0.000000 
-0.214671 -0.000000 
-0.538369 0.000000 
0.364383 -0.000000 
0.370226 0.000000 
-0.337068 0.000000 
0.083495 0.000000 
0.150887 0.000000 
1.007874 0.000000 
0.009683 0.000000 
-1.313951 0.000000 
0.880387 -0.000000 
-0.537487 -0.000000 
0.051276 0.000000 
0.500642 -0.000000 
0.013129 0.000000 
0.014586 0.000000 
0.128525 -0.000000 
-0.005262 0.000000 
-0.004655 0.000000 
0.863574 -0.000000 
0.029938 -0.000000 
-0.323131 0.000000 
-0.022469 0.000000 
0.582893 0.000000 
0.279044 -0.000000 
0.156439 -0.000000 
-0.242429 0.000000 
0.071498 -0.000000 
-0.209924 -0.000000 
0.262273 0.000000 
0.718862 0.000000 
0.305172 0.000000 
0.883597 0.000000 
0.102247 0.000000 
-0.275991 -0.000000 
0.287017 0.000000 
0.632314 -0.000000 
0.049286 0.000000 
0.477362 0.000000 
0.490723 0.000000 
-0.573967 0.000000 
0.520409 0.000000 
-0.005284 0.000000 
-0.262875 0.000000 
0.134105 0.000000 
1.181375 -0.000000 
-0.353308 -0.000000 
-0.790334 -0.000000 
-0.556644 -0.000000 
-1.293524 -0.000000 
-0.891429 0.000000 
-0.236066 0.000000 
0.045950 -0.000000 
-0.361380 0.000000 
0.481707 0.000000 
0.036191 0.000000 
0.963510 0.000000 
0.217031 0.000000 
-0.145173 0.000000 
-0.630831 0.000000 
0.862980 0.000000 
-0.046196 0.000000 
-0.167081 0.000000 
-0.465880 0.000000 
-1.379788 0.000000 
0.274890 -0.000000 
0.379871 -0.000000 
-0.405250 -0.000000 
0.661279 -0.000000 
-0.097403 0.000000 
-0.478888 0.000000 
0.277602 0.000000 
0.730043 0.000000 
-0.062913 0.000000 
0.324351 0.000000 
-0.623182 0.000000 
-0.664320 -0.000000 
-0.009745 0.000000 
0.645036 -0.000000 
0.710769 -0.000000 
0.419999 -0.000000 
-0.744862 -0.000000 
-0.238727 -0.000000 
0.140364 0.000000 
-0.402678 0.000000 
0.531925 -0.000000 
-0.358350 0.000000 
-0.619423 0.000000 
0.384468 0.000000 
0.707698 -0.000000 
0.264573 0.000000 
-0.614419 0.000000 
-0.161081 0.000000 
0.304958 -0.000000 
0.350605 0.000000 
0.565516 -0.000000 
-0.885929 0.000000 
-0.491841 0.000000 
-0.217607 -0.000000 
-1.234128 0.000000 
-0.593962 0.000000 
0.468807 -0.000000 
-0.163867 0.000000 
-0.316212 -0.000000 
-0.385791 0.000000 
-0.374453 0.000000 
0.297139 0.000000 
0.391128 -0.000000 
0.295523 0.000000 
-0.468780 0.000000 
0.133183 -0.000000 
0.203047 0.000000 
-0.497610 0.000000 
0.882923 -0.000000 
-0.570159 -0.000000 
1.051682 -0.000000 
-0.031484 0.000000 
0.404901 0.000000 
-0.503265 0.000000 
-0.608573 -0.000000 
0.238155 0.000000 
0.258355 0.000000 
0.254067 0.000000 
-0.733727 -0.000000 
-0.219139 -0.000000 
-0.325450 0.000000 
-0.757886 0.000000 
-0.714833 -0.000000 
0.702763 0.000000 
0.673485 0.000000 
-0.887098 0.000000 
0.323092 0.000000 
-0.357165 -0.000000 
0.054462 0.000000 
0.347496 0.000000 
0.218961 0.000000 
0.240912 0.000000 
0.643560 0.000000 
0.037724 -0.000000 
0.104800 0.000000 
0.247534 0.000000 
-0.620108 0.000000 
0.623631 0.000000 
0.214005 0.000000 
-0.075746 0.000000 
-0.370865 0.000000 
0.420483 -0.000000 
-0.219571 -0.000000 
-0.265096 -0.000000 
0.172709 0.000000 
0.455913 0.000000 
-0.236172 -0.000000 
-0.781927 -0.000000 
-0.267998 -0.000000 
-0.488300 -0.000000 
-0.410476 0.000000 
0.272060 0.000000 
-0.402370 0.000000 
-0.805283 -0.000000 
0.422797 -0.000000 
-0.302419 0.000000 
-0.570146 0.000000 
-0.402522 -0.000000 
-0.153137 -0.000000 
-0.163286 0.000000 
-0.373223 -0.000000 
-0.510366 0.000000 
-0.642085 0.000000 
0.745400 -0.000000 
-0.209610 0.000000 
-0.570696 0.000000 
-0.936214 -0.000000 
0.033671 -0.000000 
0.002460 -0.000000 
-0.008289 0.000000 
0.560052 0.000000 
-0.450009 0.000000 
0.299945 -0.000000 
0.264548 -0.000000 
-0.818689 0.000000 
-0.148202 -0.000000 
0.625934 0.000000 
-0.633299 0.000000 
-0.536524 0.000000 
0.551226 0.000000 
-0.129525 0.000000 
-1.153292 0.000000 
0.129943 -0.000000 
0.190459 0.000000 
0.255722 0.000000 
0.870106 0.000000 
0.361313 0.000000 
-0.452712 0.000000 
-0.636833 -0.000000 
0.558049 -0.000000 
-0.778928 0.000000 
0.231093 0.000000 
0.252404 0.000000 
-0.495360 0.000000 
0.750074 0.000000 
-0.325146 0.000000 
-0.134459 0.000000 
0.203782 0.000000 
-0.071609 0.000000 
-0.848674 0.000000 
0.202522 0.000000 
-0.445192 -0.000000 
0.684254 0.000000 
0.123296 0.000000 
0.283542 0.000000 
-0.592345 0.000000 
0.784982 -0.000000 
0.426081 0.000000 
0.247121 -0.000000 
0.068142 -0.000000 
0.642367 0.000000 
-0.602472 0.000000 
0.768286 0.000000 
-0.170961 0.000000 
-0.852242 -0.000000 
0.718794 0.000000 
-0.340358 0.000000 
-0.137834 0.000000 
0.143014 -0.000000 
0.517957 -0.000000 
0.266662 0.000000 
0.477240 0.000000 
-0.029026 -0.000000 
0.385950 -0.000000 
-0.769735 -0.000000 
-0.022855 0.000000 
0.594280 0.000000 
0.086546 -0.000000 
-0.584396 0.000000 
0.611081 -0.000000 
0.661774 -0.000000 
0.224088 -0.000000 
-0.235543 -0.000000 
0.556442 -0.000000 
-0.644442 -0.000000 
0.067406 0.000000 
-0.969594 -0.000000 
-0.510543 -0.000000 
-0.148426 -0.000000 
0.613460 -0.000000 
0.891117 0.000000 
-0.230381 0.000000 
-0.380687 0.000000 
-0.339767 0.000000 
0.866449 0.000000 
0.459885 -0.000000 
0.564988 0.000000 
0.053101 0.000000 
0.528477 0.000000 
0.270179 -0.000000 
0.054881 0.000000 
-0.123144 0.000000 
-0.391559 -0.000000 
-0.349322 0.000000 
1.040482 0.000000 
-0.657172 0.000000 
-0.716228 0.000000 
-0.553588 0.000000 
0.116227 -0.000000 
-0.077983 0.000000 
0.656621 0.000000 
-0.811648 0.000000 
-0.255793 -0.000000 
-0.374246 0.000000 
0.573728 0.000000 
0.876273 0.000000 
-0.732135 0.000000 
-0.332824 0.000000 
-0.247093 0.000000 
0.151996 -0.000000 
-0.135765 0.000000 
0.011524 0.000000 
0.689869 0.000000 
-0.369489 0.000000 
-0.502492 -0.000000 
0.371673 0.000000 
0.098473 0.000000 
0.397938 0.000000 
0.503977 0.000000 
-0.449752 0.000000 
0.576223 0.000000 
0.141866 0.000000 
0.405261 0.000000 
-0.207604 0.000000 
0.953676 0.000000 
-0.017380 0.000000 
-0.044449 0.000000 
0.225401 0.000000 
0.126909 0.000000 
1.201867 0.000000 
-0.197000 0.000000 
-0.151373 0.000000 
-0.187426 0.000000 
-0.344087 0.000000 
0.525078 0.000000 
-0.158514 0.000000 
-0.259829 0.000000 
-1.107267 0.000000 
0.305636 -0.000000 
0.035956 0.000000 
-0.304017 -0.000000 
0.363398 0.000000 
-0.050802 0.000000 
-0.380931 0.000000 
0.478039 0.000000 
0.292638 0.000000 
0.229606 0.000000 
0.093455 0.000000 
0.731931 0.000000 
0.063785 0.000000 
0.301154 -0.000000 
0.129927 -0.000000 
0.711618 -0.000000 
-0.161130 0.000000 
-0.120065 -0.000000 
-0.160150 0.000000 
1.060821 0.000000 
0.106469 0.000000 
0.326410 0.000000 
-0.707652 0.000000 
-0.310693 -0.000000 
0.568754 0.000000 
-0.136666 0.000000 
-0.073796 0.000000 
-0.245357 0.000000 
-0.111368 0.000000 
0.493637 -0.000000 
0.046334 0.000000 
0.384679 0.000000 
0.220145 0.000000 
0.236803 -0.000000 
-0.020833 -0.000000 
0.125833 0.000000 
-0.585274 0.000000 
-0.174146 0.000000 
-0.223230 0.000000 
-0.535584 -0.000000 
-0.063917 -0.000000 
0.482438 -0.000000 
-0.432852 -0.000000 
0.503842 0.000000 
0.538749 0.000000 
0.641991 -0.000000 
0.437740 0.000000 
0.417136 -0.000000 
0.152336 0.000000 
-0.072155 0.000000 
0.035601 0.000000 
-0.132972 0.000000 
0.562145 -0.000000 
0.520654 -0.000000 
0.248193 -0.000000 
0.835101 0.000000 
-1.568011 0.000000 
0.266533 0.000000 
-0.435961 0.000000 
0.028554 0.000000 
-0.549284 -0.000000 
-0.095135 0.000000 
-0.538777 -0.000000 
-0.271868 0.000000 
0.793170 0.000000 
0.634488 0.000000 
0.022720 0.000000 
1.020390 0.000000 
-0.628386 -0.000000 
0.525078 0.000000 
0.893899 -0.000000 
-0.308217 -0.000000 
0.209337 0.000000 
0.255391 -0.000000 
-0.552230 0.000000 
1.155293 -0.000000 
-0.196790 0.000000 
0.547343 -0.000000 
-0.586478 0.000000 
0.228821 0.000000 
-0.596420 -0.000000 
-0.111718 0.000000 
-0.204601 0.000000 
-0.238265 0.000000 
0.614784 -0.000000 
0.518914 0.000000 
-0.104809 0.000000 
-0.483726 0.000000 
-0.052159 -0.000000 
0.143439 0.000000 
0.873839 -0.000000 
-0.668568 -0.000000 
0.591896 0.000000 
-0.859658 0.000000 
-0.007476 0.000000 
0.013240 0.000000 
0.285629 0.000000 
0.209691 -0.000000 
0.368383 0.000000 
0.159037 -0.000000 
0.147170 0.000000 
-1.236286 -0.000000 
0.200978 0.000000 
0.272311 -0.000000 
0.086173 0.000000 
0.830138 -0.000000 
-0.770815 -0.000000 
-0.747181 -0.000000 
0.330312 -0.000000 
0.860915 0.000000 
-0.038666 0.000000 
0.162397 0.000000 
-0.371013 0.000000 
0.233663 0.000000 
0.076570 -0.000000 
-0.004673 -0.000000 
0.153904 0.000000 
0.628940 0.000000 
0.203057 -0.000000 
0.346890 -0.000000 
0.850043 -0.000000 
0.700575 -0.000000 
-0.216613 0.000000 
0.378839 0.000000 
0.020263 -0.000000 
-0.433218 0.000000 
0.049259 -0.000000 
-0.362697 0.000000 
0.151422 0.000000 
-0.290089 0.000000 
-1.174191 0.000000 
-0.365526 0.000000 
0.544939 -0.000000 
-0.028463 0.000000 
-0.598874 0.000000 
-0.417010 0.000000 
0.495022 0.000000 
-0.297335 -0.000000 
-0.090175 -0.000000 
0.346669 0.000000 
0.167005 0.000000 
0.746103 -0.000000 
0.361530 -0.000000 
0.254519 0.000000 
-0.469668 0.000000 
0.652011 -0.000000 
1.075068 0.000000 
-0.231111 -0.000000 
0.094429 0.000000 
0.113823 -0.000000 
0.808247 -0.000000 
0.687849 -0.000000 
0.741582 0.000000 
-0.112804 -0.000000 
0.601888 0.000000 
0.762783 0.000000 
0.103140 -0.000000 
0.076697 -0.000000 
-0.066601 -0.000000 
-0.554295 0.000000 
0.026818 -0.000000 
-1.146142 -0.000000 
-0.966486 -0.000000 
0.854166 -0.000000 
-0.510143 -0.000000 
-0.007482 0.000000 
-0.178986 0.000000 
0.215759 0.000000 
0.324112 0.000000 
0.350974 0.000000 
-0.292491 -0.000000 
-0.166796 -0.000000 
0.381693 0.000000 
1.274583 -0.000000 
0.626663 0.000000 
0.045988 0.000000 
-1.014365 -0.000000 
-0.188010 0.000000 
0.198778 0.000000 
0.545432 0.000000 
0.148414 0.000000 
0.622731 0.000000 
-0.202254 0.000000 
0.012063 -0.000000 
0.730395 -0.000000 
0.295104 0.000000 
0.274271 -0.000000 
0.466817 0.000000 
0.303279 -0.000000 
0.093658 -0.000000 
-0.551369 0.000000 
-0.004596 0.000000 
0.118614 0.000000 
-0.215229 0.000000 
0.357893 0.000000 
1.057351 0.000000 
0.160040 -0.000000 
-0.549795 0.000000 
0.007122 0.000000 
-0.709391 -0.000000 
-0.389124 0.000000 
0.233911 0.000000 
-0.030549 -0.000000 
-0.054357 -0.000000 
0.706249 0.000000 
0.570798 0.000000 
0.598278 0.000000 
-0.459606 0.000000 
-0.537483 -0.000000 
-1.101993 0.000000 
0.049147 -0.000000 
0.112172 0.000000 
0.029614 0.000000 
0.930191 0.000000 
0.208701 0.000000 
-0.932300 0.000000 
0.355286 0.000000 
-0.194616 0.000000 
0.373865 0.000000 
0.057508 0.000000 
0.305418 0.000000 
0.161262 0.000000 
-0.055571 -0.000000 
0.765954 -0.000000 
0.372896 0.000000 
0.466897 0.000000 
-0.226682 -0.000000 
0.314680 -0.000000 
0.180702 0.000000 
-0.082842 0.000000 
0.132720 0.000000 
0.804289 -0.000000 
0.641612 0.000000 
0.477700 0.000000 
0.128213 0.000000 
-0.185585 -0.000000 
0.083048 0.000000 
-0.254415 0.000000 
0.064443 -0.000000 
-1.036809 0.000000 
-0.602410 0.000000 
-0.248744 -0.000000 
-0.777511 0.000000 
-0.194769 0.000000 
-0.457867 0.000000 
-1.245488 0.000000 
-0.926414 0.000000 
0.193758 0.000000 
-0.108129 0.000000 
-0.650822 -0.000000 
0.031445 -0.000000 
-0.131409 0.000000 
-0.109426 -0.000000 
-0.427103 0.000000 
-0.422584 0.000000 
-0.544531 0.000000 
0.770343 0.000000 
0.010011 0.000000 
-0.174141 -0.000000 
0.118091 -0.000000 
0.951355 0.000000 
0.234926 -0.000000 
0.007135 0.000000 
0.311232 0.000000 
-0.713480 0.000000 
0.516203 -0.000000 
0.468853 -0.000000 
0.292184 -0.000000 
-0.219041 0.000000 
0.263920 0.000000 
0.502401 0.000000 
-0.320302 0.000000 
0.102465 0.000000 
-0.841822 0.000000 
-0.322081 0.000000 
-0.105535 0.000000 
0.269774 0.000000 
-0.728148 -0.000000 
-0.184294 0.000000 
-1.062612 0.000000 
-0.360769 -0.000000 
-0.015514 0.000000 
0.693687 0.000000 
-0.130992 0.000000 
0.337781 0.000000 
-0.524149 0.000000 
1.130252 0.000000 
1.066369 0.000000 
0.012309 0.000000 
-0.107398 0.000000 
0.215616 0.000000 
0.187097 0.000000 
-0.373589 0.000000 
0.296604 0.000000 
-0.102602 0.000000 
0.424090 0.000000 
-0.478089 0.000000 
0.545993 0.000000 
-0.932890 0.000000 
0.412726 -0.000000 
0.084978 0.000000 
-0.094814 -0.000000 
-0.684838 0.000000 
-0.105444 0.000000 
-0.230175 0.000000 
0.305046 0.000000 
0.107348 -0.000000 
0.858847 0.000000 
0.048052 0.000000 
0.187325 -0.000000 
0.847767 -0.000000 
-0.363777 0.000000 
-0.161701 0.000000 
-0.155803 0.000000 
-1.162813 -0.000000 
0.901986 -0.000000 
0.106764 0.000000 
0.243194 0.000000 
-0.379076 0.000000 
0.741204 0.000000 
-0.358008 0.000000 
1.056662 0.000000 
-0.773022 0.000000 
-0.860032 -0.000000 
0.057112 0.000000 
-0.179397 0.000000 
-0.143208 0.000000 
0.252542 -0.000000 
-0.062643 0.000000 
-0.203143 -0.000000 
-0.532764 0.000000 
0.086281 0.000000 
-0.861418 -0.000000 
0.063040 0.000000 
-0.487449 0.000000 
-0.318776 -0.000000 
0.570331 0.000000 
-0.458535 0.000000 
-0.716434 -0.000000 
0.346632 0.000000 
0.382199 -0.000000 
-0.032617 0.000000 
-0.551452 -0.000000 
0.119639 0.000000 
0.443462 0.000000 
-0.406675 0.000000 
0.286274 0.000000 
0.833174 0.000000 
0.403487 -0.000000 
0.207784 0.000000 
0.668940 0.000000 
0.274391 0.000000 
-0.522960 0.000000 
-0.260607 0.000000 
-0.288247 -0.000000 
0.599125 -0.000000 
-0.288795 -0.000000 
0.339111 -0.000000 
-0.426332 -0.000000 
-0.541032 0.000000 
0.289247 0.000000 
-0.082850 0.000000 
0.169176 0.000000 
0.576997 -0.000000 
0.376535 0.000000 
-0.544774 0.000000 
0.079204 0.000000 
-0.289306 -0.000000 
-0.174503 0.000000 
-0.045184 -0.000000 
-0.360570 -0.000000 
0.263670 0.000000 
-0.112103 0.000000 
0.269502 0.000000 
0.362665 0.000000 
0.929084 0.000000 
0.663552 0.000000 
0.414662 -0.000000 
-0.622508 0.000000 
0.020649 -0.000000 
-0.585145 0.000000 
0.021456 -0.000000 
-0.066490 0.000000 
0.139184 -0.000000 
-0.363245 -0.000000 
0.443493 0.000000 
-0.290212 0.000000 
0.401059 0.000000 
-0.040727 0.000000 
-0.588094 0.000000 
-0.778491 0.000000 
-0.152604 0.000000 
-0.047997 0.000000 
-0.628848 -0.000000 
-0.415507 0.000000 
0.171263 -0.000000 
0.320410 0.000000 
-0.044740 0.000000 
-0.017513 -0.000000 
0.013183 -0.000000 
0.249704 -0.000000 
0.801774 0.000000 
-0.189385 0.000000 
0.894426 0.000000 
0.186049 -0.000000 
-0.251306 -0.000000 
-0.271644 -0.000000 
-0.292258 0.000000 
0.440358 0.000000 
0.153893 0.000000 
0.706190 0.000000 
-0.377979 0.000000 
0.770874 -0.000000 
-1.252117 0.000000 
-0.064940 0.000000 
-0.345300 0.000000 
0.212404 0.000000 
0.760643 0.000000 
0.338643 0.000000 
-0.140161 0.000000 
0.383435 0.000000 
-0.678260 0.000000 
-0.022867 0.000000 
-0.230472 0.000000 
-0.039473 0.000000 
-0.922243 -0.000000 
-0.178784 -0.000000 
0.053208 0.000000 
-0.423445 -0.000000 
-0.974030 0.000000 
-0.301113 0.000000 
0.207338 -0.000000 
0.565024 -0.000000 
0.529396 -0.000000 
-0.307522 -0.000000 
-0.383396 0.000000 
0.088419 0.000000 
0.170508 0.000000 
-0.219542 -0.000000 
0.044963 0.000000 
0.222668 0.000000 
0.758551 0.000000 
-0.274247 0.000000 
-0.330887 0.000000 
-0.008642 0.000000 
-0.433878 -0.000000 
0.239423 -0.000000 
0.522359 0.000000 
0.378194 0.000000 
0.299262 0.000000 
0.327106 0.000000 
-0.349764 0.000000 
0.069778 -0.000000 
-0.161222 0.000000 
-0.697757 -0.000000 
0.732285 -0.000000 
-0.150787 -0.000000 
0.268800 0.000000 
0.455852 -0.000000 
0.193317 -0.000000 
-0.566598 0.000000 
-0.260217 0.000000 
-0.698187 0.000000 
0.831805 -0.000000 
-0.001418 0.000000 
0.392447 -0.000000 
0.543057 -0.000000 
0.814766 -0.000000 
0.012849 -0.000000 
-0.118646 0.000000 
-0.917636 0.000000 
0.173111 0.000000 
0.038359 0.000000 
0.362229 -0.000000 
0.059687 -0.000000 
-0.080278 0.000000 
-0.131148 0.000000 
0.197210 0.000000 
-0.702791 -0.000000 
0.375337 0.000000 
-0.198631 0.000000 
-0.460296 0.000000 
0.387975 0.000000 
0.753906 0.000000 
0.431256 0.000000 
0.203091 0.000000 
0.253590 0.000000 
-1.202899 -0.000000 
-1.080003 0.000000 
0.825556 -0.000000 
-0.273758 0.000000 
0.420926 -0.000000 
0.257233 0.000000 
-0.183641 0.000000 
-0.360598 -0.000000 
0.158344 0.000000 
0.431644 -0.000000 
-0.020844 0.000000 
-0.594298 0.000000 
-0.007718 -0.000000 
-1.043434 -0.000000 
-0.534939 -0.000000 
-0.085355 0.000000 
1.045261 -0.000000 
-0.282923 -0.000000 
-0.155152 0.000000 
0.995799 0.000000 
0.329501 0.000000 
-0.550850 0.000000 
0.871060 0.000000 
-0.175180 0.000000 
-0.769507 -0.000000 
0.308548 0.000000 
-0.065753 0.000000 
1.489122 -0.000000 
-0.238496 0.000000 
-0.730553 0.000000 
1.010698 0.000000 
-0.380286 0.000000 
-0.517884 -0.000000 
-0.189848 -0.000000 
0.376331 0.000000 
0.185603 0.000000 
-0.081697 -0.000000 
0.154517 0.000000 
0.318738 0.000000 
-0.185495 0.000000 
0.286001 -0.000000 
-0.133753 0.000000 
-0.544143 0.000000 
-0.645911 -0.000000 
0.673823 -0.000000 
0.249432 0.000000 
-0.851315 0.000000 
-1.067135 -0.000000 
-0.131820 -0.000000 
-0.124249 -0.000000 
0.607349 0.000000 
0.036504 0.000000 
-0.122684 0.000000 
0.470998 0.000000 
0.282998 0.000000 
-1.016476 0.000000 
0.242667 -0.000000 
-0.006526 0.000000 
0.432616 0.000000 
-0.332857 0.000000 
0.505445 0.000000 
-0.127975 0.000000 
0.321887 0.000000 
-0.427146 -0.000000 
-0.579076 0.000000 
0.411519 -0.000000 
0.824944 0.000000 
0.054854 0.000000 
0.339422 -0.000000 
0.355156 -0.000000 
0.763051 -0.000000 
-0.272157 0.000000 
-0.419686 0.000000 
0.556760 0.000000 
-0.085487 -0.000000 
-0.221297 0.000000 
0.353031 0.000000 
0.022962 0.000000 
-0.567730 0.000000 
-0.708153 -0.000000 
0.234085 0.000000 
0.295488 0.000000 
0.134692 0.000000 
-0.362558 -0.000000 
-0.276741 0.000000 
0.479769 0.000000 
-0.527777 0.000000 
-0.195560 0.000000 
-0.985674 0.000000 
-0.871031 -0.000000 
0.134806 -0.000000 
-0.260961 0.000000 
0.274053 0.000000 
0.237666 0.000000 
-0.737035 -0.000000 
0.506305 0.000000 
-1.394150 0.000000 
-0.721593 0.000000 
0.155280 -0.000000 
-0.574314 0.000000 
-0.263496 0.000000 
-0.285529 0.000000 
-0.340783 0.000000 
-0.345051 -0.000000 
0.191567 -0.000000 
-0.488034 0.000000 
-0.051849 0.000000 
0.060544 -0.000000 
-0.170745 0.000000 
-0.057990 -0.000000 
-0.701337 -0.000000 
-0.336456 0.000000 
0.578089 0.000000 
0.156280 0.000000 
-0.085297 -0.000000 
0.044465 0.000000 
-0.318500 -0.000000 
0.277228 0.000000 
0.389160 0.000000 
-0.197222 -0.000000 
-0.577947 -0.000000 
-0.474742 -0.000000 
-0.014298 -0.000000 
-0.683166 0.000000 
0.431653 0.000000 
1.205938 0.000000 
0.422978 0.000000 
-0.134373 0.000000 
-0.827996 0.000000 
0.252448 -0.000000 
0.423524 -0.000000 
-0.336503 0.000000 
-0.579899 0.000000 
0.228226 -0.000000 
0.448481 -0.000000 
-0.251172 0.000000 
-1.192066 -0.000000 
-0.036054 0.000000 
0.620648 0.000000 
