T	 |m|	 <m[0]>	 <m[1]>	 <E>	 dim_{Lat}=2	 L=128,128	 J=1.000000,1.000000	 {/Symbol s}_J=0.000000,0.000000	 <J_{ij}>=0.000000,0.000000	 dim_{Spin}=2	 h=0.062500,0.000000	 {/Symbol s}_h=0.500000,0.000000	 <h_i>=-0.003125,0.000000	 order=1.000000,0.000000	 order_h=0	 order_r=1	 (thermalizing-MCS,averaging-MCS)/{/Symbol D}T=(128000,12800)/0.010000	 
Cooling... 
2.000000	 0.066882	 0.054969	 -0.000070	 -0.611793	 
1.990000	 0.068314	 0.057019	 -0.001595	 -0.616180	 
1.980000	 0.068648	 0.056978	 -0.001182	 -0.620689	 
1.970000	 0.069884	 0.058566	 -0.002279	 -0.624501	 
1.960000	 0.070691	 0.059863	 -0.000716	 -0.628061	 
1.950000	 0.071832	 0.061259	 -0.000304	 -0.631326	 
1.940000	 0.071686	 0.060618	 -0.000030	 -0.634749	 
1.930000	 0.071833	 0.060765	 0.000886	 -0.637889	 
1.920000	 0.073244	 0.062489	 -0.001165	 -0.642683	 
1.910000	 0.073776	 0.063181	 -0.001103	 -0.646783	 
1.900000	 0.074937	 0.064427	 -0.003139	 -0.650964	 
1.890000	 0.075799	 0.065308	 -0.002534	 -0.655680	 
1.880000	 0.077697	 0.067211	 -0.001526	 -0.659660	 
1.870000	 0.077942	 0.067868	 0.002068	 -0.662869	 
1.860000	 0.078141	 0.067632	 -0.000342	 -0.667212	 
1.850000	 0.078684	 0.068439	 -0.000078	 -0.671141	 
1.840000	 0.081320	 0.071595	 -0.000839	 -0.676301	 
1.830000	 0.080903	 0.071023	 -0.002532	 -0.681116	 
1.820000	 0.082355	 0.072663	 -0.001717	 -0.686009	 
1.810000	 0.085741	 0.076413	 -0.001815	 -0.690457	 
1.800000	 0.086010	 0.076862	 -0.000454	 -0.694296	 
1.790000	 0.085839	 0.076439	 -0.000003	 -0.698549	 
1.780000	 0.086845	 0.077011	 0.001699	 -0.703119	 
1.770000	 0.088875	 0.079561	 -0.002973	 -0.708649	 
1.760000	 0.089892	 0.080922	 -0.000905	 -0.713887	 
1.750000	 0.090904	 0.081466	 -0.003392	 -0.719294	 
1.740000	 0.093070	 0.084130	 -0.002753	 -0.724362	 
1.730000	 0.095507	 0.086976	 -0.000575	 -0.728997	 
1.720000	 0.095410	 0.086537	 0.000362	 -0.733193	 
1.710000	 0.096199	 0.087409	 -0.000312	 -0.738459	 
1.700000	 0.098766	 0.089908	 -0.000989	 -0.744392	 
1.690000	 0.099704	 0.091396	 -0.001197	 -0.749722	 
1.680000	 0.101031	 0.092800	 -0.002553	 -0.755874	 
1.670000	 0.104094	 0.095677	 -0.002543	 -0.762176	 
1.660000	 0.106494	 0.098090	 -0.002090	 -0.767677	 
1.650000	 0.107731	 0.100237	 0.000842	 -0.772481	 
1.640000	 0.109219	 0.100487	 0.001632	 -0.777956	 
1.630000	 0.110967	 0.103178	 0.000407	 -0.783952	 
1.620000	 0.114122	 0.106122	 -0.001640	 -0.790087	 
1.610000	 0.114761	 0.107220	 -0.002836	 -0.796844	 
1.600000	 0.117320	 0.109093	 -0.005043	 -0.804164	 
1.590000	 0.119251	 0.111157	 -0.002528	 -0.809965	 
1.580000	 0.123540	 0.116067	 -0.000487	 -0.816278	 
1.570000	 0.125189	 0.117400	 0.000299	 -0.822804	 
1.560000	 0.126474	 0.119271	 0.001440	 -0.828469	 
1.550000	 0.130707	 0.122896	 -0.000695	 -0.835868	 
1.540000	 0.132671	 0.125317	 -0.001331	 -0.843295	 
1.530000	 0.134754	 0.127129	 -0.003793	 -0.850710	 
1.520000	 0.137755	 0.130186	 -0.003154	 -0.857960	 
1.510000	 0.143730	 0.136813	 -0.001729	 -0.865484	 
1.500000	 0.145678	 0.138640	 0.001993	 -0.871622	 
1.490000	 0.147971	 0.140717	 0.003363	 -0.879146	 
1.480000	 0.149919	 0.142069	 0.002063	 -0.886166	 
1.470000	 0.155029	 0.148128	 -0.001015	 -0.895205	 
1.460000	 0.157155	 0.149966	 -0.002462	 -0.903323	 
1.450000	 0.161775	 0.154625	 -0.006666	 -0.911966	 
1.440000	 0.167516	 0.160326	 -0.005079	 -0.920327	 
1.430000	 0.169999	 0.163437	 0.000104	 -0.927052	 
1.420000	 0.174123	 0.167191	 0.002633	 -0.935463	 
1.410000	 0.175836	 0.168758	 0.004084	 -0.943103	 
1.400000	 0.181797	 0.174517	 -0.003552	 -0.953185	 
1.390000	 0.185615	 0.178872	 -0.002943	 -0.962068	 
1.380000	 0.190252	 0.183448	 -0.008064	 -0.971758	 
1.370000	 0.194364	 0.187386	 -0.005681	 -0.980532	 
1.360000	 0.201627	 0.194561	 -0.005708	 -0.990094	 
1.350000	 0.208356	 0.201358	 0.003795	 -0.998714	 
1.340000	 0.208839	 0.202043	 0.000718	 -1.007799	 
1.330000	 0.214339	 0.207923	 -0.000597	 -1.017330	 
1.320000	 0.225570	 0.219028	 -0.001392	 -1.029298	 
1.310000	 0.229034	 0.222143	 -0.005705	 -1.039585	 
1.300000	 0.235367	 0.228392	 -0.009629	 -1.049789	 
1.290000	 0.242921	 0.236398	 -0.006987	 -1.060479	 
1.280000	 0.247811	 0.241891	 -0.001203	 -1.070097	 
1.270000	 0.253605	 0.247235	 -0.000776	 -1.079688	 
1.260000	 0.258543	 0.251062	 0.003126	 -1.089868	 
1.250000	 0.267741	 0.261104	 -0.006539	 -1.103017	 
1.240000	 0.272826	 0.266404	 -0.002783	 -1.113601	 
1.230000	 0.277604	 0.270844	 -0.009872	 -1.125936	 
1.220000	 0.285395	 0.277679	 -0.007921	 -1.135940	 
1.210000	 0.297370	 0.290809	 -0.006024	 -1.148041	 
1.200000	 0.303792	 0.295885	 -0.001062	 -1.158306	 
1.190000	 0.309755	 0.302528	 -0.000792	 -1.169465	 
1.180000	 0.319259	 0.311746	 -0.002397	 -1.181494	 
1.170000	 0.325664	 0.319386	 -0.004858	 -1.193667	 
1.160000	 0.336838	 0.329169	 -0.014527	 -1.207433	 
1.150000	 0.346800	 0.338391	 -0.015650	 -1.219539	 
1.140000	 0.356739	 0.348059	 -0.011200	 -1.232190	 
1.130000	 0.363287	 0.355440	 -0.003616	 -1.243016	 
1.120000	 0.369518	 0.362312	 -0.001143	 -1.254524	 
1.110000	 0.378750	 0.370950	 0.018566	 -1.265351	 
1.100000	 0.388570	 0.381119	 0.002771	 -1.279584	 
1.090000	 0.396750	 0.389249	 -0.017845	 -1.291744	 
1.080000	 0.404642	 0.395219	 -0.020244	 -1.303777	 
1.070000	 0.411169	 0.400720	 -0.020512	 -1.315941	 
1.060000	 0.421629	 0.408175	 -0.033450	 -1.328411	 
1.050000	 0.430312	 0.421492	 0.010918	 -1.339682	 
1.040000	 0.433688	 0.425297	 0.012680	 -1.350264	 
1.030000	 0.440578	 0.432672	 0.000022	 -1.362842	 
1.020000	 0.450952	 0.441478	 -0.009001	 -1.374255	 
1.010000	 0.462652	 0.451096	 -0.065285	 -1.387414	 
1.000000	 0.470888	 0.457640	 -0.051607	 -1.399248	 
0.990000	 0.483013	 0.463394	 -0.029614	 -1.410547	 
0.980000	 0.490710	 0.478506	 -0.012292	 -1.422053	 
0.970000	 0.491940	 0.479456	 -0.033106	 -1.432737	 
0.960000	 0.496607	 0.485553	 -0.047916	 -1.443278	 
0.950000	 0.509625	 0.491051	 -0.013917	 -1.455291	 
0.940000	 0.508022	 0.495180	 -0.079683	 -1.465208	 
0.930000	 0.513945	 0.502369	 -0.070913	 -1.476023	 
0.920000	 0.526440	 0.511641	 -0.051771	 -1.486984	 
0.910000	 0.523693	 0.516789	 -0.022957	 -1.496491	 
0.900000	 0.527911	 0.520250	 -0.054802	 -1.506281	 
0.890000	 0.534714	 0.523864	 -0.060360	 -1.515094	 
0.880000	 0.543911	 0.529215	 0.040167	 -1.525364	 
0.870000	 0.559595	 0.519137	 -0.198376	 -1.535350	 
0.860000	 0.557738	 0.529072	 -0.157646	 -1.545083	 
0.850000	 0.578866	 0.535495	 0.198747	 -1.553684	 
0.840000	 0.548153	 0.536081	 0.044620	 -1.562336	 
0.830000	 0.573768	 0.551388	 -0.134231	 -1.571085	 
0.820000	 0.575736	 0.548384	 -0.160735	 -1.579655	 
0.810000	 0.572585	 0.551417	 -0.132806	 -1.587128	 
0.800000	 0.588991	 0.551078	 -0.111256	 -1.596045	 
0.790000	 0.584094	 0.534160	 -0.226725	 -1.606373	 
0.780000	 0.633102	 0.534012	 -0.323293	 -1.613943	 
0.770000	 0.610163	 0.541657	 -0.253979	 -1.621591	 
0.760000	 0.599045	 0.558127	 -0.205236	 -1.628713	 
0.750000	 0.655475	 0.552464	 -0.347963	 -1.636733	 
0.740000	 0.626890	 0.554106	 -0.288167	 -1.643423	 
0.730000	 0.665310	 0.546948	 -0.374017	 -1.652057	 
0.720000	 0.618128	 0.556985	 -0.263555	 -1.658949	 
0.710000	 0.682335	 0.537205	 -0.417834	 -1.667239	 
0.700000	 0.687449	 0.530805	 -0.432676	 -1.674381	 
0.690000	 0.683819	 0.542053	 -0.412026	 -1.681160	 
0.680000	 0.660892	 0.557385	 -0.348206	 -1.687689	 
0.670000	 0.636481	 0.563689	 -0.289901	 -1.693697	 
0.660000	 0.666600	 0.556989	 -0.362653	 -1.701165	 
0.650000	 0.713858	 0.539317	 -0.465047	 -1.708655	 
0.640000	 0.707465	 0.538199	 -0.456763	 -1.715794	 
0.630000	 0.693800	 0.542319	 -0.428277	 -1.721857	 
0.620000	 0.637343	 0.569379	 -0.282346	 -1.727672	 
0.610000	 0.643295	 0.570214	 -0.293107	 -1.734227	 
0.600000	 0.716831	 0.557841	 -0.446596	 -1.741058	 
0.590000	 0.739203	 0.555901	 -0.484210	 -1.747481	 
0.580000	 0.738816	 0.544984	 -0.496662	 -1.754343	 
0.570000	 0.737732	 0.537831	 -0.502608	 -1.760959	 
0.560000	 0.749874	 0.533169	 -0.526006	 -1.767468	 
0.550000	 0.749129	 0.543042	 -0.514556	 -1.773353	 
0.540000	 0.749766	 0.550583	 -0.505898	 -1.779127	 
0.530000	 0.752380	 0.560456	 -0.498945	 -1.784735	 
0.520000	 0.758577	 0.556985	 -0.512317	 -1.791224	 
0.510000	 0.766014	 0.551250	 -0.530059	 -1.797516	 
0.500000	 0.770902	 0.550283	 -0.538602	 -1.803715	 
0.490000	 0.774034	 0.532585	 -0.560275	 -1.810220	 
0.480000	 0.778941	 0.533891	 -0.566137	 -1.816095	 
0.470000	 0.776692	 0.551276	 -0.545230	 -1.821494	 
0.460000	 0.782992	 0.560662	 -0.544383	 -1.826988	 
0.450000	 0.782477	 0.565531	 -0.538703	 -1.832893	 
0.440000	 0.791398	 0.558735	 -0.559598	 -1.839096	 
0.430000	 0.793606	 0.545024	 -0.575814	 -1.845026	 
0.420000	 0.797888	 0.539783	 -0.586634	 -1.851122	 
0.410000	 0.800852	 0.534518	 -0.595625	 -1.856939	 
0.400000	 0.803648	 0.550293	 -0.584818	 -1.862333	 
0.390000	 0.805996	 0.554874	 -0.583211	 -1.867662	 
0.380000	 0.806072	 0.566487	 -0.572060	 -1.873091	 
0.370000	 0.812615	 0.558729	 -0.589197	 -1.879071	 
0.360000	 0.813467	 0.551797	 -0.596747	 -1.884783	 
0.350000	 0.821489	 0.546153	 -0.613057	 -1.890649	 
0.340000	 0.822859	 0.546008	 -0.615049	 -1.896275	 
0.330000	 0.828747	 0.542382	 -0.626024	 -1.901815	 
0.320000	 0.827985	 0.556133	 -0.612601	 -1.907015	 
0.310000	 0.829026	 0.562275	 -0.608641	 -1.912489	 
0.300000	 0.832156	 0.559490	 -0.615399	 -1.917967	 
0.290000	 0.834796	 0.560966	 -0.617665	 -1.923444	 
0.280000	 0.838700	 0.556528	 -0.627082	 -1.928999	 
0.270000	 0.843027	 0.544830	 -0.642926	 -1.934678	 
0.260000	 0.846914	 0.544659	 -0.648096	 -1.940022	 
0.250000	 0.849247	 0.548836	 -0.647668	 -1.945397	 
0.240000	 0.850620	 0.566043	 -0.634637	 -1.950544	 
0.230000	 0.850549	 0.561922	 -0.637960	 -1.955800	 
0.220000	 0.856036	 0.560064	 -0.647189	 -1.961186	 
0.210000	 0.858716	 0.559599	 -0.651108	 -1.966612	 
0.200000	 0.860480	 0.557169	 -0.655364	 -1.971977	 
0.190000	 0.862824	 0.553732	 -0.661514	 -1.977306	 
0.180000	 0.869059	 0.550965	 -0.671921	 -1.982664	 
0.170000	 0.869687	 0.561160	 -0.664002	 -1.987756	 
0.160000	 0.871027	 0.565265	 -0.662392	 -1.992793	 
0.150000	 0.874337	 0.561741	 -0.669823	 -1.998052	 
0.140000	 0.877473	 0.555454	 -0.679169	 -2.003283	 
0.130000	 0.879073	 0.558931	 -0.678385	 -2.008508	 
0.120000	 0.882391	 0.555073	 -0.685845	 -2.013794	 
0.110000	 0.884753	 0.560895	 -0.684150	 -2.018942	 
0.100000	 0.887339	 0.565538	 -0.683679	 -2.023981	 
0.090000	 0.888679	 0.565873	 -0.685157	 -2.029109	 
0.080000	 0.892883	 0.562663	 -0.693203	 -2.034205	 
0.070000	 0.894642	 0.563049	 -0.695201	 -2.039332	 
0.060000	 0.896801	 0.562325	 -0.698550	 -2.044436	 
0.050000	 0.900102	 0.567207	 -0.698878	 -2.049487	 
0.040000	 0.902276	 0.563449	 -0.704675	 -2.054560	 
0.030000	 0.905282	 0.562146	 -0.709575	 -2.059625	 
0.020000	 0.906707	 0.564490	 -0.709549	 -2.064615	 
0.010000	 0.909703	 0.566227	 -0.711996	 -2.069643	 
