-2.048356 2.048356 
0.000000 0.500000 0.013162 
0.000000 0.000000 0.000000 

0.338813 0.000000 
-0.221459 -0.000000 
-1.141634 -0.000000 
-0.191658 -0.000000 
-0.712821 0.000000 
-0.719451 0.000000 
0.436838 0.000000 
-0.710044 0.000000 
-0.794583 0.000000 
-0.177250 -0.000000 
0.136196 -0.000000 
-0.069745 0.000000 
-0.374222 0.000000 
0.180809 -0.000000 
-0.104610 -0.000000 
-0.168014 0.000000 
-0.738052 0.000000 
0.079715 -0.000000 
-0.051622 0.000000 
-0.326051 0.000000 
-0.092176 0.000000 
0.761671 0.000000 
0.554804 -0.000000 
-1.116920 0.000000 
0.974857 -0.000000 
0.459852 0.000000 
-0.901199 0.000000 
-0.395557 0.000000 
0.166390 0.000000 
-0.041155 -0.000000 
1.009335 0.000000 
-0.354717 -0.000000 
-0.030176 0.000000 
-0.393144 0.000000 
-0.895198 0.000000 
-0.277578 0.000000 
0.194717 0.000000 
-0.083850 0.000000 
0.205256 0.000000 
0.405183 0.000000 
-0.746331 -0.000000 
0.483958 0.000000 
0.335930 0.000000 
0.673400 0.000000 
-0.241098 0.000000 
-0.428722 -0.000000 
-0.202819 -0.000000 
0.298362 0.000000 
-0.629784 0.000000 
-0.052598 0.000000 
0.163280 -0.000000 
0.089788 0.000000 
0.616642 -0.000000 
0.903697 -0.000000 
-1.135570 0.000000 
0.179771 0.000000 
0.269595 0.000000 
-0.295314 0.000000 
-0.880144 0.000000 
-0.524707 0.000000 
0.843975 0.000000 
-0.166647 0.000000 
0.860080 -0.000000 
0.182469 -0.000000 
0.253710 0.000000 
0.513045 -0.000000 
0.256745 0.000000 
-0.172673 0.000000 
-0.110583 -0.000000 
0.420939 0.000000 
-0.124657 0.000000 
0.150690 0.000000 
-0.477748 0.000000 
-0.000958 0.000000 
0.115077 0.000000 
-0.146139 0.000000 
0.551164 0.000000 
0.074160 -0.000000 
0.892983 0.000000 
-0.651489 0.000000 
0.257876 0.000000 
0.457759 0.000000 
0.271438 0.000000 
0.818219 0.000000 
1.119558 0.000000 
-0.024369 0.000000 
0.430350 -0.000000 
0.271465 0.000000 
-1.041596 0.000000 
-0.645570 0.000000 
-0.035605 0.000000 
0.059142 0.000000 
-0.056383 0.000000 
0.326178 0.000000 
0.562541 0.000000 
-0.755426 0.000000 
0.077678 -0.000000 
0.237179 0.000000 
-0.764172 0.000000 
0.132452 -0.000000 
0.051100 -0.000000 
0.398177 0.000000 
0.611820 0.000000 
-0.412053 -0.000000 
-0.082479 0.000000 
0.352089 0.000000 
-0.620625 0.000000 
-0.158841 0.000000 
0.405224 -0.000000 
0.226438 0.000000 
0.450857 -0.000000 
-0.434588 -0.000000 
-0.457057 -0.000000 
0.317424 0.000000 
-0.183263 0.000000 
0.836140 0.000000 
0.088734 0.000000 
0.494066 0.000000 
-1.221807 0.000000 
0.153200 -0.000000 
-0.005851 0.000000 
-0.411011 0.000000 
-0.302556 0.000000 
-0.093594 0.000000 
1.219054 0.000000 
-0.091758 0.000000 
-0.223890 0.000000 
0.442905 0.000000 
0.335123 -0.000000 
-0.698674 0.000000 
-0.076495 0.000000 
-0.651834 -0.000000 
0.604228 0.000000 
0.195266 0.000000 
0.586040 -0.000000 
0.377610 -0.000000 
-0.012515 -0.000000 
-1.254653 0.000000 
0.841360 0.000000 
0.300099 0.000000 
-0.395648 -0.000000 
0.035252 -0.000000 
-0.826987 -0.000000 
0.022229 -0.000000 
0.670814 0.000000 
-0.249071 -0.000000 
0.245027 0.000000 
0.721251 0.000000 
-0.805792 0.000000 
0.157064 -0.000000 
-0.186038 0.000000 
0.669879 -0.000000 
0.901670 -0.000000 
-0.031581 0.000000 
-1.197014 0.000000 
-0.757839 0.000000 
-0.319409 0.000000 
-0.465378 0.000000 
-0.010170 -0.000000 
-0.697868 0.000000 
-0.009470 0.000000 
0.302354 -0.000000 
0.441694 0.000000 
0.002384 -0.000000 
0.298349 0.000000 
0.251905 0.000000 
0.072512 0.000000 
-1.066002 0.000000 
0.920936 0.000000 
0.337520 -0.000000 
0.207273 0.000000 
0.667750 0.000000 
-0.225335 0.000000 
0.253804 0.000000 
0.763245 -0.000000 
0.092164 -0.000000 
0.106815 0.000000 
-0.340446 0.000000 
-0.669349 -0.000000 
-0.195752 0.000000 
-0.511370 -0.000000 
0.241327 -0.000000 
0.659208 -0.000000 
-0.798275 0.000000 
0.069823 -0.000000 
-0.479990 0.000000 
-0.194717 -0.000000 
0.223069 -0.000000 
-0.116285 0.000000 
-0.327156 -0.000000 
-0.232614 0.000000 
0.356434 0.000000 
-0.054357 0.000000 
1.224208 0.000000 
0.980594 0.000000 
-0.930176 -0.000000 
0.133548 0.000000 
0.522779 0.000000 
1.096647 -0.000000 
0.724926 -0.000000 
-0.606037 -0.000000 
0.306045 0.000000 
-0.414270 -0.000000 
-0.446233 0.000000 
-0.196491 0.000000 
-1.746083 0.000000 
0.018583 -0.000000 
-0.107248 0.000000 
0.811311 -0.000000 
0.856656 0.000000 
-0.290253 0.000000 
0.016793 -0.000000 
0.030273 -0.000000 
-0.558390 0.000000 
-0.651606 -0.000000 
0.723325 0.000000 
-0.445597 0.000000 
0.133546 0.000000 
-0.003543 0.000000 
-0.242273 -0.000000 
-0.110909 -0.000000 
-1.066802 -0.000000 
0.683279 0.000000 
-0.354634 0.000000 
-0.835110 0.000000 
0.096119 -0.000000 
0.320997 -0.000000 
-1.037892 0.000000 
-0.984884 -0.000000 
0.449454 0.000000 
0.184158 0.000000 
-0.222039 0.000000 
0.367133 0.000000 
-0.130829 0.000000 
0.148149 -0.000000 
-0.309956 0.000000 
0.046737 -0.000000 
0.292635 0.000000 
-0.353785 0.000000 
1.039845 -0.000000 
0.208607 0.000000 
-0.110622 -0.000000 
-0.542644 0.000000 
1.054815 -0.000000 
-0.374356 -0.000000 
0.188470 0.000000 
-0.574630 -0.000000 
-0.389844 0.000000 
-1.020895 0.000000 
0.218559 0.000000 
-0.089899 -0.000000 
0.311657 -0.000000 
0.341503 0.000000 
-0.044064 0.000000 
0.313322 0.000000 
-0.022758 0.000000 
0.861585 -0.000000 
-0.013874 0.000000 
0.642566 0.000000 
-0.420582 0.000000 
-0.702620 0.000000 
-0.760801 0.000000 
0.732307 -0.000000 
0.426574 0.000000 
0.005491 0.000000 
-0.479747 -0.000000 
0.083000 0.000000 
0.398994 -0.000000 
-0.400724 -0.000000 
-0.080110 -0.000000 
-0.257859 0.000000 
-0.439910 0.000000 
-0.017472 0.000000 
0.541011 0.000000 
-0.135105 -0.000000 
-0.483118 0.000000 
0.501018 -0.000000 
-0.338917 0.000000 
-0.065507 -0.000000 
-0.244912 0.000000 
0.418834 -0.000000 
0.690225 0.000000 
0.105426 0.000000 
0.207269 0.000000 
0.012535 -0.000000 
0.361131 0.000000 
0.112942 0.000000 
1.115540 -0.000000 
-0.065107 0.000000 
-0.194093 0.000000 
0.306734 -0.000000 
-0.974915 0.000000 
0.507835 0.000000 
0.736684 0.000000 
-0.175687 0.000000 
0.343923 0.000000 
-0.144102 0.000000 
-0.813533 -0.000000 
-0.939172 0.000000 
0.341202 -0.000000 
0.147798 -0.000000 
-0.284788 -0.000000 
0.269790 0.000000 
-0.028773 -0.000000 
0.058075 0.000000 
-0.096426 0.000000 
1.201517 -0.000000 
0.221858 0.000000 
-0.565394 0.000000 
0.703209 0.000000 
1.183938 0.000000 
0.581395 0.000000 
1.139577 -0.000000 
-0.010153 0.000000 
0.170830 0.000000 
0.532140 0.000000 
-0.257319 -0.000000 
-0.544554 0.000000 
0.876198 0.000000 
-0.047432 0.000000 
-0.424670 0.000000 
0.338543 0.000000 
-0.305716 0.000000 
-0.140942 -0.000000 
0.195185 -0.000000 
0.164995 0.000000 
0.679650 0.000000 
-0.332168 0.000000 
-0.905133 0.000000 
-0.569296 0.000000 
0.420256 -0.000000 
-0.232346 0.000000 
0.282471 -0.000000 
-0.159810 -0.000000 
-0.376958 0.000000 
0.149491 0.000000 
1.102494 0.000000 
0.141799 0.000000 
0.071852 0.000000 
-0.694279 -0.000000 
0.588261 0.000000 
0.762806 0.000000 
-0.826464 -0.000000 
-0.036368 0.000000 
-0.619022 0.000000 
0.915227 0.000000 
-0.385922 -0.000000 
-1.110351 -0.000000 
0.484896 0.000000 
0.287345 0.000000 
0.437465 0.000000 
-0.557049 0.000000 
-0.212767 0.000000 
0.313023 0.000000 
-1.186185 -0.000000 
-0.199045 -0.000000 
0.376467 0.000000 
-0.255727 0.000000 
-0.964903 0.000000 
0.648462 0.000000 
0.847077 0.000000 
-0.217961 0.000000 
0.101922 -0.000000 
-0.169848 0.000000 
-0.243182 0.000000 
-0.190878 0.000000 
-0.419766 0.000000 
0.035591 -0.000000 
-0.429393 0.000000 
0.831967 -0.000000 
0.132937 -0.000000 
0.804867 0.000000 
0.338897 0.000000 
-0.897592 -0.000000 
-0.140085 0.000000 
-0.129587 0.000000 
-1.461469 0.000000 
-0.384963 -0.000000 
0.227044 0.000000 
0.074199 -0.000000 
-0.058586 0.000000 
0.080777 0.000000 
0.600731 -0.000000 
0.092764 0.000000 
0.150923 0.000000 
0.890596 0.000000 
0.003143 0.000000 
-0.015478 0.000000 
-0.173484 -0.000000 
0.895776 0.000000 
0.555649 0.000000 
0.441259 0.000000 
0.182147 0.000000 
-0.624893 -0.000000 
1.314045 -0.000000 
0.882284 -0.000000 
-0.642135 0.000000 
-0.397980 -0.000000 
-0.338120 -0.000000 
0.161988 -0.000000 
0.350117 0.000000 
0.084266 0.000000 
0.150991 0.000000 
0.023027 0.000000 
0.480120 0.000000 
0.205867 0.000000 
0.307127 -0.000000 
0.611747 -0.000000 
-0.062573 -0.000000 
0.541821 0.000000 
-0.256919 0.000000 
-0.702775 -0.000000 
-0.240032 -0.000000 
0.727167 -0.000000 
0.592664 0.000000 
-0.330531 0.000000 
0.141468 0.000000 
-0.171312 -0.000000 
-0.636808 0.000000 
0.639046 0.000000 
-0.493139 0.000000 
-0.998618 -0.000000 
-0.419889 -0.000000 
-0.153238 -0.000000 
0.849799 -0.000000 
0.058663 -0.000000 
-0.466257 0.000000 
-0.285810 -0.000000 
0.011098 0.000000 
0.055943 0.000000 
0.369774 0.000000 
0.344020 0.000000 
-0.054504 0.000000 
0.368223 -0.000000 
0.431147 0.000000 
-0.619090 -0.000000 
-0.745525 -0.000000 
-0.405720 0.000000 
0.815234 0.000000 
-0.345596 -0.000000 
-0.647462 0.000000 
-0.746427 0.000000 
-0.173947 -0.000000 
-0.595644 0.000000 
0.251185 0.000000 
0.105027 0.000000 
-0.199186 -0.000000 
-0.316483 -0.000000 
-0.043717 0.000000 
-0.173262 0.000000 
-0.214786 0.000000 
-0.462243 -0.000000 
0.285686 -0.000000 
0.115871 -0.000000 
0.850275 -0.000000 
0.345165 0.000000 
0.048458 -0.000000 
0.291115 -0.000000 
-0.556510 -0.000000 
0.365353 0.000000 
-0.074007 0.000000 
-0.835926 -0.000000 
0.107800 0.000000 
0.860072 0.000000 
-0.114595 0.000000 
0.613325 0.000000 
1.068881 -0.000000 
-0.351915 0.000000 
-0.294919 -0.000000 
-0.286644 -0.000000 
-0.562014 0.000000 
0.028446 0.000000 
-0.604100 0.000000 
-0.528377 0.000000 
0.118413 -0.000000 
0.684083 0.000000 
0.484536 0.000000 
0.027385 0.000000 
0.757600 0.000000 
0.509690 -0.000000 
-0.846873 -0.000000 
-0.436369 -0.000000 
0.225843 -0.000000 
0.452126 0.000000 
0.516405 0.000000 
-0.342516 0.000000 
0.812181 0.000000 
-0.695204 0.000000 
0.009200 0.000000 
0.349770 0.000000 
-0.964231 0.000000 
-0.259776 0.000000 
-0.421069 -0.000000 
0.507282 -0.000000 
-0.008517 0.000000 
-0.078331 -0.000000 
-0.308018 0.000000 
-0.152500 0.000000 
0.107408 0.000000 
-0.480673 -0.000000 
0.667169 -0.000000 
-0.497109 0.000000 
-0.424769 0.000000 
-1.088694 -0.000000 
-1.168245 0.000000 
0.059282 0.000000 
0.750839 0.000000 
-0.166672 0.000000 
0.659127 -0.000000 
-0.138621 0.000000 
0.703135 0.000000 
-0.604323 -0.000000 
0.856273 -0.000000 
0.265272 0.000000 
-0.358294 0.000000 
-0.004848 0.000000 
0.116664 -0.000000 
0.174331 0.000000 
-0.833473 0.000000 
-0.031497 -0.000000 
-0.518549 0.000000 
-0.653820 -0.000000 
0.645519 -0.000000 
1.164510 0.000000 
0.002663 0.000000 
-0.732292 -0.000000 
-0.130928 0.000000 
0.097985 0.000000 
-0.747522 0.000000 
0.333702 0.000000 
0.319728 0.000000 
0.258210 -0.000000 
-0.115735 -0.000000 
0.738539 0.000000 
-0.119389 0.000000 
0.243114 0.000000 
-0.104006 0.000000 
-0.978850 0.000000 
-0.134237 -0.000000 
-0.044650 0.000000 
0.768356 0.000000 
-0.409459 0.000000 
-0.254218 0.000000 
0.343421 0.000000 
-0.508524 0.000000 
0.016896 -0.000000 
-0.556078 0.000000 
0.880487 0.000000 
0.317511 0.000000 
0.264235 -0.000000 
0.019186 0.000000 
-0.546463 0.000000 
0.070313 0.000000 
0.158425 -0.000000 
-0.106639 -0.000000 
-0.022400 0.000000 
0.269986 -0.000000 
-0.584351 0.000000 
0.164136 0.000000 
0.838073 0.000000 
-0.407020 0.000000 
-0.689312 -0.000000 
-0.220321 0.000000 
-0.235416 0.000000 
0.932380 0.000000 
0.120725 0.000000 
0.209408 0.000000 
0.148821 0.000000 
0.333367 0.000000 
0.106407 0.000000 
-0.399252 -0.000000 
0.157538 -0.000000 
0.478457 -0.000000 
-0.617555 -0.000000 
-0.936043 0.000000 
-1.087942 0.000000 
-0.452450 0.000000 
0.596820 0.000000 
0.480569 0.000000 
-0.869201 0.000000 
-0.215008 0.000000 
0.341485 0.000000 
-0.350020 -0.000000 
1.202558 0.000000 
-0.596101 -0.000000 
-0.381933 0.000000 
-0.140306 -0.000000 
0.491400 0.000000 
-0.503701 -0.000000 
0.156175 -0.000000 
0.221962 -0.000000 
0.004841 0.000000 
-0.186066 0.000000 
0.029214 -0.000000 
-0.147809 0.000000 
0.303927 -0.000000 
-0.641197 -0.000000 
-0.653678 0.000000 
-1.024119 -0.000000 
-0.449039 0.000000 
0.273795 0.000000 
0.379517 0.000000 
0.007049 0.000000 
0.182905 0.000000 
0.416941 0.000000 
0.172701 0.000000 
-0.017585 0.000000 
0.317502 0.000000 
0.300685 0.000000 
0.114062 -0.000000 
-0.254392 0.000000 
0.309897 0.000000 
-0.040122 0.000000 
0.212461 0.000000 
0.013304 -0.000000 
0.482432 0.000000 
-0.050524 0.000000 
-0.067926 -0.000000 
0.314615 0.000000 
-0.457750 -0.000000 
-0.155055 0.000000 
0.402443 0.000000 
0.903029 0.000000 
0.763105 0.000000 
-0.226752 0.000000 
0.951687 0.000000 
-0.550484 0.000000 
-0.285770 0.000000 
-0.605147 0.000000 
0.382418 0.000000 
0.346344 0.000000 
-0.566132 0.000000 
0.042287 0.000000 
0.367242 0.000000 
0.279767 -0.000000 
-0.899158 0.000000 
-0.717664 -0.000000 
0.159929 -0.000000 
0.391697 0.000000 
-0.466734 0.000000 
-0.396212 -0.000000 
-1.251190 -0.000000 
-0.038130 0.000000 
0.467088 0.000000 
-0.524313 0.000000 
-0.741344 0.000000 
0.673042 -0.000000 
0.883769 -0.000000 
0.798890 0.000000 
0.741322 0.000000 
0.166052 -0.000000 
-0.070886 0.000000 
0.244137 0.000000 
-0.070787 0.000000 
0.023103 0.000000 
-0.040852 0.000000 
0.931354 0.000000 
0.354218 -0.000000 
0.069086 0.000000 
-0.427466 -0.000000 
1.290912 0.000000 
0.380779 0.000000 
0.936402 0.000000 
-0.899996 0.000000 
0.393238 -0.000000 
-0.673448 0.000000 
0.244535 0.000000 
-0.119945 0.000000 
-0.657222 0.000000 
0.048157 -0.000000 
-0.124723 0.000000 
-0.145864 0.000000 
0.354268 0.000000 
-1.083113 -0.000000 
0.881658 0.000000 
0.271950 -0.000000 
-0.019127 0.000000 
-0.054044 0.000000 
0.643862 0.000000 
-0.306898 0.000000 
0.027674 -0.000000 
-0.516956 0.000000 
0.062724 0.000000 
0.288874 0.000000 
-0.058882 0.000000 
0.231609 0.000000 
0.045693 -0.000000 
0.207446 0.000000 
0.431375 -0.000000 
-0.191656 0.000000 
-0.345325 -0.000000 
0.581310 0.000000 
-0.711747 0.000000 
0.661685 0.000000 
-0.969536 0.000000 
-0.134309 0.000000 
-1.087284 0.000000 
0.389788 0.000000 
0.474196 0.000000 
-1.184770 -0.000000 
-0.564699 0.000000 
0.103289 0.000000 
-0.794705 0.000000 
-0.398856 0.000000 
1.165016 0.000000 
0.501882 0.000000 
0.618753 -0.000000 
-0.062590 0.000000 
0.045606 -0.000000 
-0.664098 0.000000 
-0.156462 0.000000 
-0.093753 0.000000 
0.504659 -0.000000 
0.212476 0.000000 
0.307887 0.000000 
0.654654 0.000000 
-0.708278 0.000000 
-0.516384 0.000000 
-0.491450 0.000000 
-0.142173 0.000000 
0.425719 -0.000000 
-0.571584 0.000000 
-0.040699 0.000000 
-0.196490 0.000000 
0.335886 0.000000 
-0.413561 0.000000 
0.160506 0.000000 
0.025288 0.000000 
-0.133944 0.000000 
-0.021921 0.000000 
-0.789962 -0.000000 
1.252417 0.000000 
0.182822 0.000000 
1.055616 0.000000 
-0.043332 0.000000 
-0.696980 0.000000 
0.644389 0.000000 
-0.486507 0.000000 
-0.567685 -0.000000 
-0.865452 -0.000000 
-0.121300 -0.000000 
0.025264 0.000000 
0.489662 0.000000 
0.396465 0.000000 
-0.097217 0.000000 
0.570699 0.000000 
0.058951 0.000000 
-0.076783 0.000000 
0.217397 0.000000 
-0.012516 0.000000 
0.813854 0.000000 
-0.341545 -0.000000 
-0.289352 0.000000 
-0.275994 0.000000 
0.792509 0.000000 
0.496055 0.000000 
0.689921 -0.000000 
0.610549 0.000000 
-0.245682 -0.000000 
-0.064213 -0.000000 
0.542797 0.000000 
-0.525067 -0.000000 
-0.011898 0.000000 
-1.786619 -0.000000 
0.301682 0.000000 
0.299334 0.000000 
-1.147983 0.000000 
-0.841071 -0.000000 
0.538367 0.000000 
0.664128 -0.000000 
-1.005246 -0.000000 
-0.047735 0.000000 
-0.497601 0.000000 
0.780851 -0.000000 
0.083872 0.000000 
0.798545 0.000000 
-0.685200 0.000000 
-0.262665 0.000000 
0.525356 -0.000000 
-0.036467 0.000000 
1.097311 -0.000000 
-0.813113 0.000000 
0.541145 0.000000 
-0.500093 0.000000 
0.642006 -0.000000 
-0.354315 0.000000 
0.029322 -0.000000 
1.177183 0.000000 
0.061396 0.000000 
0.049297 -0.000000 
0.381178 -0.000000 
-0.767671 0.000000 
-0.011444 0.000000 
0.558966 -0.000000 
0.148732 0.000000 
0.130957 0.000000 
0.685313 -0.000000 
0.847312 -0.000000 
0.629692 -0.000000 
0.105991 -0.000000 
0.353509 -0.000000 
-0.564955 0.000000 
0.716416 -0.000000 
-0.087424 0.000000 
0.117191 0.000000 
-0.433835 0.000000 
0.265213 0.000000 
-0.194438 0.000000 
-1.213412 -0.000000 
-0.855883 0.000000 
-0.153859 0.000000 
-0.261166 0.000000 
-0.875333 0.000000 
0.748151 0.000000 
-0.389795 -0.000000 
-0.110224 -0.000000 
0.188653 0.000000 
0.358312 0.000000 
0.123868 0.000000 
-0.133108 0.000000 
0.309572 -0.000000 
0.694453 -0.000000 
0.259431 0.000000 
-0.286666 -0.000000 
-0.597871 0.000000 
-0.744565 -0.000000 
0.497812 0.000000 
0.389466 0.000000 
-0.188820 -0.000000 
0.234187 0.000000 
0.723921 0.000000 
0.304998 0.000000 
0.508935 0.000000 
0.029061 -0.000000 
-0.837014 0.000000 
-0.085570 -0.000000 
-0.296953 -0.000000 
0.051474 -0.000000 
0.031968 0.000000 
-1.165803 -0.000000 
0.150367 0.000000 
0.441351 0.000000 
-0.578397 0.000000 
0.436060 -0.000000 
0.171584 0.000000 
-0.505872 0.000000 
-0.254440 0.000000 
-0.682315 0.000000 
-0.538152 0.000000 
0.833152 0.000000 
0.006224 0.000000 
-0.493456 0.000000 
0.993991 0.000000 
-0.250055 0.000000 
0.045310 -0.000000 
-0.069388 0.000000 
-0.476885 0.000000 
-0.001907 -0.000000 
-0.175484 -0.000000 
0.165741 -0.000000 
0.441859 0.000000 
0.077868 0.000000 
-0.548936 0.000000 
-0.147822 0.000000 
0.237384 0.000000 
1.216380 -0.000000 
1.000267 -0.000000 
-0.217909 0.000000 
-0.598288 0.000000 
-0.598433 0.000000 
0.223459 0.000000 
0.814875 0.000000 
0.830461 0.000000 
-0.609995 0.000000 
0.554653 0.000000 
-0.544679 -0.000000 
-0.240340 -0.000000 
0.753031 0.000000 
-0.510137 0.000000 
0.048607 0.000000 
0.032444 0.000000 
-0.240717 0.000000 
0.013926 0.000000 
0.094461 0.000000 
0.840262 0.000000 
0.412792 -0.000000 
-0.067351 0.000000 
0.128062 0.000000 
0.625657 0.000000 
-0.026584 0.000000 
-0.774251 0.000000 
0.068409 -0.000000 
-0.107463 -0.000000 
0.552479 0.000000 
0.226204 0.000000 
-0.723651 -0.000000 
-0.073204 -0.000000 
0.540235 0.000000 
-0.377497 0.000000 
-0.123256 0.000000 
-0.035830 0.000000 
0.458688 0.000000 
0.711637 -0.000000 
0.159972 0.000000 
0.001197 -0.000000 
-0.207327 0.000000 
-0.691185 0.000000 
-0.467917 -0.000000 
0.038915 -0.000000 
0.428543 -0.000000 
1.206561 0.000000 
-0.088878 0.000000 
0.207591 -0.000000 
-0.075306 0.000000 
0.656388 -0.000000 
-0.046072 0.000000 
0.455161 0.000000 
0.018413 -0.000000 
-1.259979 0.000000 
0.387315 -0.000000 
-0.106515 -0.000000 
-1.171418 -0.000000 
0.571691 0.000000 
0.116569 -0.000000 
0.665181 0.000000 
0.206336 0.000000 
0.007765 0.000000 
0.028371 -0.000000 
0.391027 -0.000000 
-0.399040 0.000000 
-0.022995 -0.000000 
-0.006970 0.000000 
-0.026604 0.000000 
0.466197 0.000000 
-0.204632 -0.000000 
0.843283 0.000000 
-0.122202 0.000000 
0.658512 0.000000 
0.242167 0.000000 
-0.406936 0.000000 
-0.175798 0.000000 
0.354320 0.000000 
0.476981 0.000000 
-0.219513 0.000000 
0.145504 -0.000000 
-0.021808 0.000000 
0.305917 0.000000 
-0.080753 0.000000 
-0.154170 0.000000 
0.419023 0.000000 
0.269342 -0.000000 
1.194584 0.000000 
0.532158 -0.000000 
-0.987646 0.000000 
0.420376 0.000000 
0.014464 0.000000 
0.106563 0.000000 
-0.009246 0.000000 
0.169681 0.000000 
-0.884208 -0.000000 
0.144947 -0.000000 
-0.301300 0.000000 
-0.640249 -0.000000 
-0.535643 0.000000 
-0.270556 0.000000 
0.080837 -0.000000 
0.276090 -0.000000 
-0.491033 0.000000 
0.338017 0.000000 
-0.257672 0.000000 
0.106755 0.000000 
0.000932 0.000000 
0.049757 0.000000 
0.446160 -0.000000 
-0.900115 0.000000 
0.321753 0.000000 
0.111654 -0.000000 
0.366019 0.000000 
-0.241272 -0.000000 
0.118684 0.000000 
0.112594 -0.000000 
1.155143 0.000000 
-0.707360 0.000000 
-0.296044 0.000000 
-0.361623 0.000000 
0.430664 0.000000 
-0.290896 0.000000 
-0.824176 -0.000000 
0.494526 -0.000000 
0.368458 0.000000 
0.371410 -0.000000 
0.278016 0.000000 
0.242569 0.000000 
-0.837807 -0.000000 
0.060535 0.000000 
0.082277 0.000000 
-0.318809 -0.000000 
0.393834 0.000000 
-0.396128 0.000000 
0.347917 -0.000000 
0.259061 0.000000 
0.457116 -0.000000 
0.222227 0.000000 
0.541426 0.000000 
0.135365 -0.000000 
-0.741043 0.000000 
-0.450586 0.000000 
-0.430751 0.000000 
0.167859 0.000000 
-0.721161 0.000000 
-0.314584 0.000000 
-0.212729 0.000000 
0.075425 -0.000000 
-0.900007 0.000000 
0.545541 0.000000 
0.088110 0.000000 
0.262493 -0.000000 
0.268388 0.000000 
0.910011 0.000000 
-0.454270 -0.000000 
0.248464 -0.000000 
0.396461 -0.000000 
0.291802 0.000000 
0.836323 0.000000 
