T	 |m|	 <m[0]>	 <m[1]>	 <E>	 dim_{Lat}=2	 L=128,128	 J=1.000000,1.000000	 {/Symbol s}_J=0.000000,0.000000	 <J_{ij}>=0.000000,0.000000	 dim_{Spin}=2	 h=0.000000,0.000000	 {/Symbol s}_h=0.500000,0.000000	 <h_i>=-0.002382,0.000000	 order=1.000000,0.000000	 order_h=0	 order_r=1	 (thermalizing-MCS,averaging-MCS)/{/Symbol D}T=(128000,12800)/0.010000	 
Cooling... 
2.000000	 0.042178	 -0.003464	 0.000241	 -0.606247	 
1.990000	 0.042616	 -0.002380	 -0.001293	 -0.610226	 
1.980000	 0.042863	 -0.002899	 -0.000873	 -0.614522	 
1.970000	 0.043236	 -0.002505	 -0.002363	 -0.618494	 
1.960000	 0.042224	 -0.001874	 -0.001107	 -0.621396	 
1.950000	 0.042514	 -0.001369	 -0.000338	 -0.624660	 
1.940000	 0.043040	 -0.002642	 0.000342	 -0.628075	 
1.930000	 0.043209	 -0.003840	 0.000800	 -0.631455	 
1.920000	 0.043520	 -0.003574	 -0.001367	 -0.636067	 
1.910000	 0.043610	 -0.003760	 -0.001344	 -0.640148	 
1.900000	 0.043945	 -0.003196	 -0.002932	 -0.644206	 
1.890000	 0.043664	 -0.003226	 -0.002600	 -0.647996	 
1.880000	 0.044649	 -0.002393	 -0.001839	 -0.652049	 
1.870000	 0.043290	 -0.003159	 0.002262	 -0.655298	 
1.860000	 0.044338	 -0.004292	 0.000102	 -0.659532	 
1.850000	 0.044548	 -0.004496	 0.000005	 -0.663584	 
1.840000	 0.044929	 -0.002845	 -0.001424	 -0.667888	 
1.830000	 0.044799	 -0.004285	 -0.002424	 -0.672939	 
1.820000	 0.045159	 -0.003701	 -0.002211	 -0.677620	 
1.810000	 0.044657	 -0.001478	 -0.001648	 -0.681174	 
1.800000	 0.044514	 -0.002448	 -0.000210	 -0.685013	 
1.790000	 0.045226	 -0.004435	 -0.000484	 -0.689352	 
1.780000	 0.045942	 -0.004561	 0.001493	 -0.693922	 
1.770000	 0.045858	 -0.004072	 -0.002573	 -0.699232	 
1.760000	 0.045811	 -0.004571	 -0.000959	 -0.704020	 
1.750000	 0.046749	 -0.005463	 -0.003038	 -0.708969	 
1.740000	 0.046037	 -0.004113	 -0.002967	 -0.713970	 
1.730000	 0.046071	 -0.002936	 -0.001030	 -0.718213	 
1.720000	 0.045885	 -0.004660	 0.000914	 -0.722598	 
1.710000	 0.046424	 -0.004662	 -0.000027	 -0.727590	 
1.700000	 0.047837	 -0.004637	 -0.000449	 -0.732644	 
1.690000	 0.047482	 -0.004762	 -0.000056	 -0.738115	 
1.680000	 0.047425	 -0.005536	 -0.003194	 -0.744409	 
1.670000	 0.048077	 -0.005341	 -0.001789	 -0.749241	 
1.660000	 0.048592	 -0.004442	 -0.002247	 -0.754563	 
1.650000	 0.047376	 -0.004292	 0.000219	 -0.758733	 
1.640000	 0.048851	 -0.005416	 0.001112	 -0.764626	 
1.630000	 0.049092	 -0.006093	 0.000294	 -0.769663	 
1.620000	 0.049562	 -0.004321	 -0.000862	 -0.776143	 
1.610000	 0.049060	 -0.006167	 -0.002509	 -0.782269	 
1.600000	 0.049711	 -0.006624	 -0.004168	 -0.788681	 
1.590000	 0.050615	 -0.006281	 -0.002223	 -0.794428	 
1.580000	 0.049722	 -0.003920	 0.000060	 -0.800070	 
1.570000	 0.050901	 -0.005672	 0.000484	 -0.805456	 
1.560000	 0.050296	 -0.006244	 0.001671	 -0.811049	 
1.550000	 0.052713	 -0.006647	 0.000300	 -0.818020	 
1.540000	 0.051474	 -0.005969	 -0.000768	 -0.824965	 
1.530000	 0.052307	 -0.007714	 -0.003606	 -0.832166	 
1.520000	 0.052775	 -0.006095	 -0.004175	 -0.838436	 
1.510000	 0.053125	 -0.003280	 -0.000948	 -0.845283	 
1.500000	 0.051801	 -0.005715	 0.002651	 -0.851143	 
1.490000	 0.052845	 -0.006604	 0.002899	 -0.857513	 
1.480000	 0.055325	 -0.009343	 0.002571	 -0.864987	 
1.470000	 0.054913	 -0.006299	 -0.000940	 -0.872618	 
1.460000	 0.055041	 -0.008242	 -0.001819	 -0.880656	 
1.450000	 0.054651	 -0.008375	 -0.005526	 -0.888112	 
1.440000	 0.056041	 -0.005819	 -0.003901	 -0.895831	 
1.430000	 0.053962	 -0.005773	 0.000511	 -0.901963	 
1.420000	 0.055767	 -0.008321	 0.000483	 -0.909710	 
1.410000	 0.057988	 -0.010663	 0.005328	 -0.917336	 
1.400000	 0.059503	 -0.009401	 -0.002301	 -0.926520	 
1.390000	 0.058130	 -0.009645	 -0.005838	 -0.934801	 
1.380000	 0.057229	 -0.009822	 -0.009169	 -0.943639	 
1.370000	 0.059324	 -0.010576	 -0.005449	 -0.951911	 
1.360000	 0.059676	 -0.009180	 -0.003187	 -0.959521	 
1.350000	 0.060050	 -0.008338	 0.006666	 -0.966835	 
1.340000	 0.061905	 -0.013630	 0.003521	 -0.975783	 
1.330000	 0.062813	 -0.013489	 -0.000499	 -0.985630	 
1.320000	 0.062098	 -0.011246	 -0.001322	 -0.995142	 
1.310000	 0.061550	 -0.010877	 -0.010022	 -1.004550	 
1.300000	 0.065476	 -0.012124	 -0.009301	 -1.014601	 
1.290000	 0.064224	 -0.007346	 -0.007196	 -1.024448	 
1.280000	 0.062006	 -0.010147	 0.000714	 -1.032253	 
1.270000	 0.066060	 -0.015470	 0.005666	 -1.041263	 
1.260000	 0.068807	 -0.013004	 0.004857	 -1.051235	 
1.250000	 0.068389	 -0.011840	 -0.003183	 -1.062207	 
1.240000	 0.070332	 -0.016240	 -0.002230	 -1.073834	 
1.230000	 0.073599	 -0.015808	 -0.020527	 -1.085116	 
1.220000	 0.074375	 -0.015757	 -0.008681	 -1.094536	 
1.210000	 0.071516	 -0.015489	 -0.009977	 -1.104361	 
1.200000	 0.074944	 -0.018442	 0.003030	 -1.114271	 
1.190000	 0.074848	 -0.020270	 0.009948	 -1.124361	 
1.180000	 0.076452	 -0.019091	 -0.001525	 -1.136361	 
1.170000	 0.075555	 -0.017350	 -0.004934	 -1.148018	 
1.160000	 0.077004	 -0.013269	 -0.018057	 -1.160655	 
1.150000	 0.087699	 -0.020381	 -0.018476	 -1.172772	 
1.140000	 0.089152	 -0.018162	 -0.018558	 -1.184303	 
1.130000	 0.094829	 -0.020323	 -0.006325	 -1.193816	 
1.120000	 0.083239	 -0.023067	 0.005209	 -1.206346	 
1.110000	 0.084320	 -0.023271	 0.024737	 -1.216565	 
1.100000	 0.085117	 -0.021127	 0.011210	 -1.229462	 
1.090000	 0.102993	 -0.023731	 -0.021595	 -1.243666	 
1.080000	 0.103471	 -0.028317	 -0.046974	 -1.255699	 
1.070000	 0.115687	 -0.021603	 -0.037924	 -1.269123	 
1.060000	 0.103658	 -0.019091	 0.001276	 -1.280802	 
1.050000	 0.121182	 -0.029360	 -0.023434	 -1.291219	 
1.040000	 0.116679	 -0.032872	 0.060307	 -1.305399	 
1.030000	 0.101818	 -0.028711	 -0.025429	 -1.315725	 
1.020000	 0.101132	 -0.030566	 -0.060151	 -1.327372	 
1.010000	 0.204490	 -0.036323	 -0.194891	 -1.346762	 
1.000000	 0.226130	 -0.027614	 -0.084459	 -1.359493	 
0.990000	 0.150180	 -0.013253	 -0.111793	 -1.369918	 
0.980000	 0.108062	 -0.022796	 -0.062059	 -1.380442	 
0.970000	 0.173682	 -0.026765	 0.163152	 -1.390249	 
0.960000	 0.349233	 -0.025269	 -0.345896	 -1.409795	 
0.950000	 0.421290	 -0.024957	 -0.418082	 -1.425602	 
0.940000	 0.480609	 -0.036020	 -0.477163	 -1.441504	 
0.930000	 0.524407	 -0.032877	 -0.521415	 -1.454685	 
0.920000	 0.539884	 -0.024690	 -0.537343	 -1.465816	 
0.910000	 0.550219	 -0.019749	 -0.547960	 -1.475606	 
0.900000	 0.561187	 -0.015930	 -0.559334	 -1.486206	 
0.890000	 0.564136	 -0.037327	 -0.561512	 -1.495213	 
0.880000	 0.586311	 -0.031689	 -0.583675	 -1.507181	 
0.870000	 0.599749	 -0.038006	 -0.596947	 -1.517523	 
0.860000	 0.603965	 -0.036231	 -0.601139	 -1.527790	 
0.850000	 0.622317	 -0.017223	 -0.620663	 -1.537614	 
0.840000	 0.629441	 -0.018108	 -0.627717	 -1.546516	 
0.830000	 0.623930	 -0.023904	 -0.622064	 -1.553594	 
0.820000	 0.635167	 -0.027819	 -0.633247	 -1.562337	 
0.810000	 0.642434	 -0.024952	 -0.640443	 -1.570953	 
0.800000	 0.645958	 -0.027642	 -0.643855	 -1.580064	 
0.790000	 0.658333	 -0.028579	 -0.656453	 -1.588918	 
0.780000	 0.666362	 -0.029937	 -0.664604	 -1.597017	 
0.770000	 0.668798	 -0.023778	 -0.667299	 -1.604405	 
0.760000	 0.670471	 -0.019788	 -0.668871	 -1.611682	 
0.750000	 0.673533	 -0.020533	 -0.671999	 -1.619113	 
0.740000	 0.675965	 -0.027326	 -0.674212	 -1.625951	 
0.730000	 0.684317	 -0.025533	 -0.682594	 -1.634391	 
0.720000	 0.687847	 -0.029304	 -0.685970	 -1.641831	 
0.710000	 0.696321	 -0.030818	 -0.694579	 -1.649562	 
0.700000	 0.703262	 -0.025959	 -0.701786	 -1.656714	 
0.690000	 0.705620	 -0.025006	 -0.704386	 -1.663559	 
0.680000	 0.703424	 -0.021791	 -0.701992	 -1.669793	 
0.670000	 0.708922	 -0.022165	 -0.707647	 -1.676570	 
0.660000	 0.712446	 -0.030679	 -0.710787	 -1.683466	 
0.650000	 0.715640	 -0.026492	 -0.713947	 -1.690548	 
0.640000	 0.723692	 -0.032847	 -0.722125	 -1.697967	 
0.630000	 0.728908	 -0.024269	 -0.727678	 -1.704559	 
0.620000	 0.730526	 -0.017856	 -0.729485	 -1.710875	 
0.610000	 0.731151	 -0.019993	 -0.730117	 -1.717012	 
0.600000	 0.733650	 -0.022696	 -0.732583	 -1.723316	 
0.590000	 0.736786	 -0.028447	 -0.735358	 -1.729512	 
0.580000	 0.744011	 -0.025556	 -0.742796	 -1.736029	 
0.570000	 0.745959	 -0.032258	 -0.744585	 -1.742742	 
0.560000	 0.751538	 -0.032252	 -0.750348	 -1.749597	 
0.550000	 0.755288	 -0.027253	 -0.754315	 -1.755547	 
0.540000	 0.756004	 -0.023220	 -0.755027	 -1.761231	 
0.530000	 0.755673	 -0.019990	 -0.754739	 -1.766894	 
0.520000	 0.760686	 -0.023673	 -0.759694	 -1.772961	 
0.510000	 0.766102	 -0.022228	 -0.765144	 -1.779395	 
0.500000	 0.769460	 -0.024840	 -0.768389	 -1.785800	 
0.490000	 0.774640	 -0.028887	 -0.773549	 -1.791968	 
0.480000	 0.778788	 -0.021112	 -0.778059	 -1.797877	 
0.470000	 0.779387	 -0.022049	 -0.778627	 -1.803699	 
0.460000	 0.779335	 -0.026270	 -0.778337	 -1.809083	 
0.450000	 0.781923	 -0.028998	 -0.780813	 -1.814939	 
0.440000	 0.785160	 -0.026008	 -0.784214	 -1.820932	 
0.430000	 0.790486	 -0.028502	 -0.789487	 -1.826677	 
0.420000	 0.794753	 -0.028803	 -0.793694	 -1.832728	 
0.410000	 0.797425	 -0.022302	 -0.796737	 -1.838643	 
0.400000	 0.800237	 -0.031800	 -0.799281	 -1.844244	 
0.390000	 0.801027	 -0.022356	 -0.800323	 -1.849766	 
0.380000	 0.802911	 -0.027374	 -0.801989	 -1.855164	 
0.370000	 0.807323	 -0.028502	 -0.806486	 -1.860834	 
0.360000	 0.810735	 -0.030864	 -0.809636	 -1.866737	 
0.350000	 0.813929	 -0.024759	 -0.813192	 -1.872463	 
0.340000	 0.817691	 -0.026538	 -0.816975	 -1.877994	 
0.330000	 0.819539	 -0.027183	 -0.818820	 -1.883582	 
0.320000	 0.823504	 -0.025029	 -0.822877	 -1.889050	 
0.310000	 0.823691	 -0.024870	 -0.823031	 -1.894449	 
0.300000	 0.825474	 -0.024409	 -0.824816	 -1.900013	 
0.290000	 0.829136	 -0.020814	 -0.828599	 -1.905303	 
0.280000	 0.832252	 -0.028627	 -0.831449	 -1.910811	 
0.270000	 0.836172	 -0.029518	 -0.835349	 -1.916432	 
0.260000	 0.839495	 -0.024466	 -0.838988	 -1.921775	 
0.250000	 0.841165	 -0.026282	 -0.840559	 -1.927056	 
0.240000	 0.842804	 -0.023384	 -0.842317	 -1.932481	 
0.230000	 0.846022	 -0.026336	 -0.845418	 -1.937802	 
0.220000	 0.848267	 -0.025130	 -0.847638	 -1.943019	 
0.210000	 0.852138	 -0.026488	 -0.851483	 -1.948421	 
0.200000	 0.854525	 -0.026633	 -0.853943	 -1.953788	 
0.190000	 0.857332	 -0.024258	 -0.856857	 -1.959114	 
0.180000	 0.859051	 -0.022516	 -0.858634	 -1.964343	 
0.170000	 0.861531	 -0.029046	 -0.860893	 -1.969601	 
0.160000	 0.865014	 -0.025545	 -0.864547	 -1.974752	 
0.150000	 0.866093	 -0.030193	 -0.865467	 -1.980001	 
0.140000	 0.869493	 -0.024197	 -0.869046	 -1.985185	 
0.130000	 0.871113	 -0.025974	 -0.870648	 -1.990397	 
0.120000	 0.873900	 -0.025072	 -0.873493	 -1.995558	 
0.110000	 0.877671	 -0.027290	 -0.877198	 -2.000731	 
0.100000	 0.878824	 -0.027261	 -0.878371	 -2.005870	 
0.090000	 0.880612	 -0.025203	 -0.880212	 -2.010954	 
0.080000	 0.883946	 -0.030990	 -0.883373	 -2.016074	 
0.070000	 0.886264	 -0.028856	 -0.885757	 -2.021178	 
0.060000	 0.888643	 -0.028077	 -0.888163	 -2.026272	 
0.050000	 0.891383	 -0.023776	 -0.891039	 -2.031366	 
0.040000	 0.893592	 -0.023965	 -0.893259	 -2.036416	 
0.030000	 0.896264	 -0.025837	 -0.895882	 -2.041434	 
0.020000	 0.897838	 -0.026343	 -0.897446	 -2.046448	 
0.010000	 0.901067	 -0.024645	 -0.900725	 -2.051481	 
