T	 |m|	 <m[0]>	 <m[1]>	 <E>	 dim_{Lat}=2	 L=128,128	 J=1.000000,1.000000	 {/Symbol s}_J=0.000000,0.000000	 <J_{ij}>=0.000000,0.000000	 dim_{Spin}=2	 h=0.000000,0.000000	 {/Symbol s}_h=0.500000,0.000000	 <h_i>=0.002641,0.000000	 order=1.000000,0.000000	 order_h=0	 order_r=1	 (thermalizing-MCS,averaging-MCS)/{/Symbol D}T=(128000,12800)/0.010000	 
Cooling... 
2.000000	 0.041664	 0.001171	 -0.000187	 -0.608738	 
1.990000	 0.042538	 0.002811	 -0.001416	 -0.612999	 
1.980000	 0.042648	 0.001885	 -0.000736	 -0.617430	 
1.970000	 0.042816	 0.002023	 -0.002129	 -0.621311	 
1.960000	 0.042311	 0.003215	 -0.000840	 -0.624285	 
1.950000	 0.042438	 0.003563	 -0.000264	 -0.627335	 
1.940000	 0.042691	 0.001932	 0.000253	 -0.631402	 
1.930000	 0.043116	 0.001247	 0.001133	 -0.634329	 
1.920000	 0.043377	 0.002238	 -0.001653	 -0.638830	 
1.910000	 0.043295	 0.002206	 -0.001574	 -0.643019	 
1.900000	 0.043645	 0.002266	 -0.003044	 -0.647088	 
1.890000	 0.043697	 0.002084	 -0.002294	 -0.651092	 
1.880000	 0.044611	 0.003327	 -0.001448	 -0.655013	 
1.870000	 0.043249	 0.002861	 0.002177	 -0.658626	 
1.860000	 0.043975	 0.001151	 -0.000459	 -0.662866	 
1.850000	 0.044192	 0.001634	 -0.000307	 -0.666802	 
1.840000	 0.044734	 0.003452	 -0.001146	 -0.671517	 
1.830000	 0.044374	 0.001696	 -0.002341	 -0.676043	 
1.820000	 0.044689	 0.002598	 -0.002154	 -0.681227	 
1.810000	 0.044851	 0.005272	 -0.001624	 -0.684824	 
1.800000	 0.044534	 0.003967	 -0.000600	 -0.688551	 
1.790000	 0.044852	 0.002436	 -0.000171	 -0.692913	 
1.780000	 0.045291	 0.001986	 0.001014	 -0.697000	 
1.770000	 0.045995	 0.003554	 -0.003316	 -0.702487	 
1.760000	 0.045419	 0.002824	 -0.001491	 -0.707558	 
1.750000	 0.045993	 0.001847	 -0.002805	 -0.712868	 
1.740000	 0.046033	 0.003036	 -0.002282	 -0.717275	 
1.730000	 0.046197	 0.004509	 -0.000674	 -0.721886	 
1.720000	 0.045910	 0.002296	 0.000200	 -0.726140	 
1.710000	 0.046380	 0.002284	 0.000364	 -0.731137	 
1.700000	 0.047576	 0.003336	 -0.000812	 -0.736565	 
1.690000	 0.047113	 0.003641	 -0.000722	 -0.741895	 
1.680000	 0.047272	 0.002706	 -0.002877	 -0.747730	 
1.670000	 0.047418	 0.003606	 -0.001123	 -0.753262	 
1.660000	 0.048084	 0.004289	 -0.001891	 -0.758129	 
1.650000	 0.046387	 0.005059	 0.001288	 -0.763293	 
1.640000	 0.048539	 0.002923	 0.001253	 -0.768906	 
1.630000	 0.048382	 0.003892	 0.000547	 -0.774092	 
1.620000	 0.049309	 0.004937	 -0.001332	 -0.780123	 
1.610000	 0.048881	 0.002165	 -0.001878	 -0.786898	 
1.600000	 0.048830	 0.002993	 -0.004245	 -0.792952	 
1.590000	 0.049445	 0.004121	 -0.002028	 -0.798777	 
1.580000	 0.049158	 0.005910	 0.000471	 -0.804525	 
1.570000	 0.050753	 0.004021	 -0.000580	 -0.810001	 
1.560000	 0.049727	 0.003714	 0.001287	 -0.815638	 
1.550000	 0.051499	 0.004971	 0.000831	 -0.823000	 
1.540000	 0.051695	 0.005310	 -0.001391	 -0.829791	 
1.530000	 0.051809	 0.004677	 -0.004482	 -0.836309	 
1.520000	 0.051741	 0.005129	 -0.002447	 -0.843502	 
1.510000	 0.052017	 0.008681	 0.000780	 -0.849689	 
1.500000	 0.052056	 0.008294	 0.003221	 -0.855713	 
1.490000	 0.053094	 0.005154	 0.002480	 -0.862326	 
1.480000	 0.053765	 0.003784	 0.002605	 -0.869593	 
1.470000	 0.054650	 0.005822	 -0.000332	 -0.877567	 
1.460000	 0.053735	 0.004426	 -0.002636	 -0.885828	 
1.450000	 0.053909	 0.005350	 -0.005651	 -0.893370	 
1.440000	 0.055210	 0.007264	 -0.003044	 -0.900057	 
1.430000	 0.055321	 0.009936	 0.001340	 -0.906544	 
1.420000	 0.056107	 0.007129	 0.001093	 -0.913857	 
1.410000	 0.057614	 0.004846	 0.006730	 -0.922290	 
1.400000	 0.057396	 0.006919	 -0.003208	 -0.931314	 
1.390000	 0.057625	 0.006039	 -0.004549	 -0.939614	 
1.380000	 0.055708	 0.007476	 -0.007813	 -0.947656	 
1.370000	 0.057046	 0.005299	 -0.004565	 -0.956344	 
1.360000	 0.059312	 0.010425	 -0.003037	 -0.964295	 
1.350000	 0.061069	 0.009797	 0.006330	 -0.972207	 
1.340000	 0.060953	 0.005552	 0.004771	 -0.980948	 
1.330000	 0.062299	 0.006009	 -0.000336	 -0.990157	 
1.320000	 0.062556	 0.010253	 -0.002575	 -1.000198	 
1.310000	 0.060694	 0.007009	 -0.008060	 -1.010119	 
1.300000	 0.062005	 0.009862	 -0.008578	 -1.018379	 
1.290000	 0.064504	 0.011953	 -0.007181	 -1.028451	 
1.280000	 0.063167	 0.010068	 -0.000289	 -1.036860	 
1.270000	 0.067614	 0.009059	 0.003248	 -1.045735	 
1.260000	 0.068892	 0.006229	 0.003818	 -1.056459	 
1.250000	 0.068339	 0.010760	 -0.006897	 -1.067213	 
1.240000	 0.064968	 0.007887	 -0.004942	 -1.077078	 
1.230000	 0.068783	 0.008410	 -0.017475	 -1.088786	 
1.220000	 0.069326	 0.007090	 -0.011923	 -1.097867	 
1.210000	 0.069690	 0.014854	 -0.003195	 -1.108309	 
1.200000	 0.071185	 0.007950	 -0.001026	 -1.118511	 
1.190000	 0.073756	 0.009243	 0.007705	 -1.128238	 
1.180000	 0.080344	 0.011868	 -0.005762	 -1.140112	 
1.170000	 0.073126	 0.014768	 -0.004004	 -1.151987	 
1.160000	 0.081777	 0.013595	 -0.024555	 -1.164472	 
1.150000	 0.082750	 0.014565	 -0.011103	 -1.174810	 
1.140000	 0.088231	 0.016868	 -0.020000	 -1.186747	 
1.130000	 0.087468	 0.017047	 -0.006609	 -1.196738	 
1.120000	 0.086765	 0.012826	 0.016611	 -1.208272	 
1.110000	 0.095570	 0.010935	 0.018600	 -1.220175	 
1.100000	 0.085839	 0.016217	 -0.001090	 -1.232589	 
1.090000	 0.098828	 0.010090	 -0.024691	 -1.245740	 
1.080000	 0.104709	 0.013882	 -0.053528	 -1.257250	 
1.070000	 0.127434	 0.011981	 -0.069764	 -1.272016	 
1.060000	 0.110161	 0.019337	 0.019981	 -1.283320	 
1.050000	 0.123461	 0.011206	 0.028293	 -1.293280	 
1.040000	 0.113134	 0.011862	 0.077830	 -1.305495	 
1.030000	 0.088483	 0.016791	 0.035421	 -1.317659	 
1.020000	 0.125808	 0.021568	 -0.098052	 -1.330423	 
1.010000	 0.155409	 0.009875	 -0.136256	 -1.346908	 
1.000000	 0.198614	 0.018459	 -0.178061	 -1.360088	 
0.990000	 0.149531	 0.028908	 -0.123355	 -1.371553	 
0.980000	 0.152579	 0.024481	 0.130894	 -1.382681	 
0.970000	 0.111866	 0.021507	 -0.078169	 -1.392703	 
0.960000	 0.369333	 0.017774	 -0.366385	 -1.411560	 
0.950000	 0.461846	 0.021268	 -0.458534	 -1.429210	 
0.940000	 0.485269	 0.011942	 -0.483274	 -1.442762	 
0.930000	 0.487508	 0.008557	 -0.485248	 -1.454764	 
0.920000	 0.540061	 0.025409	 -0.537708	 -1.468376	 
0.910000	 0.537721	 0.030772	 -0.534539	 -1.477413	 
0.900000	 0.547863	 0.016683	 -0.545845	 -1.487917	 
0.890000	 0.567797	 0.011507	 -0.566165	 -1.497717	 
0.880000	 0.589495	 0.021888	 -0.587622	 -1.510120	 
0.870000	 0.593350	 0.016513	 -0.591433	 -1.520035	 
0.860000	 0.618516	 0.011807	 -0.617087	 -1.531285	 
0.850000	 0.623607	 0.019653	 -0.621977	 -1.539995	 
0.840000	 0.629766	 0.026131	 -0.627701	 -1.548990	 
0.830000	 0.630031	 0.026764	 -0.628098	 -1.556535	 
0.820000	 0.633223	 0.022670	 -0.631294	 -1.564573	 
0.810000	 0.645521	 0.025706	 -0.643530	 -1.574221	 
0.800000	 0.646571	 0.011573	 -0.645054	 -1.582429	 
0.790000	 0.657237	 0.015162	 -0.655818	 -1.591751	 
0.780000	 0.665382	 0.018207	 -0.663981	 -1.599844	 
0.770000	 0.668838	 0.021134	 -0.667326	 -1.607583	 
0.760000	 0.672002	 0.020628	 -0.670510	 -1.614377	 
0.750000	 0.674592	 0.022421	 -0.672996	 -1.621855	 
0.740000	 0.680395	 0.012012	 -0.679008	 -1.628838	 
0.730000	 0.681684	 0.020168	 -0.680095	 -1.637098	 
0.720000	 0.690575	 0.018878	 -0.689316	 -1.644753	 
0.710000	 0.694251	 0.014982	 -0.693327	 -1.652362	 
0.700000	 0.699889	 0.015586	 -0.698710	 -1.659538	 
0.690000	 0.701923	 0.024594	 -0.700528	 -1.666223	 
0.680000	 0.704911	 0.021956	 -0.703635	 -1.672420	 
0.670000	 0.710081	 0.021280	 -0.708887	 -1.679469	 
0.660000	 0.713787	 0.030875	 -0.711984	 -1.686587	 
0.650000	 0.715558	 0.022925	 -0.714203	 -1.693355	 
0.640000	 0.719330	 0.013302	 -0.718511	 -1.700616	 
0.630000	 0.727572	 0.016670	 -0.726678	 -1.707104	 
0.620000	 0.731203	 0.027458	 -0.729969	 -1.713749	 
0.610000	 0.730411	 0.023861	 -0.729214	 -1.719837	 
0.600000	 0.734934	 0.024274	 -0.733912	 -1.726159	 
0.590000	 0.736063	 0.023618	 -0.734758	 -1.732336	 
0.580000	 0.739540	 0.021158	 -0.738333	 -1.739152	 
0.570000	 0.749065	 0.018134	 -0.747981	 -1.745706	 
0.560000	 0.750301	 0.018474	 -0.749402	 -1.752137	 
0.550000	 0.755164	 0.020846	 -0.754241	 -1.758653	 
0.540000	 0.754736	 0.025900	 -0.753681	 -1.764145	 
0.530000	 0.758357	 0.017807	 -0.757535	 -1.770075	 
0.520000	 0.758077	 0.021000	 -0.757181	 -1.775862	 
0.510000	 0.764837	 0.019920	 -0.763926	 -1.782158	 
0.500000	 0.767400	 0.021648	 -0.766545	 -1.788679	 
0.490000	 0.772895	 0.011833	 -0.772281	 -1.794798	 
0.480000	 0.775622	 0.024745	 -0.774834	 -1.800706	 
0.470000	 0.779446	 0.024691	 -0.778496	 -1.806514	 
0.460000	 0.779107	 0.026126	 -0.778184	 -1.812095	 
0.450000	 0.781717	 0.022163	 -0.781029	 -1.817966	 
0.440000	 0.784780	 0.023236	 -0.783941	 -1.823651	 
0.430000	 0.789575	 0.023003	 -0.788620	 -1.829702	 
0.420000	 0.792124	 0.022222	 -0.791416	 -1.835676	 
0.410000	 0.796506	 0.017756	 -0.795852	 -1.841504	 
0.400000	 0.798964	 0.022399	 -0.798332	 -1.847129	 
0.390000	 0.800176	 0.029716	 -0.799257	 -1.852711	 
0.380000	 0.803195	 0.020462	 -0.802559	 -1.858203	 
0.370000	 0.803362	 0.025116	 -0.802601	 -1.863663	 
0.360000	 0.808499	 0.025573	 -0.807668	 -1.869534	 
0.350000	 0.811580	 0.023430	 -0.810969	 -1.875246	 
0.340000	 0.815490	 0.019164	 -0.814953	 -1.880968	 
0.330000	 0.817191	 0.023841	 -0.816594	 -1.886249	 
0.320000	 0.819904	 0.022887	 -0.819333	 -1.892043	 
0.310000	 0.821094	 0.022381	 -0.820513	 -1.897345	 
0.300000	 0.824798	 0.019972	 -0.824266	 -1.902786	 
0.290000	 0.827857	 0.022892	 -0.827188	 -1.908315	 
0.280000	 0.829492	 0.020588	 -0.828976	 -1.913669	 
0.270000	 0.834294	 0.023122	 -0.833717	 -1.919413	 
0.260000	 0.837931	 0.026940	 -0.837308	 -1.924756	 
0.250000	 0.838242	 0.023366	 -0.837733	 -1.929940	 
0.240000	 0.842694	 0.023216	 -0.842210	 -1.935343	 
0.230000	 0.843619	 0.019600	 -0.843213	 -1.940654	 
0.220000	 0.847573	 0.030062	 -0.846882	 -1.945983	 
0.210000	 0.849092	 0.020729	 -0.848636	 -1.951257	 
0.200000	 0.852072	 0.026789	 -0.851487	 -1.956688	 
0.190000	 0.854808	 0.023946	 -0.854381	 -1.961969	 
0.180000	 0.857425	 0.020724	 -0.857079	 -1.967319	 
0.170000	 0.859483	 0.027339	 -0.858972	 -1.972474	 
0.160000	 0.861127	 0.020023	 -0.860796	 -1.977663	 
0.150000	 0.864402	 0.024296	 -0.863954	 -1.982875	 
0.140000	 0.866035	 0.027601	 -0.865531	 -1.988059	 
0.130000	 0.869051	 0.024356	 -0.868644	 -1.993304	 
0.120000	 0.871472	 0.021274	 -0.871149	 -1.998576	 
0.110000	 0.874095	 0.023182	 -0.873725	 -2.003652	 
0.100000	 0.876079	 0.019898	 -0.875818	 -2.008739	 
0.090000	 0.878494	 0.027163	 -0.878038	 -2.013917	 
0.080000	 0.881094	 0.023116	 -0.880768	 -2.018934	 
0.070000	 0.883324	 0.024483	 -0.882954	 -2.024070	 
0.060000	 0.885535	 0.022821	 -0.885226	 -2.029171	 
0.050000	 0.888712	 0.024166	 -0.888368	 -2.034223	 
0.040000	 0.890166	 0.023260	 -0.889851	 -2.039266	 
0.030000	 0.893360	 0.021836	 -0.893084	 -2.044331	 
0.020000	 0.895750	 0.023963	 -0.895422	 -2.049360	 
0.010000	 0.897471	 0.025002	 -0.897119	 -2.054370	 
