-2.023785 2.023785 
0.000000 0.500000 -0.047518 
0.000000 0.000000 0.000000 

-1.244304 0.000000 
0.053244 0.000000 
-0.453337 -0.000000 
0.665786 0.000000 
0.554260 -0.000000 
-0.046131 0.000000 
0.599304 0.000000 
0.534449 0.000000 
0.890738 0.000000 
0.251669 0.000000 
0.001766 0.000000 
-0.548396 -0.000000 
0.207047 0.000000 
-0.515037 0.000000 
0.926871 0.000000 
0.221737 0.000000 
0.733689 -0.000000 
0.236572 0.000000 
-0.770271 0.000000 
-0.217792 0.000000 
0.987465 0.000000 
-0.022194 0.000000 
0.274092 0.000000 
0.131174 -0.000000 
0.558346 -0.000000 
-0.274731 0.000000 
0.852469 0.000000 
-0.367768 0.000000 
-0.049549 0.000000 
0.172167 0.000000 
-0.469678 0.000000 
-0.762159 -0.000000 
-0.362230 0.000000 
0.149411 0.000000 
0.325371 -0.000000 
0.163670 -0.000000 
0.829944 -0.000000 
-0.101445 0.000000 
-0.937839 -0.000000 
-0.107956 0.000000 
0.405370 0.000000 
-0.642361 -0.000000 
0.265130 0.000000 
-0.091456 -0.000000 
0.109488 0.000000 
-0.939706 -0.000000 
-0.793792 0.000000 
0.001106 0.000000 
-0.011371 0.000000 
-0.181478 0.000000 
-0.605204 0.000000 
-0.724084 0.000000 
-0.066706 0.000000 
-0.159417 0.000000 
0.626606 -0.000000 
-1.158992 -0.000000 
-0.497376 0.000000 
0.526311 0.000000 
-0.369070 0.000000 
0.348146 0.000000 
-0.784252 0.000000 
-0.206422 0.000000 
-0.170944 -0.000000 
0.340047 0.000000 
0.043509 0.000000 
-0.051833 -0.000000 
0.905513 0.000000 
0.140277 0.000000 
0.057279 0.000000 
-0.585217 0.000000 
0.130973 -0.000000 
0.272349 0.000000 
-0.604222 -0.000000 
0.423479 0.000000 
1.367590 0.000000 
0.108686 -0.000000 
-0.385604 -0.000000 
0.380633 0.000000 
-1.584089 0.000000 
-0.466318 0.000000 
-0.536159 0.000000 
0.459547 -0.000000 
-0.112018 0.000000 
0.462023 -0.000000 
-0.429928 0.000000 
-0.214393 0.000000 
-0.570214 -0.000000 
-0.322778 0.000000 
-0.313836 -0.000000 
0.157025 -0.000000 
-0.104166 -0.000000 
-0.096263 -0.000000 
-0.507489 -0.000000 
-0.271142 0.000000 
0.640778 -0.000000 
0.133786 0.000000 
0.463247 0.000000 
-0.307354 0.000000 
0.482378 0.000000 
-0.480113 0.000000 
-1.241872 0.000000 
1.332147 0.000000 
0.364545 0.000000 
-0.130705 0.000000 
-0.239201 -0.000000 
0.470122 0.000000 
0.390973 0.000000 
-0.865541 0.000000 
1.231673 -0.000000 
-0.027178 0.000000 
-0.170517 -0.000000 
-0.300762 0.000000 
0.110294 0.000000 
-0.414708 0.000000 
0.187234 -0.000000 
0.453198 -0.000000 
-0.017755 0.000000 
0.352162 -0.000000 
-0.255976 -0.000000 
-0.928043 -0.000000 
-0.762430 0.000000 
0.000399 0.000000 
0.670629 0.000000 
-0.414164 0.000000 
-0.709364 -0.000000 
0.659891 0.000000 
0.153250 -0.000000 
-0.164273 0.000000 
-0.093193 -0.000000 
-0.452650 -0.000000 
-0.269312 0.000000 
0.782330 0.000000 
-0.212217 0.000000 
0.548946 0.000000 
0.056463 0.000000 
-0.392652 0.000000 
-0.157509 0.000000 
-0.791425 -0.000000 
0.197936 -0.000000 
-0.563659 0.000000 
-0.123144 0.000000 
0.173342 -0.000000 
-0.097473 0.000000 
-0.533406 0.000000 
-0.308984 -0.000000 
0.324681 0.000000 
0.027542 0.000000 
0.519596 -0.000000 
0.073755 -0.000000 
-0.371661 -0.000000 
-0.994037 -0.000000 
-0.232681 0.000000 
0.557127 0.000000 
-0.580415 0.000000 
0.126432 0.000000 
0.393017 0.000000 
1.177921 0.000000 
0.475037 -0.000000 
0.785337 0.000000 
-1.264907 -0.000000 
-0.562520 0.000000 
-0.210499 -0.000000 
-0.271107 0.000000 
-0.185300 0.000000 
-0.065106 0.000000 
0.864363 0.000000 
0.867575 0.000000 
-0.619431 0.000000 
-0.689826 0.000000 
0.524034 0.000000 
-0.517954 0.000000 
0.337531 0.000000 
0.175504 0.000000 
0.192235 0.000000 
-0.583487 0.000000 
-0.136384 0.000000 
-0.123787 0.000000 
0.708943 -0.000000 
0.278940 0.000000 
-0.241580 -0.000000 
-0.669904 0.000000 
-0.148187 0.000000 
-0.316643 0.000000 
0.284743 -0.000000 
-0.888468 0.000000 
1.395226 -0.000000 
0.240755 0.000000 
-0.987387 -0.000000 
0.156090 0.000000 
-0.413391 -0.000000 
-0.368429 0.000000 
0.117979 0.000000 
-0.713217 0.000000 
-0.226019 -0.000000 
-0.779990 0.000000 
-0.478796 0.000000 
0.609251 -0.000000 
0.084678 -0.000000 
0.644414 -0.000000 
0.481468 0.000000 
0.074301 0.000000 
0.069368 0.000000 
0.260097 -0.000000 
-0.008953 -0.000000 
-0.368655 0.000000 
-0.629417 -0.000000 
0.343644 0.000000 
0.274685 0.000000 
1.009054 0.000000 
-0.442825 0.000000 
-0.753300 0.000000 
0.115075 -0.000000 
-0.059510 0.000000 
-0.392273 0.000000 
0.145317 0.000000 
-0.590153 0.000000 
0.240126 0.000000 
-0.078062 0.000000 
-0.273613 -0.000000 
0.101564 -0.000000 
-0.490333 -0.000000 
0.137283 0.000000 
0.273069 0.000000 
-0.605339 0.000000 
-1.317726 -0.000000 
-1.293943 0.000000 
-0.422127 -0.000000 
-0.669730 -0.000000 
0.249804 0.000000 
-1.167866 0.000000 
1.088687 0.000000 
0.014009 -0.000000 
0.353451 0.000000 
-0.795217 0.000000 
-0.356185 0.000000 
-0.017499 0.000000 
0.380082 -0.000000 
-0.299590 0.000000 
0.416635 0.000000 
-0.009334 0.000000 
-0.210678 -0.000000 
0.550780 0.000000 
-0.064039 0.000000 
-0.109109 0.000000 
-0.091869 0.000000 
0.014760 0.000000 
0.638440 0.000000 
-0.583791 0.000000 
-0.583197 -0.000000 
0.733065 -0.000000 
0.314331 0.000000 
0.758691 0.000000 
0.296235 0.000000 
-0.666736 -0.000000 
-0.182924 0.000000 
-0.739678 0.000000 
