-2.313114 2.313114 
0.000000 0.500000 0.009016 
0.000000 0.000000 0.000000 

0.512395 0.000000 
1.741501 0.000000 
0.062662 -0.000000 
-0.918992 0.000000 
0.596389 0.000000 
-0.150003 0.000000 
0.166151 0.000000 
0.709579 0.000000 
0.455778 0.000000 
-0.125443 0.000000 
-0.181759 -0.000000 
-0.847770 0.000000 
-0.292141 -0.000000 
-0.049831 -0.000000 
-1.038773 0.000000 
1.037578 0.000000 
0.563577 -0.000000 
-0.236912 0.000000 
-0.013719 0.000000 
0.573990 0.000000 
-0.324062 0.000000 
0.206578 -0.000000 
-0.391692 0.000000 
-0.458096 0.000000 
0.014334 0.000000 
0.506569 0.000000 
-0.314206 0.000000 
-0.285334 0.000000 
0.710244 0.000000 
0.496049 0.000000 
-0.638009 0.000000 
-0.028963 0.000000 
-0.102839 0.000000 
0.570169 -0.000000 
0.217657 0.000000 
0.014922 -0.000000 
0.184683 0.000000 
0.861306 0.000000 
0.019827 0.000000 
-0.341508 0.000000 
0.402437 0.000000 
0.242718 0.000000 
0.229489 0.000000 
0.099836 0.000000 
0.001728 0.000000 
0.567942 0.000000 
0.094446 0.000000 
0.360593 -0.000000 
0.872216 0.000000 
0.417875 0.000000 
0.028536 -0.000000 
-0.373992 0.000000 
0.555067 -0.000000 
-0.425639 0.000000 
0.290367 0.000000 
0.056215 0.000000 
0.485636 0.000000 
0.441075 0.000000 
-0.180054 -0.000000 
0.204810 0.000000 
0.230823 0.000000 
0.550844 0.000000 
-0.039676 -0.000000 
-0.828675 -0.000000 
-0.138643 0.000000 
-0.320559 -0.000000 
-0.010336 0.000000 
0.236680 0.000000 
-0.277496 -0.000000 
0.703092 0.000000 
0.231518 0.000000 
0.275707 0.000000 
-0.783341 0.000000 
0.723059 -0.000000 
-0.028113 0.000000 
1.029095 -0.000000 
0.021977 0.000000 
0.248203 0.000000 
-0.929588 0.000000 
0.391940 0.000000 
-0.359921 -0.000000 
0.122565 0.000000 
0.400419 0.000000 
-1.222519 -0.000000 
-0.271327 0.000000 
-0.753732 0.000000 
0.300905 0.000000 
-0.149274 0.000000 
-0.820287 0.000000 
-0.087664 0.000000 
-0.603656 0.000000 
-0.277696 0.000000 
-0.348122 -0.000000 
0.564039 -0.000000 
-0.659965 -0.000000 
0.079044 0.000000 
0.769250 -0.000000 
0.534761 -0.000000 
0.361382 0.000000 
0.397328 -0.000000 
0.336076 -0.000000 
0.744475 0.000000 
-0.190612 0.000000 
0.268510 0.000000 
-0.007150 0.000000 
-0.060161 0.000000 
-0.363715 0.000000 
0.581319 0.000000 
-0.225204 0.000000 
-0.125411 0.000000 
0.069603 -0.000000 
0.261093 0.000000 
-0.306735 0.000000 
-0.477303 -0.000000 
-0.304784 0.000000 
-0.347164 0.000000 
0.024121 0.000000 
0.353744 -0.000000 
0.083659 -0.000000 
-0.446899 0.000000 
0.354127 -0.000000 
-0.086512 -0.000000 
-0.072016 0.000000 
0.147355 0.000000 
0.087867 0.000000 
0.156876 -0.000000 
0.306541 0.000000 
0.285665 -0.000000 
-0.801612 0.000000 
1.209915 0.000000 
0.493845 -0.000000 
-0.698469 0.000000 
0.252157 0.000000 
-0.356184 0.000000 
0.469947 0.000000 
0.458379 0.000000 
-0.028683 0.000000 
-0.364827 0.000000 
0.204673 0.000000 
-0.470990 0.000000 
-0.330709 0.000000 
-0.070833 0.000000 
-0.484392 0.000000 
-0.492521 0.000000 
-0.235056 -0.000000 
0.228175 0.000000 
0.130265 -0.000000 
-0.453062 0.000000 
-0.342397 0.000000 
-0.119574 0.000000 
-0.205647 0.000000 
0.343744 0.000000 
0.115201 -0.000000 
-0.411401 0.000000 
1.125907 -0.000000 
-0.189419 0.000000 
0.139211 0.000000 
0.677663 0.000000 
-0.067186 -0.000000 
-0.493081 0.000000 
0.761186 0.000000 
0.025710 0.000000 
0.016062 0.000000 
0.168792 0.000000 
-1.074712 0.000000 
-0.339719 -0.000000 
0.229613 -0.000000 
-0.022429 0.000000 
0.527643 -0.000000 
0.298102 0.000000 
-0.401821 -0.000000 
-0.012975 0.000000 
0.172217 0.000000 
-0.387312 0.000000 
-0.008121 -0.000000 
-0.223007 0.000000 
-0.041504 0.000000 
-0.082951 -0.000000 
0.544864 0.000000 
0.731996 0.000000 
-0.816121 -0.000000 
-0.812810 0.000000 
0.234110 -0.000000 
0.632648 0.000000 
-0.285751 0.000000 
0.201828 -0.000000 
0.378265 0.000000 
-0.459146 0.000000 
0.225650 0.000000 
-0.083806 0.000000 
-1.066108 -0.000000 
-0.035125 0.000000 
-0.761532 0.000000 
0.651665 -0.000000 
-0.157001 -0.000000 
0.801544 0.000000 
-0.141638 0.000000 
-0.316996 0.000000 
-0.176976 0.000000 
-0.141257 0.000000 
0.136617 0.000000 
0.284578 -0.000000 
0.474962 -0.000000 
-0.433769 0.000000 
-0.339704 0.000000 
-0.167713 -0.000000 
-0.237297 -0.000000 
-0.065622 -0.000000 
-0.848596 0.000000 
0.103393 0.000000 
-0.735112 0.000000 
0.269800 0.000000 
0.647857 0.000000 
-0.106958 -0.000000 
-0.782206 0.000000 
0.017234 0.000000 
-0.573185 0.000000 
0.351340 0.000000 
-0.333727 0.000000 
0.158039 0.000000 
-0.247871 -0.000000 
-0.239782 -0.000000 
-0.611683 -0.000000 
-0.209937 0.000000 
-0.587395 0.000000 
-1.271773 0.000000 
0.015001 0.000000 
-0.179220 -0.000000 
-0.427513 -0.000000 
0.601819 -0.000000 
-0.605505 -0.000000 
0.457716 0.000000 
-0.741770 -0.000000 
0.378115 0.000000 
-0.420685 0.000000 
1.011771 -0.000000 
0.015987 0.000000 
0.667735 0.000000 
-0.146144 -0.000000 
0.027481 0.000000 
-0.179452 0.000000 
-0.965124 -0.000000 
0.171384 -0.000000 
-0.429979 0.000000 
-0.241326 0.000000 
0.534532 -0.000000 
-0.304971 -0.000000 
-0.191445 0.000000 
-0.602926 -0.000000 
-0.329267 0.000000 
0.511041 0.000000 
0.269695 0.000000 
0.214620 -0.000000 
0.404660 0.000000 
0.114811 0.000000 
0.078323 0.000000 
0.605446 0.000000 
-0.178559 0.000000 
-0.168314 0.000000 
-0.183327 -0.000000 
0.234049 0.000000 
-0.566342 -0.000000 
0.098213 0.000000 
0.001407 0.000000 
-0.268349 0.000000 
-0.057812 0.000000 
-1.017716 -0.000000 
-0.237066 0.000000 
-0.099777 0.000000 
-0.479504 0.000000 
0.012853 -0.000000 
0.759518 -0.000000 
0.651251 -0.000000 
0.914734 0.000000 
0.221917 -0.000000 
-1.024550 -0.000000 
-0.076224 0.000000 
0.475500 0.000000 
-0.581075 0.000000 
0.198344 0.000000 
-0.792936 0.000000 
-0.555102 0.000000 
0.285287 0.000000 
0.408613 -0.000000 
0.061988 -0.000000 
1.094092 -0.000000 
0.312225 0.000000 
-0.228198 0.000000 
0.133713 0.000000 
-0.520186 -0.000000 
-0.047493 0.000000 
0.321039 0.000000 
-0.416873 0.000000 
0.295884 0.000000 
-0.163162 0.000000 
-0.562091 0.000000 
-0.204710 0.000000 
0.119789 -0.000000 
-0.163031 0.000000 
0.567891 0.000000 
0.276426 0.000000 
-0.408558 0.000000 
0.432337 0.000000 
0.366209 -0.000000 
0.285122 0.000000 
0.313028 0.000000 
-0.460726 -0.000000 
-0.409860 -0.000000 
0.708432 -0.000000 
-0.390988 -0.000000 
0.343427 0.000000 
-0.159910 0.000000 
-0.581318 -0.000000 
0.372149 0.000000 
-0.038757 0.000000 
0.817903 0.000000 
0.482778 0.000000 
-0.138481 0.000000 
-0.262868 0.000000 
0.095464 0.000000 
-0.010126 -0.000000 
0.242181 -0.000000 
-1.091992 0.000000 
-0.056248 0.000000 
0.020829 0.000000 
-0.072668 -0.000000 
-0.196420 0.000000 
-0.227676 -0.000000 
-0.594794 0.000000 
0.271054 -0.000000 
0.075684 0.000000 
-0.004642 -0.000000 
-0.370479 -0.000000 
0.121539 0.000000 
0.240829 0.000000 
0.033969 -0.000000 
-0.778062 0.000000 
0.020547 0.000000 
-0.813671 0.000000 
0.168119 -0.000000 
0.122434 -0.000000 
0.169631 -0.000000 
0.037980 0.000000 
-0.426963 -0.000000 
0.596252 0.000000 
-0.853073 -0.000000 
0.270983 -0.000000 
0.194779 0.000000 
0.684148 0.000000 
0.367943 0.000000 
-0.715292 0.000000 
0.469669 0.000000 
0.338353 -0.000000 
-0.196935 0.000000 
-0.404731 0.000000 
1.273162 -0.000000 
-0.449248 0.000000 
0.060574 0.000000 
0.126469 -0.000000 
0.434052 0.000000 
-0.067332 0.000000 
0.094661 0.000000 
0.133009 0.000000 
0.487410 0.000000 
0.620211 0.000000 
0.144705 0.000000 
0.168421 -0.000000 
0.213637 -0.000000 
0.114278 0.000000 
-0.012961 0.000000 
-0.841797 0.000000 
-1.119150 0.000000 
-0.069006 0.000000 
0.047790 0.000000 
-0.198749 0.000000 
-0.484359 -0.000000 
-0.136725 0.000000 
-0.229010 0.000000 
-0.753136 -0.000000 
-0.024892 -0.000000 
0.016819 0.000000 
-0.597095 0.000000 
-0.474994 0.000000 
-0.211531 0.000000 
0.989341 0.000000 
-0.125419 -0.000000 
0.038155 0.000000 
-0.373314 0.000000 
0.382192 0.000000 
0.130989 0.000000 
0.436008 0.000000 
1.744922 -0.000000 
0.693534 0.000000 
-0.460279 0.000000 
-0.362765 0.000000 
-0.021245 0.000000 
-0.324947 0.000000 
-0.766967 -0.000000 
0.045240 0.000000 
-0.250637 0.000000 
0.297986 0.000000 
0.608831 0.000000 
-0.341575 0.000000 
0.613118 0.000000 
-0.741845 0.000000 
0.209559 -0.000000 
-0.125902 0.000000 
-0.181739 0.000000 
-0.371394 0.000000 
-0.751983 0.000000 
-1.204411 -0.000000 
0.734850 -0.000000 
-0.137697 0.000000 
-0.043006 0.000000 
-0.282881 -0.000000 
0.309665 0.000000 
-0.954353 0.000000 
-0.060254 0.000000 
0.978533 0.000000 
-0.520604 0.000000 
0.296978 0.000000 
0.095014 0.000000 
0.995516 -0.000000 
0.706793 -0.000000 
0.655747 0.000000 
-0.860249 0.000000 
-1.137925 0.000000 
0.420337 0.000000 
0.939797 0.000000 
0.147137 -0.000000 
0.112533 0.000000 
-0.131327 -0.000000 
0.069641 0.000000 
0.020136 0.000000 
-0.315118 0.000000 
0.723677 -0.000000 
-0.232367 0.000000 
0.933804 0.000000 
-0.448777 -0.000000 
-0.160050 0.000000 
0.443700 0.000000 
0.312339 -0.000000 
0.027861 0.000000 
0.183360 0.000000 
0.124308 0.000000 
0.157378 0.000000 
-0.472634 0.000000 
-0.983802 -0.000000 
0.768249 0.000000 
0.317015 -0.000000 
0.333637 0.000000 
-0.227396 -0.000000 
-0.056340 0.000000 
0.106877 0.000000 
-0.455237 -0.000000 
0.074999 0.000000 
0.551610 -0.000000 
-0.301514 -0.000000 
0.784848 0.000000 
-0.280180 -0.000000 
0.576996 0.000000 
-0.129448 0.000000 
0.250379 0.000000 
-0.290041 0.000000 
0.473031 0.000000 
-0.390684 -0.000000 
-0.612843 0.000000 
0.436257 0.000000 
-0.282757 -0.000000 
-0.193200 0.000000 
0.157768 -0.000000 
-0.092880 -0.000000 
0.574728 -0.000000 
-0.383630 0.000000 
-0.449290 0.000000 
-0.133826 0.000000 
0.273844 0.000000 
0.112810 -0.000000 
0.068330 0.000000 
-0.408578 0.000000 
-0.473686 -0.000000 
-0.119541 0.000000 
0.424371 0.000000 
0.048964 0.000000 
-0.162122 -0.000000 
-0.584850 -0.000000 
0.507542 -0.000000 
0.144937 0.000000 
0.425605 -0.000000 
-0.799803 0.000000 
0.101437 -0.000000 
0.042783 0.000000 
0.193623 0.000000 
0.686519 -0.000000 
0.882737 0.000000 
0.241977 -0.000000 
-0.014526 -0.000000 
0.235206 0.000000 
-0.315328 -0.000000 
0.931070 0.000000 
-0.318535 0.000000 
-0.667315 -0.000000 
-0.490332 0.000000 
-0.287418 0.000000 
-0.291109 0.000000 
0.644566 0.000000 
-0.711167 0.000000 
-0.470950 0.000000 
-0.715588 -0.000000 
-1.174661 0.000000 
0.131331 0.000000 
-0.213568 -0.000000 
0.112667 0.000000 
0.242535 0.000000 
-0.516931 0.000000 
-0.448659 0.000000 
0.284984 0.000000 
1.107073 0.000000 
-0.078195 0.000000 
-0.894599 -0.000000 
0.316199 -0.000000 
0.120540 0.000000 
0.059543 0.000000 
-0.188306 0.000000 
0.482132 -0.000000 
0.527368 0.000000 
0.003516 0.000000 
0.303447 0.000000 
0.423226 0.000000 
-0.631656 0.000000 
0.472191 -0.000000 
-0.057937 0.000000 
0.171865 0.000000 
0.084293 0.000000 
-0.496044 -0.000000 
-0.037053 0.000000 
-0.645239 0.000000 
0.069097 0.000000 
0.304714 -0.000000 
0.238710 0.000000 
-0.488160 0.000000 
0.247516 0.000000 
0.353771 -0.000000 
-0.709117 0.000000 
0.626045 -0.000000 
-0.184866 -0.000000 
-0.097354 0.000000 
-0.056564 0.000000 
0.491545 0.000000 
-0.239549 0.000000 
0.467018 0.000000 
0.050402 -0.000000 
-0.424624 -0.000000 
-0.085096 -0.000000 
-0.244519 0.000000 
0.505029 0.000000 
0.244103 0.000000 
-0.474206 0.000000 
-0.630272 0.000000 
0.509239 0.000000 
0.534341 0.000000 
-0.091745 0.000000 
-0.975287 -0.000000 
0.714603 0.000000 
-0.263455 -0.000000 
0.058160 0.000000 
-0.009685 -0.000000 
0.292173 0.000000 
-0.159175 0.000000 
0.766005 0.000000 
0.393968 0.000000 
0.559365 0.000000 
-0.248979 0.000000 
0.047352 0.000000 
0.749120 0.000000 
-0.740140 0.000000 
-1.407364 0.000000 
-0.446006 -0.000000 
0.492491 -0.000000 
-0.164236 0.000000 
-0.274685 0.000000 
0.351114 0.000000 
0.248749 0.000000 
0.369127 -0.000000 
0.917650 -0.000000 
0.209969 0.000000 
0.514808 0.000000 
0.440133 0.000000 
-0.437864 0.000000 
-0.315159 0.000000 
-0.075562 0.000000 
-0.531924 0.000000 
-0.347267 -0.000000 
-0.293627 -0.000000 
-0.420152 -0.000000 
-0.354886 -0.000000 
0.450236 -0.000000 
0.324375 0.000000 
-0.075666 0.000000 
-0.435400 0.000000 
0.492536 -0.000000 
-0.295120 0.000000 
-0.085427 0.000000 
0.067958 -0.000000 
-0.412726 -0.000000 
0.649924 0.000000 
-0.142282 0.000000 
-0.072547 0.000000 
0.149385 0.000000 
-0.079034 0.000000 
-0.122983 -0.000000 
0.304288 0.000000 
0.774110 0.000000 
-0.502056 0.000000 
-0.361064 -0.000000 
-1.014243 -0.000000 
-0.845221 0.000000 
-0.371698 0.000000 
-0.507168 0.000000 
0.353246 0.000000 
0.729691 -0.000000 
0.210421 0.000000 
-0.361229 -0.000000 
-0.195244 0.000000 
0.389687 0.000000 
-0.014241 0.000000 
1.323779 0.000000 
-0.001177 0.000000 
-0.616967 0.000000 
-0.220751 0.000000 
0.468062 0.000000 
0.303340 0.000000 
-0.290323 0.000000 
-0.680930 0.000000 
-0.183177 0.000000 
0.155471 -0.000000 
0.116349 0.000000 
-0.596561 0.000000 
0.283141 0.000000 
0.296015 -0.000000 
0.720082 -0.000000 
-0.439913 0.000000 
-0.170944 0.000000 
-0.178552 0.000000 
-0.157042 0.000000 
-0.754773 -0.000000 
-0.216913 0.000000 
-0.272693 0.000000 
0.778511 0.000000 
0.093794 0.000000 
0.415267 0.000000 
-0.222482 -0.000000 
0.575666 0.000000 
-0.273163 0.000000 
0.206652 -0.000000 
-0.513341 -0.000000 
0.300287 0.000000 
0.679587 -0.000000 
-0.004684 0.000000 
-0.110229 0.000000 
0.162148 0.000000 
0.777689 0.000000 
0.019691 0.000000 
-0.407960 0.000000 
1.156511 0.000000 
1.004229 0.000000 
-0.442986 -0.000000 
0.170891 0.000000 
0.312990 -0.000000 
0.457700 0.000000 
0.422696 0.000000 
-0.315458 0.000000 
0.241796 0.000000 
-0.480845 0.000000 
-0.778274 0.000000 
0.242446 -0.000000 
-1.045524 0.000000 
0.577280 0.000000 
-0.591311 -0.000000 
-0.206556 -0.000000 
0.283898 0.000000 
-0.023764 -0.000000 
-0.357373 0.000000 
0.597154 -0.000000 
0.652289 0.000000 
0.306695 0.000000 
0.562090 0.000000 
-0.241665 -0.000000 
0.033162 -0.000000 
-0.132522 0.000000 
-0.285037 0.000000 
-0.201722 -0.000000 
-0.793611 0.000000 
-0.031121 0.000000 
0.197750 0.000000 
-0.005618 -0.000000 
-0.451530 -0.000000 
-0.373572 0.000000 
0.053477 0.000000 
-0.548526 0.000000 
-0.451849 -0.000000 
0.376081 0.000000 
-0.328192 0.000000 
-0.010045 0.000000 
-0.517585 0.000000 
0.142202 0.000000 
-0.045034 0.000000 
0.772402 0.000000 
-1.072573 -0.000000 
0.343812 0.000000 
-0.185926 0.000000 
-0.125608 0.000000 
-0.013903 0.000000 
0.084180 -0.000000 
-0.227582 -0.000000 
-0.513886 0.000000 
0.775375 -0.000000 
0.147455 0.000000 
0.067857 0.000000 
0.651793 0.000000 
-0.424515 0.000000 
-1.072881 0.000000 
0.160137 0.000000 
-0.381197 0.000000 
0.524332 0.000000 
0.183754 0.000000 
-0.546177 -0.000000 
-0.135703 0.000000 
0.561717 0.000000 
-0.197515 -0.000000 
-0.124074 -0.000000 
1.028333 0.000000 
-0.244292 0.000000 
0.291915 0.000000 
-0.250838 -0.000000 
-0.001618 0.000000 
-0.671250 0.000000 
-0.569737 0.000000 
0.624128 0.000000 
0.743295 0.000000 
-0.423218 0.000000 
0.254971 0.000000 
-0.652890 -0.000000 
0.115352 -0.000000 
-0.258543 0.000000 
0.485557 0.000000 
0.057682 0.000000 
0.601776 0.000000 
-0.689979 -0.000000 
-0.294969 0.000000 
1.035776 -0.000000 
-0.132083 0.000000 
0.304380 -0.000000 
0.389075 -0.000000 
0.009524 0.000000 
0.256858 0.000000 
0.442510 -0.000000 
0.569211 0.000000 
-0.011650 -0.000000 
-0.414223 0.000000 
0.360893 0.000000 
0.505076 0.000000 
-0.436708 0.000000 
0.325476 0.000000 
0.067151 0.000000 
-0.124702 -0.000000 
-0.489416 0.000000 
0.454926 0.000000 
0.081848 0.000000 
-0.274984 -0.000000 
1.051771 0.000000 
-0.321570 -0.000000 
-0.346384 0.000000 
-0.256180 0.000000 
0.322205 0.000000 
0.331440 0.000000 
-0.445363 0.000000 
-0.185785 0.000000 
0.149255 -0.000000 
0.164986 0.000000 
-0.054862 0.000000 
-0.920186 0.000000 
0.237383 0.000000 
0.748034 0.000000 
0.748405 -0.000000 
0.561754 0.000000 
-0.201007 -0.000000 
-0.404436 0.000000 
-0.190507 0.000000 
0.392116 -0.000000 
0.067903 -0.000000 
-0.218458 -0.000000 
0.042347 -0.000000 
0.068454 0.000000 
0.006205 -0.000000 
0.249690 0.000000 
-0.242731 0.000000 
-0.084990 0.000000 
1.048932 -0.000000 
-0.753359 0.000000 
0.646275 -0.000000 
0.128217 0.000000 
-0.475959 0.000000 
0.055513 0.000000 
0.888157 0.000000 
0.415013 0.000000 
0.092156 -0.000000 
-0.542849 0.000000 
-0.611800 -0.000000 
1.514662 0.000000 
-0.408209 0.000000 
0.330988 0.000000 
0.181367 -0.000000 
-0.498538 0.000000 
0.366794 0.000000 
-0.105412 0.000000 
-1.149902 0.000000 
-1.037516 0.000000 
-0.734761 -0.000000 
-0.475934 0.000000 
-0.352959 -0.000000 
-0.333732 0.000000 
0.397000 0.000000 
-0.419425 0.000000 
-0.134916 -0.000000 
0.128110 0.000000 
-0.272973 0.000000 
-0.687104 0.000000 
0.344640 -0.000000 
0.211960 -0.000000 
0.115822 -0.000000 
0.400951 -0.000000 
0.968474 0.000000 
-0.413114 0.000000 
0.445042 0.000000 
0.948717 0.000000 
0.741868 -0.000000 
0.196973 0.000000 
0.457731 -0.000000 
0.519714 0.000000 
-0.326751 0.000000 
-0.637230 0.000000 
-0.021635 -0.000000 
0.880164 -0.000000 
0.699587 0.000000 
-0.283884 0.000000 
0.270497 -0.000000 
0.917271 0.000000 
-0.725447 0.000000 
-0.717216 0.000000 
1.165402 0.000000 
0.242825 -0.000000 
0.023631 -0.000000 
0.025114 0.000000 
-0.455842 0.000000 
0.374964 0.000000 
-0.320860 0.000000 
0.253542 0.000000 
0.296695 0.000000 
0.081847 -0.000000 
-0.313211 0.000000 
0.221487 0.000000 
-0.219012 0.000000 
-0.266016 0.000000 
0.436973 0.000000 
-0.375188 -0.000000 
0.590156 0.000000 
-1.074319 -0.000000 
-0.278382 -0.000000 
0.235680 0.000000 
-0.770769 0.000000 
-0.262296 0.000000 
0.716138 0.000000 
-0.430397 -0.000000 
-0.417147 -0.000000 
0.218094 0.000000 
-0.172184 0.000000 
-0.358395 0.000000 
-0.411597 0.000000 
-0.078697 -0.000000 
0.251281 -0.000000 
-0.812842 0.000000 
0.817153 0.000000 
-0.404932 0.000000 
-0.215920 0.000000 
-0.106164 -0.000000 
0.139641 0.000000 
-0.872557 0.000000 
-0.491219 -0.000000 
-0.044108 0.000000 
-0.008446 0.000000 
0.174976 0.000000 
0.795798 0.000000 
-0.023054 -0.000000 
-0.094079 0.000000 
-0.121045 0.000000 
0.358382 -0.000000 
0.488500 0.000000 
0.150141 0.000000 
-0.489431 0.000000 
-0.267485 0.000000 
0.336016 0.000000 
-0.305076 -0.000000 
0.102119 0.000000 
-0.370761 -0.000000 
0.000308 0.000000 
0.318655 0.000000 
0.008316 0.000000 
-0.370198 0.000000 
0.876902 0.000000 
-0.407689 -0.000000 
-0.637148 -0.000000 
-0.211825 -0.000000 
-0.294864 -0.000000 
-0.195050 -0.000000 
-0.195613 0.000000 
-0.058488 0.000000 
-0.234519 -0.000000 
-0.534125 0.000000 
0.303289 0.000000 
0.678778 0.000000 
0.449540 0.000000 
-0.830760 0.000000 
-0.058855 0.000000 
-0.002181 -0.000000 
0.504915 0.000000 
0.702760 -0.000000 
-0.046895 0.000000 
0.315324 0.000000 
-0.547642 0.000000 
0.268092 -0.000000 
0.087300 0.000000 
-0.026352 0.000000 
0.314245 0.000000 
0.976355 0.000000 
0.812464 -0.000000 
-0.089038 0.000000 
0.186797 0.000000 
-0.591388 -0.000000 
0.838754 0.000000 
-0.515539 0.000000 
-0.736709 0.000000 
-0.394160 0.000000 
0.445402 0.000000 
0.324661 0.000000 
-0.281930 0.000000 
-0.510923 0.000000 
-0.530014 -0.000000 
-1.088218 0.000000 
-0.975576 0.000000 
-0.323801 0.000000 
-0.709465 0.000000 
-1.242570 0.000000 
-0.070324 0.000000 
0.076535 -0.000000 
-0.452705 0.000000 
-0.023613 0.000000 
0.696601 0.000000 
-0.312087 0.000000 
-0.637394 0.000000 
-0.040535 0.000000 
0.387856 -0.000000 
-0.244504 0.000000 
-0.031616 0.000000 
0.600031 -0.000000 
-0.323415 0.000000 
0.781618 0.000000 
0.010598 -0.000000 
0.523989 0.000000 
-0.245806 -0.000000 
0.010413 0.000000 
0.198450 -0.000000 
0.649644 -0.000000 
0.143091 0.000000 
0.536634 0.000000 
0.030398 0.000000 
-0.759487 0.000000 
1.089588 0.000000 
0.654625 -0.000000 
-0.334239 0.000000 
0.586254 0.000000 
0.169632 0.000000 
0.424211 -0.000000 
-0.218692 0.000000 
-0.407734 0.000000 
-0.603166 0.000000 
0.102742 -0.000000 
-0.942661 -0.000000 
-0.209887 0.000000 
-0.066332 -0.000000 
-0.255918 0.000000 
-0.205877 -0.000000 
0.189764 0.000000 
-0.024730 -0.000000 
1.346246 0.000000 
-0.081283 -0.000000 
-0.080848 -0.000000 
-0.442243 0.000000 
0.109081 0.000000 
0.492652 0.000000 
0.361679 0.000000 
-0.481351 0.000000 
0.141746 0.000000 
-0.093025 -0.000000 
0.512393 0.000000 
-0.357483 0.000000 
-0.387588 -0.000000 
1.063367 0.000000 
-1.034342 -0.000000 
0.358970 0.000000 
-0.224226 -0.000000 
0.496732 0.000000 
-0.633646 0.000000 
0.077177 0.000000 
0.109128 0.000000 
0.469746 0.000000 
-0.251732 -0.000000 
0.371605 0.000000 
0.669942 0.000000 
0.081030 0.000000 
-0.142956 0.000000 
1.300969 0.000000 
0.040323 0.000000 
-0.336239 0.000000 
-0.296682 -0.000000 
0.326221 -0.000000 
-0.489201 0.000000 
0.531542 0.000000 
0.357430 -0.000000 
-0.322573 -0.000000 
-0.079916 0.000000 
-0.497247 0.000000 
0.621551 0.000000 
-0.264096 -0.000000 
0.731761 0.000000 
0.165755 0.000000 
0.159562 -0.000000 
-0.897450 0.000000 
1.234832 0.000000 
-0.177458 -0.000000 
-0.327161 0.000000 
0.055437 0.000000 
0.099248 -0.000000 
-0.094747 -0.000000 
-0.195182 0.000000 
-0.447645 0.000000 
-1.066628 0.000000 
-0.422911 0.000000 
0.461195 0.000000 
0.196085 0.000000 
-0.181361 0.000000 
0.127122 -0.000000 
0.499683 0.000000 
0.700428 0.000000 
-0.876140 0.000000 
-0.626518 0.000000 
0.596303 0.000000 
-0.517999 0.000000 
-0.786438 0.000000 
0.448031 0.000000 
0.123138 0.000000 
-0.350421 -0.000000 
0.264765 0.000000 
0.511330 -0.000000 
-0.621606 0.000000 
0.797105 0.000000 
0.289782 -0.000000 
0.722868 0.000000 
0.347129 0.000000 
-1.173583 0.000000 
0.764917 -0.000000 
0.937914 0.000000 
-0.110287 -0.000000 
0.900069 -0.000000 
-0.015915 0.000000 
0.031231 0.000000 
-0.413430 -0.000000 
0.391879 0.000000 
-0.612263 0.000000 
-0.307254 -0.000000 
-0.556160 0.000000 
-0.157455 0.000000 
-0.016382 0.000000 
0.053730 0.000000 
1.361186 0.000000 
0.283766 0.000000 
0.000029 0.000000 
0.270514 0.000000 
-0.291456 0.000000 
0.769198 -0.000000 
0.748871 -0.000000 
1.216645 0.000000 
-0.067894 0.000000 
-0.410138 0.000000 
-0.410623 -0.000000 
0.004202 0.000000 
-0.337874 0.000000 
-0.281358 0.000000 
0.896449 -0.000000 
-0.077107 -0.000000 
-0.221859 -0.000000 
0.451549 0.000000 
0.529178 0.000000 
0.065779 0.000000 
-0.088217 0.000000 
0.998652 -0.000000 
-0.489429 0.000000 
-0.016488 0.000000 
-0.623898 -0.000000 
-0.484654 0.000000 
0.575717 0.000000 
-0.376168 0.000000 
-0.067527 0.000000 
-0.088791 -0.000000 
0.206944 0.000000 
-0.178842 0.000000 
-0.759374 -0.000000 
0.573863 0.000000 
0.259499 -0.000000 
0.533075 -0.000000 
-0.124980 -0.000000 
-0.598502 -0.000000 
-0.289600 0.000000 
-0.289114 -0.000000 
-0.519119 -0.000000 
-0.067301 0.000000 
-0.230620 0.000000 
-0.535501 0.000000 
0.597895 -0.000000 
0.040366 -0.000000 
0.002076 0.000000 
0.118583 -0.000000 
-0.413120 0.000000 
-0.636032 0.000000 
-0.309913 -0.000000 
-1.158056 -0.000000 
0.490305 -0.000000 
0.236026 0.000000 
0.316500 0.000000 
0.187139 0.000000 
-0.130716 -0.000000 
-0.551880 -0.000000 
0.733746 -0.000000 
0.013270 0.000000 
-0.034890 0.000000 
-0.789735 -0.000000 
0.370746 0.000000 
-1.624407 -0.000000 
-0.477782 -0.000000 
-0.370925 0.000000 
-0.317034 -0.000000 
-0.054610 0.000000 
0.083485 0.000000 
0.351016 -0.000000 
0.019824 0.000000 
-0.320433 0.000000 
-0.122096 0.000000 
0.031825 -0.000000 
1.301824 0.000000 
0.294611 -0.000000 
0.353139 0.000000 
0.290114 0.000000 
-0.344427 0.000000 
-0.575678 -0.000000 
-0.026779 0.000000 
-0.653077 0.000000 
-0.469599 0.000000 
-0.018781 0.000000 
0.338159 0.000000 
0.398628 -0.000000 
0.258496 0.000000 
0.000347 0.000000 
-0.232070 0.000000 
0.224854 -0.000000 
-0.339564 -0.000000 
0.270661 0.000000 
0.634466 0.000000 
0.335341 -0.000000 
-0.167255 -0.000000 
-1.147895 0.000000 
0.212344 0.000000 
-0.773550 -0.000000 
0.863249 -0.000000 
-0.263053 0.000000 
0.034493 0.000000 
-0.220678 0.000000 
0.241020 -0.000000 
-0.687696 -0.000000 
-0.937814 0.000000 
0.010981 0.000000 
0.390423 -0.000000 
0.318117 -0.000000 
0.250272 -0.000000 
0.569074 -0.000000 
-1.119503 -0.000000 
0.699522 -0.000000 
-0.437931 0.000000 
-0.042504 -0.000000 
-0.102499 -0.000000 
1.257271 0.000000 
0.577579 0.000000 
-0.153555 -0.000000 
-0.199968 0.000000 
-0.443805 0.000000 
0.150641 0.000000 
0.119530 -0.000000 
0.400657 -0.000000 
-0.380353 0.000000 
0.409456 0.000000 
0.077110 0.000000 
-0.233589 -0.000000 
-0.302629 0.000000 
0.313440 -0.000000 
0.404785 -0.000000 
0.917513 -0.000000 
0.153141 -0.000000 
-0.534008 0.000000 
0.104174 -0.000000 
0.521061 0.000000 
-0.465999 0.000000 
-0.713139 -0.000000 
0.429925 -0.000000 
-0.080928 -0.000000 
0.189272 0.000000 
-0.487253 0.000000 
-0.640888 0.000000 
0.662901 0.000000 
0.686010 0.000000 
0.559983 -0.000000 
-0.164915 0.000000 
-0.486039 0.000000 
0.544590 0.000000 
-0.450639 -0.000000 
-0.157638 0.000000 
0.335851 -0.000000 
0.461733 0.000000 
0.030505 0.000000 
-0.289734 -0.000000 
0.496380 0.000000 
0.021717 0.000000 
0.092820 0.000000 
0.413943 -0.000000 
0.887755 0.000000 
-0.002381 0.000000 
-0.092067 -0.000000 
0.189813 0.000000 
-0.169512 0.000000 
0.460433 0.000000 
0.593065 0.000000 
1.217072 0.000000 
-0.573237 0.000000 
0.471357 -0.000000 
0.367692 0.000000 
-0.014589 0.000000 
0.071813 -0.000000 
-1.019836 -0.000000 
0.353006 0.000000 
0.231779 0.000000 
-0.070214 0.000000 
-0.020299 0.000000 
0.224614 -0.000000 
-0.057714 -0.000000 
0.051413 0.000000 
-0.184148 0.000000 
-0.517628 0.000000 
0.461244 0.000000 
0.407496 0.000000 
-0.137282 0.000000 
0.628893 0.000000 
-0.777713 0.000000 
0.245284 0.000000 
0.718921 0.000000 
-0.431327 0.000000 
0.280973 0.000000 
-1.077127 0.000000 
-0.850963 -0.000000 
-0.294568 0.000000 
0.188261 -0.000000 
0.830383 0.000000 
-0.453724 -0.000000 
-1.124920 -0.000000 
-0.335331 0.000000 
-0.822876 -0.000000 
-0.075764 0.000000 
0.401303 0.000000 
0.509250 0.000000 
-0.181547 0.000000 
0.515091 0.000000 
0.586462 0.000000 
-0.353508 0.000000 
0.300769 0.000000 
-1.117038 -0.000000 
0.162360 0.000000 
-0.327910 -0.000000 
-0.549194 -0.000000 
0.329122 0.000000 
0.881641 0.000000 
-0.833106 0.000000 
0.288367 0.000000 
0.024816 0.000000 
-0.488269 -0.000000 
-0.455239 0.000000 
-0.837199 -0.000000 
0.192840 0.000000 
0.550032 0.000000 
-0.404344 -0.000000 
-0.319982 0.000000 
-0.045309 -0.000000 
-0.214997 0.000000 
0.189331 -0.000000 
-0.447127 0.000000 
0.036980 -0.000000 
-0.190388 0.000000 
0.081942 -0.000000 
-0.084952 -0.000000 
0.614487 -0.000000 
0.309161 -0.000000 
-0.186133 0.000000 
0.130113 0.000000 
0.165132 0.000000 
-0.044322 0.000000 
0.402267 0.000000 
-0.027517 0.000000 
-0.034077 -0.000000 
-0.951420 -0.000000 
0.112483 -0.000000 
-0.270236 -0.000000 
1.000093 -0.000000 
0.667447 -0.000000 
-0.373454 0.000000 
0.230209 -0.000000 
0.145197 0.000000 
0.265336 -0.000000 
-0.399752 -0.000000 
0.505423 0.000000 
0.123111 -0.000000 
-0.327575 -0.000000 
-0.556425 0.000000 
0.281754 0.000000 
-0.235686 0.000000 
-0.486081 0.000000 
0.104180 0.000000 
-0.288155 -0.000000 
-0.095516 0.000000 
0.617220 0.000000 
0.405881 0.000000 
-0.113528 0.000000 
0.184033 -0.000000 
-0.102010 -0.000000 
1.001157 0.000000 
0.992056 -0.000000 
-0.955189 0.000000 
-0.148974 0.000000 
-0.259146 0.000000 
-0.851492 0.000000 
-0.256620 0.000000 
-0.269310 -0.000000 
0.006547 0.000000 
0.328984 0.000000 
-0.441853 0.000000 
-0.057550 0.000000 
-0.920476 -0.000000 
-0.340358 0.000000 
-0.005419 0.000000 
0.432435 -0.000000 
0.638008 -0.000000 
0.354673 0.000000 
0.656771 -0.000000 
0.437522 0.000000 
-0.847565 0.000000 
0.349116 0.000000 
-0.196683 0.000000 
0.324151 -0.000000 
1.025485 0.000000 
-0.115796 0.000000 
0.219555 -0.000000 
-0.023270 0.000000 
0.116935 0.000000 
-0.379065 0.000000 
-0.322352 0.000000 
0.355678 -0.000000 
0.639228 -0.000000 
-0.250222 0.000000 
-0.149090 0.000000 
0.251527 0.000000 
0.302478 -0.000000 
-0.144342 0.000000 
-0.118274 0.000000 
0.226443 -0.000000 
-0.571897 0.000000 
0.467777 0.000000 
-0.777316 0.000000 
1.270034 -0.000000 
-0.263265 0.000000 
0.296479 0.000000 
0.696055 0.000000 
-0.739984 0.000000 
-0.423829 -0.000000 
0.035467 0.000000 
-0.204380 0.000000 
-1.201331 0.000000 
-0.657709 0.000000 
-0.095233 0.000000 
-0.175968 -0.000000 
-0.372424 -0.000000 
0.132575 -0.000000 
0.112576 -0.000000 
0.159592 0.000000 
-0.105388 -0.000000 
0.016433 -0.000000 
0.671968 0.000000 
-0.232551 -0.000000 
-0.037232 0.000000 
-0.339185 0.000000 
-0.456991 0.000000 
-0.032414 -0.000000 
-0.849205 0.000000 
0.842126 -0.000000 
0.232141 0.000000 
0.844804 -0.000000 
-0.092871 0.000000 
-0.148075 0.000000 
-0.300181 -0.000000 
-0.759167 0.000000 
0.297993 -0.000000 
0.278006 -0.000000 
-0.056705 -0.000000 
0.308400 -0.000000 
0.252741 0.000000 
1.532326 0.000000 
0.646195 -0.000000 
-0.096382 0.000000 
0.211607 0.000000 
0.826373 -0.000000 
0.329683 0.000000 
-0.931171 0.000000 
0.113513 0.000000 
1.339007 0.000000 
-0.175628 -0.000000 
0.273784 0.000000 
0.793033 -0.000000 
-0.090922 0.000000 
0.093089 -0.000000 
-1.209803 0.000000 
-0.171594 0.000000 
-0.125614 0.000000 
0.074762 0.000000 
0.190333 0.000000 
-0.114883 0.000000 
0.353411 0.000000 
0.464579 -0.000000 
0.163685 0.000000 
-0.129451 -0.000000 
-0.163493 0.000000 
-0.629450 0.000000 
0.153036 -0.000000 
-0.541714 0.000000 
-0.015385 0.000000 
0.813612 0.000000 
0.401235 0.000000 
-0.141856 0.000000 
1.000238 0.000000 
-0.034634 0.000000 
0.102179 0.000000 
0.672721 0.000000 
0.540571 -0.000000 
-0.156590 0.000000 
0.345054 -0.000000 
0.035479 -0.000000 
0.383647 0.000000 
-0.236588 0.000000 
0.135885 0.000000 
-0.548624 0.000000 
0.182864 -0.000000 
0.601961 0.000000 
0.218751 -0.000000 
0.374902 -0.000000 
-0.057034 0.000000 
-0.748819 0.000000 
-0.032787 0.000000 
-0.395997 -0.000000 
0.448906 0.000000 
-0.714822 0.000000 
0.467608 0.000000 
0.234477 0.000000 
0.406753 0.000000 
0.767979 0.000000 
0.655924 -0.000000 
0.189189 0.000000 
-0.794374 0.000000 
-0.200620 0.000000 
0.878334 0.000000 
-0.111157 0.000000 
0.307579 0.000000 
0.631578 -0.000000 
-0.395855 0.000000 
-0.058783 0.000000 
1.171091 0.000000 
-0.004497 0.000000 
0.005727 0.000000 
-0.309340 0.000000 
0.137022 -0.000000 
0.090619 -0.000000 
-0.022793 0.000000 
0.355228 -0.000000 
-0.171890 -0.000000 
0.470016 0.000000 
0.015105 0.000000 
-0.118823 0.000000 
0.387618 0.000000 
-0.673689 0.000000 
0.558217 0.000000 
0.362737 0.000000 
-0.085321 0.000000 
-0.505706 0.000000 
-0.095211 0.000000 
0.555693 0.000000 
0.358008 -0.000000 
0.582883 0.000000 
0.667511 0.000000 
0.474231 0.000000 
0.005353 -0.000000 
-0.566619 0.000000 
-0.313079 0.000000 
-0.201122 -0.000000 
0.880600 -0.000000 
-0.499980 -0.000000 
-0.921602 0.000000 
-0.432031 -0.000000 
0.052478 -0.000000 
-0.331892 0.000000 
0.206373 0.000000 
0.064238 0.000000 
0.520004 0.000000 
0.881081 -0.000000 
-0.541914 -0.000000 
0.457201 0.000000 
-0.180535 0.000000 
0.244015 0.000000 
-0.263954 0.000000 
-0.322335 0.000000 
0.569763 0.000000 
-0.043787 0.000000 
-0.099376 0.000000 
-0.073217 -0.000000 
-1.145775 0.000000 
0.106832 -0.000000 
0.358765 0.000000 
-0.057736 -0.000000 
-0.250698 -0.000000 
0.200001 0.000000 
0.587944 0.000000 
0.061480 -0.000000 
0.459473 -0.000000 
0.057656 -0.000000 
-0.413670 -0.000000 
0.410841 0.000000 
0.494545 0.000000 
0.065661 -0.000000 
0.328515 0.000000 
-0.497358 -0.000000 
0.150730 0.000000 
0.175598 -0.000000 
0.384611 0.000000 
-0.173275 0.000000 
0.271993 -0.000000 
-0.312824 0.000000 
0.384824 0.000000 
0.611002 -0.000000 
0.348195 0.000000 
-0.892620 0.000000 
0.318603 -0.000000 
0.084526 -0.000000 
0.354192 0.000000 
-0.332247 0.000000 
0.111784 -0.000000 
-0.998356 0.000000 
-0.295792 0.000000 
0.016394 0.000000 
0.190969 0.000000 
-0.243763 -0.000000 
0.377933 -0.000000 
-0.275112 -0.000000 
-0.196956 -0.000000 
0.432943 0.000000 
-0.010884 0.000000 
0.338414 -0.000000 
-0.516710 0.000000 
0.918421 0.000000 
1.137355 0.000000 
-0.579302 0.000000 
-0.314244 0.000000 
0.030843 0.000000 
0.760673 0.000000 
-0.196099 -0.000000 
-0.110510 0.000000 
-0.186236 0.000000 
-0.391767 0.000000 
-0.202081 0.000000 
-0.203102 0.000000 
0.442010 0.000000 
-0.545294 0.000000 
-0.103405 0.000000 
0.348675 0.000000 
-0.829091 -0.000000 
0.342313 0.000000 
0.859388 0.000000 
0.022393 -0.000000 
0.222642 0.000000 
0.225333 -0.000000 
-0.301656 0.000000 
0.166910 0.000000 
0.017246 -0.000000 
-0.795296 0.000000 
0.603630 0.000000 
0.289968 0.000000 
0.593220 0.000000 
0.015209 0.000000 
-0.644868 0.000000 
-0.274826 0.000000 
-0.115389 -0.000000 
-0.672226 -0.000000 
0.834390 -0.000000 
-0.448429 0.000000 
-0.386852 0.000000 
-0.256849 -0.000000 
-0.302749 0.000000 
-0.014065 0.000000 
-1.011070 0.000000 
0.622376 0.000000 
-0.172925 0.000000 
-0.250073 0.000000 
-0.282689 0.000000 
-0.554236 0.000000 
0.575493 0.000000 
-0.119862 0.000000 
-0.000263 0.000000 
-0.436553 0.000000 
-0.779539 0.000000 
0.003140 0.000000 
0.313950 -0.000000 
-0.354499 0.000000 
0.169971 0.000000 
0.424047 0.000000 
0.904963 -0.000000 
0.229891 -0.000000 
0.220820 0.000000 
0.106503 0.000000 
0.521851 -0.000000 
1.171461 -0.000000 
0.360393 0.000000 
0.214657 0.000000 
-0.068553 -0.000000 
0.173134 0.000000 
-0.277418 0.000000 
0.449676 -0.000000 
0.485991 -0.000000 
0.205673 -0.000000 
0.983488 -0.000000 
1.190753 0.000000 
0.034494 0.000000 
-0.266601 -0.000000 
-0.299031 0.000000 
-0.384880 -0.000000 
0.283006 0.000000 
0.763834 0.000000 
0.384248 -0.000000 
-1.216924 -0.000000 
0.087659 0.000000 
-0.180309 0.000000 
0.687946 0.000000 
-0.062661 -0.000000 
0.333953 -0.000000 
0.743386 0.000000 
-0.156733 0.000000 
0.190545 0.000000 
-0.196646 -0.000000 
-0.151973 0.000000 
-0.390347 0.000000 
-1.106730 0.000000 
0.203636 0.000000 
0.120383 -0.000000 
0.184030 0.000000 
-0.125608 0.000000 
-0.150629 0.000000 
-0.076616 0.000000 
0.416957 0.000000 
0.050566 0.000000 
0.214267 0.000000 
0.017259 0.000000 
-0.292201 0.000000 
-0.090905 -0.000000 
-0.300844 -0.000000 
0.311461 0.000000 
-0.324976 0.000000 
0.887770 -0.000000 
-0.386719 0.000000 
-0.317606 0.000000 
0.996347 -0.000000 
1.096505 -0.000000 
-0.272011 0.000000 
0.373381 0.000000 
1.101573 0.000000 
0.008437 0.000000 
-0.728074 0.000000 
-0.631690 0.000000 
-0.084198 0.000000 
-0.424501 0.000000 
0.909792 0.000000 
-0.680410 0.000000 
-0.927744 0.000000 
-0.407062 0.000000 
-0.443252 0.000000 
-0.861293 0.000000 
0.160892 0.000000 
-0.011012 -0.000000 
-0.020496 0.000000 
-0.341227 -0.000000 
-0.473112 -0.000000 
-0.269041 -0.000000 
0.342760 0.000000 
0.307401 0.000000 
0.661275 0.000000 
0.463039 -0.000000 
-0.386528 -0.000000 
0.402324 -0.000000 
0.629749 -0.000000 
0.404147 0.000000 
-0.986786 0.000000 
0.109154 0.000000 
-0.278699 -0.000000 
0.242363 0.000000 
1.113806 0.000000 
0.885274 -0.000000 
0.049411 0.000000 
-0.074448 0.000000 
-0.086981 0.000000 
0.576811 0.000000 
-0.613225 0.000000 
0.331780 0.000000 
0.021450 0.000000 
-0.692501 -0.000000 
-0.518327 -0.000000 
0.258976 0.000000 
-0.403107 0.000000 
0.351324 0.000000 
0.174543 -0.000000 
-0.061673 0.000000 
0.275381 -0.000000 
0.101878 0.000000 
-0.307670 0.000000 
-0.118987 0.000000 
-0.092278 0.000000 
0.488122 0.000000 
-0.276447 -0.000000 
-0.127680 0.000000 
-0.290774 0.000000 
-0.668478 0.000000 
0.063292 0.000000 
-0.896128 0.000000 
-0.117874 0.000000 
-0.427501 -0.000000 
0.341718 -0.000000 
0.811094 -0.000000 
-0.171230 0.000000 
0.188201 0.000000 
-0.671276 0.000000 
-0.301089 0.000000 
-0.038759 -0.000000 
-0.672125 0.000000 
-0.085211 -0.000000 
-0.147557 -0.000000 
0.314450 0.000000 
-0.776081 0.000000 
1.181228 0.000000 
-0.008786 -0.000000 
0.946319 0.000000 
0.253280 0.000000 
0.989510 0.000000 
0.456703 0.000000 
0.720243 -0.000000 
-0.697822 0.000000 
-0.498302 0.000000 
0.217568 -0.000000 
1.524733 0.000000 
-0.315910 -0.000000 
-0.694885 0.000000 
-1.018821 -0.000000 
0.360739 0.000000 
-0.256066 -0.000000 
-0.141338 0.000000 
0.224830 0.000000 
0.404360 0.000000 
0.015831 -0.000000 
-0.731959 0.000000 
0.106514 0.000000 
0.004551 0.000000 
0.100145 -0.000000 
0.085096 0.000000 
0.586245 0.000000 
0.043189 -0.000000 
-0.373587 0.000000 
-0.757980 0.000000 
-0.458789 0.000000 
-0.881575 -0.000000 
-0.182778 0.000000 
0.177136 0.000000 
-1.134118 0.000000 
-0.573757 0.000000 
0.708029 -0.000000 
0.124327 0.000000 
-0.306392 -0.000000 
-0.411288 0.000000 
-0.713630 0.000000 
-0.002804 0.000000 
-0.347784 -0.000000 
-0.028534 0.000000 
-0.313253 -0.000000 
-0.529167 0.000000 
-0.204781 0.000000 
-0.033263 0.000000 
0.180551 -0.000000 
0.222892 -0.000000 
0.262722 0.000000 
-0.549100 -0.000000 
0.291483 0.000000 
-0.355925 0.000000 
0.354234 -0.000000 
-0.140454 -0.000000 
-1.380044 0.000000 
-0.398263 0.000000 
0.776734 0.000000 
-0.023451 0.000000 
0.066737 0.000000 
-0.911122 0.000000 
0.502789 0.000000 
0.072820 -0.000000 
0.272033 0.000000 
0.790812 0.000000 
-0.605159 0.000000 
0.407399 -0.000000 
0.504102 0.000000 
-0.626254 0.000000 
-0.115350 0.000000 
-0.292516 -0.000000 
-0.885934 0.000000 
-0.180269 0.000000 
-0.114372 -0.000000 
-0.806377 -0.000000 
-0.254803 0.000000 
0.224152 0.000000 
0.470650 0.000000 
0.170766 0.000000 
-0.501638 0.000000 
0.577813 0.000000 
0.190205 0.000000 
-0.193338 -0.000000 
-0.485917 -0.000000 
0.681579 0.000000 
-0.022031 0.000000 
-0.510393 0.000000 
0.087699 0.000000 
0.540400 0.000000 
-0.844123 0.000000 
-0.376019 0.000000 
-0.281006 -0.000000 
0.187245 0.000000 
-0.516211 0.000000 
-0.659045 0.000000 
0.798112 0.000000 
-0.351827 0.000000 
-0.111204 0.000000 
-0.891610 0.000000 
-0.078680 0.000000 
0.198354 -0.000000 
-0.680970 0.000000 
0.476316 0.000000 
0.126428 0.000000 
-0.180151 0.000000 
-0.478280 -0.000000 
0.739721 -0.000000 
0.049971 0.000000 
-0.061445 0.000000 
-0.197402 0.000000 
-0.306594 -0.000000 
0.088376 0.000000 
-0.151519 0.000000 
0.839790 -0.000000 
-0.481942 0.000000 
0.116396 -0.000000 
-0.007393 -0.000000 
0.258269 0.000000 
-0.048348 -0.000000 
-0.272357 0.000000 
0.412522 0.000000 
-0.645039 0.000000 
-0.047494 -0.000000 
-0.002699 0.000000 
0.480495 -0.000000 
-0.257218 0.000000 
-0.435936 0.000000 
-0.684871 -0.000000 
0.551364 0.000000 
-0.737743 0.000000 
1.108383 0.000000 
-0.282428 0.000000 
0.131598 0.000000 
-0.276451 0.000000 
-0.339883 0.000000 
-0.387835 0.000000 
0.249973 -0.000000 
0.896963 0.000000 
0.184473 -0.000000 
-0.701191 -0.000000 
-0.316776 0.000000 
-0.528111 -0.000000 
-0.196629 0.000000 
-0.235013 0.000000 
0.586995 0.000000 
0.250898 0.000000 
0.313370 0.000000 
-0.059478 -0.000000 
-0.052555 0.000000 
1.161438 0.000000 
-0.734532 0.000000 
-0.525032 0.000000 
0.184325 0.000000 
-0.017248 -0.000000 
0.274879 0.000000 
-0.259563 0.000000 
0.314308 -0.000000 
0.969507 0.000000 
-0.632567 -0.000000 
-0.146819 -0.000000 
0.273681 0.000000 
0.477300 0.000000 
0.130644 0.000000 
-0.241847 0.000000 
0.362216 -0.000000 
-0.315499 0.000000 
0.437470 0.000000 
-0.640488 -0.000000 
0.160726 0.000000 
-0.284438 -0.000000 
-0.434302 0.000000 
0.543781 0.000000 
-0.901223 0.000000 
1.027727 0.000000 
1.423480 -0.000000 
0.268831 0.000000 
0.808568 -0.000000 
0.234573 0.000000 
0.458503 0.000000 
-0.304163 0.000000 
0.158779 0.000000 
-0.330126 0.000000 
0.171743 0.000000 
0.187588 0.000000 
0.161443 -0.000000 
0.502448 0.000000 
-0.513082 -0.000000 
0.469304 0.000000 
-0.024616 0.000000 
0.368191 0.000000 
-0.244470 -0.000000 
-0.184130 0.000000 
-0.541894 0.000000 
-0.257424 0.000000 
-0.651364 -0.000000 
0.376047 -0.000000 
1.168973 0.000000 
0.732155 0.000000 
0.785431 0.000000 
0.687583 0.000000 
0.592269 0.000000 
-0.680038 -0.000000 
0.491958 0.000000 
-0.233235 0.000000 
1.173368 0.000000 
0.642225 0.000000 
-0.142244 0.000000 
0.424655 -0.000000 
0.318322 0.000000 
0.360817 -0.000000 
-0.544277 -0.000000 
-0.358182 -0.000000 
0.106011 0.000000 
-0.061290 0.000000 
0.585723 0.000000 
0.245452 0.000000 
-0.725715 0.000000 
0.338877 0.000000 
0.386491 0.000000 
1.367480 0.000000 
-0.973977 0.000000 
-0.546966 0.000000 
0.663141 0.000000 
-0.264432 -0.000000 
-0.283953 0.000000 
0.058962 0.000000 
0.489103 0.000000 
1.113278 0.000000 
-0.165086 0.000000 
-0.509210 0.000000 
-0.986770 -0.000000 
0.303840 0.000000 
-0.713151 -0.000000 
0.035948 0.000000 
0.570030 -0.000000 
0.348165 0.000000 
0.196204 0.000000 
0.094579 0.000000 
0.689603 0.000000 
-0.370349 0.000000 
0.357363 -0.000000 
-0.447551 0.000000 
0.655626 0.000000 
-0.600089 0.000000 
-0.262404 0.000000 
-0.237205 -0.000000 
-0.097418 0.000000 
-1.083905 0.000000 
0.183891 -0.000000 
-0.323780 0.000000 
0.561943 0.000000 
-0.207970 0.000000 
0.372614 -0.000000 
0.053549 0.000000 
-0.551540 0.000000 
0.814524 0.000000 
0.125950 0.000000 
0.681037 0.000000 
-0.132716 -0.000000 
0.211297 0.000000 
-0.557530 -0.000000 
-0.463193 -0.000000 
-0.112749 0.000000 
-0.181153 0.000000 
0.884376 0.000000 
-0.210586 0.000000 
-0.366097 -0.000000 
0.272053 0.000000 
-0.138135 0.000000 
0.321298 0.000000 
0.507768 0.000000 
0.390701 -0.000000 
0.731601 -0.000000 
0.273732 -0.000000 
-0.188130 -0.000000 
-0.515283 0.000000 
0.265000 -0.000000 
0.617711 0.000000 
-0.332493 0.000000 
0.572271 0.000000 
-0.313040 0.000000 
0.017208 -0.000000 
0.011695 -0.000000 
-0.069400 0.000000 
0.235501 -0.000000 
-0.237993 0.000000 
-0.753449 0.000000 
0.059078 0.000000 
0.268685 -0.000000 
0.082683 0.000000 
0.836814 0.000000 
0.403761 0.000000 
0.408049 0.000000 
0.678981 0.000000 
-0.627170 0.000000 
0.261928 0.000000 
-0.044986 -0.000000 
0.426841 0.000000 
0.684469 0.000000 
0.314055 -0.000000 
-0.255222 -0.000000 
0.443188 0.000000 
-0.454239 0.000000 
0.147070 -0.000000 
-0.618454 -0.000000 
0.324129 0.000000 
0.140015 0.000000 
0.214485 0.000000 
-0.169647 0.000000 
-0.191023 -0.000000 
-0.316039 0.000000 
1.047378 0.000000 
-0.504111 0.000000 
0.053989 0.000000 
1.129132 0.000000 
-0.502198 0.000000 
-0.119539 0.000000 
-0.172804 -0.000000 
-1.297364 0.000000 
0.083872 0.000000 
-0.015501 0.000000 
0.148697 0.000000 
0.525316 0.000000 
-0.312760 0.000000 
-0.028877 0.000000 
-0.199657 0.000000 
0.895646 0.000000 
0.345290 0.000000 
0.231340 0.000000 
-0.596052 0.000000 
-0.284904 0.000000 
0.641089 0.000000 
-0.186276 -0.000000 
-0.515897 -0.000000 
-0.173940 0.000000 
1.316548 0.000000 
0.353877 -0.000000 
0.159222 0.000000 
-0.539071 -0.000000 
0.224341 -0.000000 
-0.709079 0.000000 
-0.165893 0.000000 
0.339595 0.000000 
-0.131104 0.000000 
-0.607086 -0.000000 
-0.019261 -0.000000 
-0.313918 0.000000 
-0.730023 0.000000 
0.244377 -0.000000 
0.600694 0.000000 
-0.077018 0.000000 
-0.263946 0.000000 
0.374810 0.000000 
-0.125022 0.000000 
0.069050 0.000000 
0.231055 0.000000 
0.932748 -0.000000 
0.319013 0.000000 
-0.548139 0.000000 
0.929747 0.000000 
0.156679 0.000000 
0.438424 0.000000 
0.048727 0.000000 
0.064542 0.000000 
1.707242 0.000000 
0.045597 0.000000 
0.303188 0.000000 
0.157615 0.000000 
-0.101217 0.000000 
0.877002 0.000000 
-0.496985 0.000000 
-0.180831 -0.000000 
0.457611 0.000000 
-0.271568 0.000000 
0.677479 -0.000000 
0.195397 0.000000 
0.781363 0.000000 
-0.556059 -0.000000 
0.372755 0.000000 
-0.839397 -0.000000 
-0.052358 0.000000 
0.205285 0.000000 
-0.116505 -0.000000 
-0.023392 0.000000 
1.025549 0.000000 
0.299248 0.000000 
0.160833 0.000000 
0.702957 0.000000 
0.469413 -0.000000 
0.477306 -0.000000 
-1.153720 0.000000 
-0.194897 0.000000 
0.042285 -0.000000 
0.068521 0.000000 
0.346834 -0.000000 
-0.773993 0.000000 
-0.647792 0.000000 
0.521166 0.000000 
-0.147330 0.000000 
0.003879 -0.000000 
0.750141 0.000000 
0.094676 -0.000000 
0.042248 0.000000 
0.700910 -0.000000 
-0.884085 0.000000 
0.096280 -0.000000 
-0.754940 -0.000000 
-0.192773 0.000000 
0.034954 0.000000 
-0.496220 0.000000 
-1.122524 0.000000 
-0.766545 0.000000 
0.817387 0.000000 
0.285774 0.000000 
0.368058 0.000000 
0.534439 0.000000 
-0.445088 0.000000 
0.330546 0.000000 
0.334720 0.000000 
-0.008960 -0.000000 
0.060005 0.000000 
-0.470943 0.000000 
-0.158265 0.000000 
0.399696 -0.000000 
0.058702 0.000000 
0.177491 0.000000 
-0.785125 0.000000 
-0.642409 0.000000 
1.173868 0.000000 
-0.363807 0.000000 
-0.275697 -0.000000 
0.468137 -0.000000 
0.589454 0.000000 
-0.584128 -0.000000 
0.165819 -0.000000 
0.605293 0.000000 
-0.069913 0.000000 
0.269109 0.000000 
0.463746 -0.000000 
0.126044 0.000000 
-0.062351 -0.000000 
0.395554 0.000000 
-0.554388 0.000000 
0.585613 -0.000000 
-0.261099 0.000000 
0.262606 -0.000000 
0.647294 0.000000 
0.201258 -0.000000 
-0.176762 0.000000 
-0.223347 0.000000 
0.112745 0.000000 
0.052692 0.000000 
-0.180533 0.000000 
-0.668796 0.000000 
-0.026394 0.000000 
0.209683 -0.000000 
-0.478035 0.000000 
0.210044 0.000000 
-0.393177 -0.000000 
-0.628230 -0.000000 
0.379071 0.000000 
0.493773 0.000000 
-0.037975 0.000000 
-0.359251 0.000000 
0.626883 -0.000000 
-0.027539 -0.000000 
-0.315503 0.000000 
-0.305013 0.000000 
0.804055 0.000000 
-0.253899 0.000000 
1.085191 0.000000 
-1.393158 0.000000 
0.071600 0.000000 
-0.134599 0.000000 
0.527429 -0.000000 
-0.728271 -0.000000 
-0.822032 0.000000 
0.329433 0.000000 
0.075663 -0.000000 
-0.349628 0.000000 
-0.839361 -0.000000 
0.141071 -0.000000 
-0.077649 0.000000 
-0.075991 -0.000000 
-0.185448 0.000000 
0.437539 0.000000 
-0.555464 0.000000 
-0.563486 0.000000 
0.001576 0.000000 
-0.011239 0.000000 
-0.091614 0.000000 
-0.146398 -0.000000 
0.509826 0.000000 
-1.206597 0.000000 
-0.545738 0.000000 
-0.209618 0.000000 
0.710921 -0.000000 
-0.042779 0.000000 
0.311099 -0.000000 
-0.398823 0.000000 
-0.129105 -0.000000 
0.414928 -0.000000 
0.121377 0.000000 
0.584401 0.000000 
-1.105259 0.000000 
0.627926 0.000000 
0.268310 0.000000 
-0.898322 0.000000 
0.169357 -0.000000 
0.064705 0.000000 
0.288230 0.000000 
-0.370756 0.000000 
0.060655 0.000000 
-0.138149 -0.000000 
0.067088 0.000000 
-1.095390 0.000000 
0.547356 0.000000 
-0.207808 0.000000 
-0.463191 -0.000000 
0.299221 0.000000 
0.648982 0.000000 
0.388690 0.000000 
-0.561227 -0.000000 
-0.091147 -0.000000 
-0.373640 0.000000 
0.168700 0.000000 
0.316153 0.000000 
-0.300412 0.000000 
0.238629 0.000000 
-0.012499 0.000000 
0.941199 0.000000 
-1.225431 0.000000 
-0.296825 0.000000 
-0.591491 -0.000000 
0.174708 0.000000 
-0.069805 0.000000 
0.461912 0.000000 
-0.344543 0.000000 
-0.918757 -0.000000 
-0.621298 -0.000000 
0.262194 0.000000 
-0.343118 -0.000000 
0.167837 0.000000 
1.317762 0.000000 
-0.039749 0.000000 
0.032016 0.000000 
0.669540 0.000000 
-0.193663 0.000000 
0.269844 -0.000000 
0.259455 0.000000 
-0.051624 0.000000 
0.914701 0.000000 
0.387707 0.000000 
0.153971 0.000000 
0.355252 -0.000000 
-0.188011 0.000000 
-0.570129 0.000000 
-0.287861 -0.000000 
0.616995 0.000000 
0.619067 -0.000000 
0.066443 0.000000 
0.036115 0.000000 
-0.402272 0.000000 
0.203922 -0.000000 
1.169271 0.000000 
-0.046103 0.000000 
0.026840 -0.000000 
0.361478 0.000000 
0.524223 0.000000 
0.472168 0.000000 
0.469956 0.000000 
0.364955 -0.000000 
-0.612698 0.000000 
0.252574 -0.000000 
-0.014954 0.000000 
0.039650 -0.000000 
1.266677 0.000000 
0.373735 -0.000000 
0.004223 0.000000 
-0.326958 0.000000 
-0.618619 -0.000000 
0.135686 -0.000000 
-0.181087 0.000000 
0.969847 0.000000 
0.067601 0.000000 
-0.429354 0.000000 
0.817470 0.000000 
-0.533903 0.000000 
-0.123256 0.000000 
-0.255288 -0.000000 
-0.747771 -0.000000 
-0.406638 -0.000000 
0.545938 0.000000 
0.390634 0.000000 
0.133844 -0.000000 
0.339842 -0.000000 
0.354466 0.000000 
0.130597 0.000000 
0.095478 -0.000000 
0.465695 0.000000 
-0.998913 0.000000 
0.867738 0.000000 
-0.512256 0.000000 
0.481853 0.000000 
-0.799384 0.000000 
-0.398580 0.000000 
-0.272636 -0.000000 
-0.871348 0.000000 
-1.153810 0.000000 
0.560571 -0.000000 
-0.378145 -0.000000 
0.290141 -0.000000 
-0.223125 0.000000 
0.286353 0.000000 
-0.276644 0.000000 
-0.399949 -0.000000 
0.251115 0.000000 
0.754556 0.000000 
-0.324176 0.000000 
-0.022526 0.000000 
0.197849 0.000000 
-1.015500 0.000000 
-0.249209 -0.000000 
-0.583916 0.000000 
0.360077 0.000000 
0.019449 0.000000 
0.180664 0.000000 
0.582058 -0.000000 
0.110862 0.000000 
0.409868 0.000000 
-0.436764 0.000000 
-0.233518 0.000000 
-0.226278 0.000000 
-0.794843 0.000000 
-0.229655 0.000000 
-0.534069 0.000000 
0.371894 -0.000000 
-0.330737 0.000000 
-1.194371 0.000000 
0.755593 0.000000 
-0.528076 0.000000 
0.504007 0.000000 
0.697927 -0.000000 
0.086589 0.000000 
-0.913958 0.000000 
0.398699 -0.000000 
0.174573 -0.000000 
0.329566 -0.000000 
-0.596662 0.000000 
0.062538 -0.000000 
0.329429 0.000000 
-0.321264 0.000000 
-0.175931 0.000000 
-0.380870 0.000000 
0.241616 0.000000 
-1.267071 0.000000 
-0.048011 0.000000 
0.683945 0.000000 
0.658437 -0.000000 
-0.849669 0.000000 
0.050616 0.000000 
0.012577 0.000000 
0.673163 -0.000000 
-0.018714 0.000000 
0.762994 0.000000 
1.563378 0.000000 
-0.302369 0.000000 
-0.563145 0.000000 
-0.013946 0.000000 
-0.273681 0.000000 
-0.432595 0.000000 
-0.128155 -0.000000 
-0.036443 0.000000 
-0.422524 0.000000 
0.275507 -0.000000 
-0.389234 0.000000 
-0.647669 0.000000 
0.293625 0.000000 
-0.214581 0.000000 
0.439800 0.000000 
-0.634445 0.000000 
0.211064 0.000000 
-0.393818 0.000000 
-0.074801 -0.000000 
0.069724 -0.000000 
0.306300 0.000000 
-0.244364 0.000000 
-0.250394 0.000000 
-0.670775 0.000000 
-0.795026 0.000000 
-0.029899 0.000000 
2.027151 0.000000 
-0.708298 -0.000000 
-0.329669 0.000000 
-0.080680 0.000000 
-0.064508 -0.000000 
-0.732863 0.000000 
0.333763 0.000000 
-0.017366 0.000000 
-0.039067 -0.000000 
-0.464482 -0.000000 
0.337982 -0.000000 
0.431370 -0.000000 
0.430275 0.000000 
-0.156394 -0.000000 
-0.737600 0.000000 
1.364332 0.000000 
-0.216447 -0.000000 
0.224063 0.000000 
-0.604970 0.000000 
0.244761 -0.000000 
0.505451 0.000000 
0.650320 -0.000000 
-0.532564 -0.000000 
0.529682 0.000000 
0.131246 -0.000000 
-0.108860 0.000000 
0.360604 -0.000000 
-0.313598 0.000000 
-0.303418 0.000000 
-0.059470 0.000000 
-0.337187 0.000000 
-0.393037 -0.000000 
-0.227993 0.000000 
0.237671 -0.000000 
0.610962 0.000000 
-0.231667 -0.000000 
0.230750 0.000000 
-0.290128 0.000000 
-0.198773 0.000000 
-0.025380 -0.000000 
-0.128541 0.000000 
0.284548 0.000000 
-0.116618 0.000000 
-0.701100 0.000000 
0.008063 0.000000 
0.672091 0.000000 
-0.983938 0.000000 
0.124768 0.000000 
-0.837605 0.000000 
0.709871 0.000000 
0.692191 0.000000 
-0.103882 0.000000 
0.295055 0.000000 
0.473546 0.000000 
-0.032287 -0.000000 
-0.308171 0.000000 
-0.044856 0.000000 
-0.103732 0.000000 
0.223008 0.000000 
0.089128 0.000000 
0.071080 0.000000 
-0.309971 -0.000000 
0.008337 0.000000 
-0.435778 -0.000000 
-0.221537 -0.000000 
-0.113465 -0.000000 
-0.767693 0.000000 
0.262976 0.000000 
-0.128392 -0.000000 
-0.125542 0.000000 
-0.351849 0.000000 
0.317174 0.000000 
0.084839 0.000000 
-0.371734 0.000000 
0.092460 0.000000 
0.383956 0.000000 
0.108734 0.000000 
-0.036156 0.000000 
-0.437256 0.000000 
-0.310618 0.000000 
0.829944 0.000000 
-0.229526 0.000000 
-0.585035 0.000000 
-0.090778 0.000000 
-0.134257 0.000000 
0.114920 -0.000000 
-0.214909 -0.000000 
-0.952810 0.000000 
0.038646 -0.000000 
-0.554156 0.000000 
-0.009480 0.000000 
-1.218953 0.000000 
-0.891679 0.000000 
0.159598 -0.000000 
0.027584 -0.000000 
-0.347218 0.000000 
0.039295 0.000000 
-0.370821 0.000000 
0.181421 -0.000000 
-0.507183 -0.000000 
0.498118 0.000000 
0.380337 0.000000 
-0.033883 0.000000 
-0.645492 0.000000 
1.018898 -0.000000 
-0.047479 0.000000 
-0.232035 0.000000 
-0.165190 -0.000000 
0.459226 -0.000000 
-0.252837 0.000000 
0.131957 0.000000 
0.087702 0.000000 
-0.592491 0.000000 
0.242188 0.000000 
-0.486312 0.000000 
0.241408 0.000000 
0.189809 0.000000 
-0.308245 -0.000000 
-0.191832 0.000000 
-0.080114 0.000000 
0.589080 0.000000 
-0.596559 -0.000000 
-0.535476 -0.000000 
-0.699534 0.000000 
-0.517801 -0.000000 
0.894311 -0.000000 
-0.719318 0.000000 
0.361860 0.000000 
1.029107 0.000000 
-0.316590 0.000000 
-0.019402 -0.000000 
-0.131069 -0.000000 
0.152993 0.000000 
0.606654 0.000000 
-0.393000 0.000000 
0.538844 0.000000 
0.228073 0.000000 
-0.024736 0.000000 
0.699666 -0.000000 
-0.172328 0.000000 
0.667063 0.000000 
0.248970 0.000000 
0.146821 0.000000 
0.287641 -0.000000 
-0.765094 -0.000000 
0.316480 -0.000000 
-0.964152 0.000000 
-0.230312 -0.000000 
1.040995 -0.000000 
-0.056998 0.000000 
-0.754890 -0.000000 
-0.383105 0.000000 
0.189546 0.000000 
0.363247 0.000000 
0.014960 -0.000000 
0.028565 0.000000 
0.215067 0.000000 
0.649849 0.000000 
0.231289 -0.000000 
0.113604 0.000000 
-0.504966 -0.000000 
-0.429137 -0.000000 
-0.872959 -0.000000 
0.027104 -0.000000 
0.213150 0.000000 
0.070762 0.000000 
-0.146822 -0.000000 
-0.409475 -0.000000 
0.337049 -0.000000 
0.080794 0.000000 
0.704444 0.000000 
0.308148 0.000000 
0.283101 0.000000 
-0.283157 0.000000 
-0.283832 0.000000 
0.111522 -0.000000 
-0.554616 0.000000 
-0.197896 0.000000 
-0.844878 -0.000000 
-1.011688 -0.000000 
-0.740651 0.000000 
0.166515 0.000000 
-0.175770 0.000000 
-0.251194 0.000000 
0.275032 0.000000 
0.404311 0.000000 
-0.379371 0.000000 
0.379650 0.000000 
0.364813 -0.000000 
-0.316269 0.000000 
0.687839 0.000000 
1.329873 -0.000000 
0.525094 -0.000000 
-0.535554 0.000000 
0.217530 0.000000 
0.441901 0.000000 
-0.163219 0.000000 
0.363108 0.000000 
-0.428815 0.000000 
0.298550 -0.000000 
0.396494 0.000000 
-0.076655 0.000000 
0.214414 0.000000 
0.051663 0.000000 
0.455228 0.000000 
-0.042779 0.000000 
-0.138545 0.000000 
-0.121588 0.000000 
0.835286 0.000000 
-0.167047 0.000000 
-0.426406 0.000000 
0.227018 -0.000000 
0.356431 0.000000 
0.444411 -0.000000 
-0.094270 0.000000 
-0.043089 0.000000 
0.442915 0.000000 
-0.310893 -0.000000 
0.088941 0.000000 
0.173600 -0.000000 
-0.597304 0.000000 
0.873606 0.000000 
-0.140161 -0.000000 
-0.855669 0.000000 
-0.091839 0.000000 
-0.559760 0.000000 
-0.178017 0.000000 
-0.298460 0.000000 
0.434003 0.000000 
-0.155766 0.000000 
0.104202 0.000000 
0.076653 0.000000 
0.506747 0.000000 
-0.160348 0.000000 
-0.358547 0.000000 
0.533674 0.000000 
-0.412195 0.000000 
-0.804004 -0.000000 
-0.566608 0.000000 
0.501195 0.000000 
-0.570394 0.000000 
0.239747 0.000000 
-0.160713 0.000000 
0.647047 0.000000 
-0.098094 -0.000000 
0.199138 0.000000 
0.319287 -0.000000 
0.424855 0.000000 
0.171794 0.000000 
-0.031653 0.000000 
0.946315 -0.000000 
-0.106050 -0.000000 
-0.256857 0.000000 
-0.100474 0.000000 
0.171873 -0.000000 
0.586643 0.000000 
-0.945109 0.000000 
0.589105 0.000000 
0.699560 -0.000000 
0.675163 0.000000 
0.071201 0.000000 
-0.304162 0.000000 
0.698129 -0.000000 
-0.487265 0.000000 
-0.881898 -0.000000 
-0.523160 -0.000000 
-0.281448 -0.000000 
0.643170 0.000000 
0.361268 0.000000 
1.103943 -0.000000 
0.317758 0.000000 
-0.257792 0.000000 
0.521290 -0.000000 
0.164630 -0.000000 
-0.183396 0.000000 
-0.008755 0.000000 
-0.211293 -0.000000 
-0.087822 0.000000 
-0.479948 0.000000 
-0.093350 0.000000 
0.023961 0.000000 
-0.164276 -0.000000 
0.761978 -0.000000 
-0.189196 -0.000000 
0.069056 -0.000000 
-0.196284 0.000000 
-0.768430 0.000000 
0.082443 -0.000000 
0.687974 -0.000000 
0.640601 0.000000 
-0.251489 0.000000 
0.204361 -0.000000 
0.401883 -0.000000 
0.480299 -0.000000 
-0.156614 -0.000000 
-0.640637 -0.000000 
-0.656239 0.000000 
0.445644 -0.000000 
-0.380347 0.000000 
-0.431204 0.000000 
-0.716086 -0.000000 
-0.719954 0.000000 
0.751845 -0.000000 
0.207514 0.000000 
0.090253 0.000000 
-0.056192 0.000000 
1.303164 0.000000 
-0.950131 0.000000 
0.149121 0.000000 
-0.528008 0.000000 
-1.039539 -0.000000 
-0.598126 0.000000 
0.282067 0.000000 
-0.307112 -0.000000 
-0.423902 -0.000000 
-0.761257 0.000000 
0.635809 -0.000000 
-1.275359 -0.000000 
0.155854 0.000000 
-0.124697 0.000000 
0.688826 0.000000 
0.790170 0.000000 
-0.721932 0.000000 
-0.379729 0.000000 
-0.260619 0.000000 
0.156830 0.000000 
0.537960 0.000000 
-0.183977 -0.000000 
0.300163 0.000000 
-0.213228 0.000000 
0.232357 0.000000 
-0.348562 0.000000 
0.163446 -0.000000 
-1.015657 0.000000 
-0.322724 -0.000000 
0.191362 -0.000000 
-0.084398 0.000000 
0.137695 0.000000 
0.131567 -0.000000 
0.335487 0.000000 
-0.036469 0.000000 
0.322551 0.000000 
-0.603196 -0.000000 
-0.225697 -0.000000 
0.343480 -0.000000 
-0.163274 0.000000 
-0.883137 0.000000 
0.116992 -0.000000 
-0.437344 0.000000 
-0.392306 0.000000 
-0.416176 0.000000 
0.383978 0.000000 
0.457515 -0.000000 
0.027716 0.000000 
0.157331 -0.000000 
-0.686019 0.000000 
0.194916 0.000000 
-0.069412 -0.000000 
-0.333022 0.000000 
0.216666 0.000000 
-0.113991 -0.000000 
-0.022131 0.000000 
-0.319535 -0.000000 
0.466013 0.000000 
-0.472933 -0.000000 
0.157505 0.000000 
-0.527643 0.000000 
-0.063653 0.000000 
-0.247364 -0.000000 
-0.318777 0.000000 
-0.225434 -0.000000 
-0.478300 0.000000 
0.404404 0.000000 
-0.389754 0.000000 
0.567487 0.000000 
-0.224997 0.000000 
0.200047 -0.000000 
0.325194 0.000000 
0.302475 0.000000 
0.523405 0.000000 
-0.190266 -0.000000 
-0.816340 0.000000 
0.254990 0.000000 
-0.054457 0.000000 
-1.422013 -0.000000 
0.612884 0.000000 
-0.314951 -0.000000 
0.623549 0.000000 
-0.797542 -0.000000 
0.652672 0.000000 
0.612560 0.000000 
0.461357 -0.000000 
-0.302331 -0.000000 
-0.420302 0.000000 
-0.174569 0.000000 
-0.359116 -0.000000 
-0.892297 -0.000000 
-0.430929 0.000000 
1.220127 0.000000 
0.507906 0.000000 
0.131812 -0.000000 
1.658417 0.000000 
1.103605 0.000000 
-0.431941 0.000000 
1.056100 0.000000 
0.387407 0.000000 
0.084481 0.000000 
0.311551 0.000000 
0.507010 -0.000000 
-0.357218 0.000000 
-0.473232 0.000000 
0.413710 0.000000 
0.274448 0.000000 
-0.076731 -0.000000 
-0.361698 -0.000000 
-0.674545 0.000000 
-0.709468 0.000000 
-0.846968 0.000000 
0.316044 -0.000000 
0.083327 0.000000 
-0.743732 -0.000000 
0.408356 -0.000000 
0.164789 0.000000 
-0.687754 0.000000 
-0.714953 0.000000 
-0.234358 -0.000000 
0.948056 -0.000000 
-0.318465 0.000000 
-0.053511 0.000000 
0.479073 0.000000 
-0.087064 0.000000 
-0.321620 0.000000 
0.076242 -0.000000 
-0.250399 -0.000000 
-0.216112 0.000000 
-0.451546 -0.000000 
-0.346207 0.000000 
-0.173892 0.000000 
-0.387142 0.000000 
-0.390543 0.000000 
-0.123924 -0.000000 
0.240143 0.000000 
1.391058 0.000000 
0.797051 0.000000 
-0.136718 0.000000 
0.246279 -0.000000 
0.202551 -0.000000 
-0.329294 0.000000 
0.880992 0.000000 
0.210115 -0.000000 
-0.421612 -0.000000 
0.375196 0.000000 
0.910922 -0.000000 
0.137211 -0.000000 
0.658733 0.000000 
0.297944 0.000000 
-0.749045 0.000000 
0.095953 0.000000 
0.494482 0.000000 
0.323993 0.000000 
-0.462466 0.000000 
0.684703 0.000000 
0.130185 -0.000000 
0.056450 0.000000 
-0.326098 0.000000 
-0.204503 -0.000000 
0.374763 0.000000 
0.656973 0.000000 
-0.035761 -0.000000 
0.031233 0.000000 
-0.304508 -0.000000 
0.851776 0.000000 
-0.648248 0.000000 
-0.173701 0.000000 
0.153552 -0.000000 
-0.952806 0.000000 
0.411191 0.000000 
-0.013931 0.000000 
-0.080609 -0.000000 
0.168627 -0.000000 
-1.347163 0.000000 
-0.396304 -0.000000 
0.395371 -0.000000 
0.533657 -0.000000 
0.535986 0.000000 
0.274654 0.000000 
-0.834285 0.000000 
-0.212033 -0.000000 
0.564215 0.000000 
0.374923 0.000000 
-0.394170 0.000000 
0.278374 0.000000 
0.515206 -0.000000 
0.176969 0.000000 
-0.235459 -0.000000 
-0.118696 0.000000 
0.373909 -0.000000 
0.465841 -0.000000 
-0.840562 0.000000 
0.976895 0.000000 
-0.102561 0.000000 
0.231077 0.000000 
0.305687 0.000000 
0.391543 0.000000 
0.784497 0.000000 
0.418939 0.000000 
0.469356 0.000000 
-0.049028 0.000000 
0.062551 0.000000 
0.353306 0.000000 
-0.179772 0.000000 
-0.028686 0.000000 
0.629296 0.000000 
-0.076392 0.000000 
-0.207580 0.000000 
0.250813 0.000000 
0.293013 0.000000 
0.194703 0.000000 
0.471316 0.000000 
-0.418894 0.000000 
-0.365323 0.000000 
0.358468 -0.000000 
0.710885 0.000000 
-0.483855 -0.000000 
0.704731 0.000000 
-0.244078 -0.000000 
-0.505546 0.000000 
0.010456 0.000000 
-0.674611 0.000000 
-0.070974 -0.000000 
0.265809 0.000000 
0.246737 0.000000 
0.131607 0.000000 
0.330488 -0.000000 
0.327876 -0.000000 
0.126137 -0.000000 
0.450152 0.000000 
-0.005185 0.000000 
-0.393070 0.000000 
0.272791 0.000000 
-0.600361 0.000000 
-1.027211 0.000000 
0.222835 0.000000 
-0.411406 0.000000 
-0.263533 0.000000 
0.261010 0.000000 
0.168454 0.000000 
0.261455 -0.000000 
-0.480656 -0.000000 
0.419136 0.000000 
0.038324 -0.000000 
0.351576 0.000000 
0.128615 0.000000 
-0.258290 0.000000 
0.100022 -0.000000 
-0.151804 0.000000 
0.907232 0.000000 
0.697555 0.000000 
0.611724 0.000000 
0.106444 -0.000000 
-0.215819 0.000000 
0.289601 0.000000 
0.177037 0.000000 
0.933258 0.000000 
-0.104213 -0.000000 
-0.665518 -0.000000 
0.211269 0.000000 
-0.844223 0.000000 
0.018486 0.000000 
-0.179917 0.000000 
-0.007597 0.000000 
0.833214 -0.000000 
-1.054923 0.000000 
-0.675194 -0.000000 
0.074590 -0.000000 
-0.233611 0.000000 
-0.553861 -0.000000 
-0.242242 0.000000 
-0.276122 0.000000 
0.811026 -0.000000 
-0.264573 0.000000 
-0.753894 -0.000000 
0.651332 0.000000 
0.036988 0.000000 
-0.427073 -0.000000 
0.152051 -0.000000 
-0.040791 -0.000000 
0.628618 0.000000 
-1.031980 0.000000 
0.505291 0.000000 
-0.587912 -0.000000 
-0.408196 -0.000000 
-1.148360 0.000000 
-0.482998 0.000000 
-0.344334 0.000000 
1.191858 0.000000 
0.300964 -0.000000 
0.095889 0.000000 
-0.186424 0.000000 
-0.780468 0.000000 
0.853232 0.000000 
0.123451 0.000000 
0.566025 -0.000000 
0.079779 -0.000000 
0.620575 0.000000 
-0.176132 0.000000 
0.459513 0.000000 
0.004650 -0.000000 
-0.762492 0.000000 
0.414342 0.000000 
-1.225352 0.000000 
0.345814 0.000000 
0.520125 -0.000000 
0.736806 0.000000 
-0.986021 0.000000 
-0.519538 0.000000 
-0.224836 0.000000 
0.670984 0.000000 
0.560209 0.000000 
0.369740 0.000000 
-0.379022 -0.000000 
0.081246 0.000000 
-0.624582 0.000000 
1.067986 0.000000 
0.358198 0.000000 
-0.253248 0.000000 
-0.565647 0.000000 
0.151115 0.000000 
-0.041482 0.000000 
-0.704988 -0.000000 
0.257545 0.000000 
0.397852 -0.000000 
0.146680 -0.000000 
-0.272040 0.000000 
0.465473 0.000000 
-0.396594 0.000000 
0.144821 -0.000000 
0.716280 0.000000 
0.047308 0.000000 
0.551096 -0.000000 
-0.376007 0.000000 
0.126634 0.000000 
0.188465 -0.000000 
-0.100884 0.000000 
0.327518 0.000000 
0.063755 -0.000000 
-0.123167 0.000000 
-0.154006 -0.000000 
-0.545272 0.000000 
0.556701 -0.000000 
0.021419 -0.000000 
-0.114845 0.000000 
0.643237 0.000000 
-0.494555 -0.000000 
0.276879 0.000000 
1.476551 0.000000 
0.347974 0.000000 
0.078202 0.000000 
-0.040730 0.000000 
1.014167 0.000000 
0.093624 -0.000000 
-0.492860 -0.000000 
-0.467447 0.000000 
-0.753546 0.000000 
0.570383 0.000000 
-0.131802 -0.000000 
0.863292 0.000000 
0.225584 0.000000 
-0.721776 0.000000 
0.224154 0.000000 
-0.678223 0.000000 
-0.348598 0.000000 
0.873912 0.000000 
-0.866283 -0.000000 
0.353705 -0.000000 
0.137084 -0.000000 
0.248648 0.000000 
0.462694 0.000000 
-0.068001 0.000000 
-0.019106 -0.000000 
0.524269 -0.000000 
-0.798626 0.000000 
0.171287 0.000000 
-0.112067 0.000000 
-0.162167 0.000000 
-0.271829 0.000000 
0.709118 0.000000 
-1.375362 -0.000000 
0.121838 0.000000 
-0.207632 0.000000 
-0.868733 0.000000 
0.277577 -0.000000 
0.029643 0.000000 
0.188828 -0.000000 
0.544578 0.000000 
-0.063457 -0.000000 
-0.110026 0.000000 
0.747984 0.000000 
0.323290 -0.000000 
-0.072677 -0.000000 
-0.276540 0.000000 
-0.604567 0.000000 
-0.028808 0.000000 
-0.625583 0.000000 
-1.068331 0.000000 
0.744200 0.000000 
-0.784869 0.000000 
0.084182 -0.000000 
-0.487076 0.000000 
-0.960638 0.000000 
0.340151 -0.000000 
-0.056290 0.000000 
-0.284762 -0.000000 
-0.254901 0.000000 
0.364800 0.000000 
0.298796 0.000000 
-0.836328 0.000000 
-0.715967 0.000000 
-0.141749 -0.000000 
-0.158205 0.000000 
0.436247 0.000000 
0.008021 0.000000 
-0.267487 0.000000 
1.002828 0.000000 
-0.299738 0.000000 
0.080387 -0.000000 
0.112798 0.000000 
0.518299 0.000000 
-0.377505 0.000000 
-0.463147 0.000000 
-0.365573 0.000000 
-0.514414 0.000000 
1.092181 -0.000000 
0.892292 0.000000 
0.051839 0.000000 
-0.485970 0.000000 
-0.366205 0.000000 
0.225186 0.000000 
0.399608 0.000000 
-0.342728 -0.000000 
0.081955 -0.000000 
0.645742 0.000000 
0.024008 0.000000 
-0.616663 -0.000000 
-0.447784 0.000000 
0.538116 0.000000 
0.147628 0.000000 
0.312229 0.000000 
-1.367524 0.000000 
-0.445527 -0.000000 
-0.665743 0.000000 
0.349758 0.000000 
0.305978 -0.000000 
0.575762 -0.000000 
0.045428 0.000000 
0.618426 0.000000 
-0.484244 0.000000 
0.117157 0.000000 
-0.429643 0.000000 
0.012177 0.000000 
-0.228670 0.000000 
0.508640 -0.000000 
0.003054 0.000000 
-0.347899 -0.000000 
-0.145266 -0.000000 
-0.715451 0.000000 
0.111582 0.000000 
0.104827 0.000000 
0.355636 0.000000 
-0.728229 0.000000 
-0.187445 0.000000 
-0.392711 -0.000000 
0.233656 0.000000 
0.271795 0.000000 
-0.672286 0.000000 
-0.432029 0.000000 
0.458794 0.000000 
-0.033160 0.000000 
0.126698 -0.000000 
0.039855 0.000000 
-0.269666 0.000000 
-0.151791 0.000000 
-0.029769 -0.000000 
0.735697 -0.000000 
-0.591774 0.000000 
-0.512185 0.000000 
0.732477 0.000000 
0.299169 0.000000 
0.268417 -0.000000 
-0.297804 0.000000 
-0.595448 0.000000 
-0.754857 0.000000 
0.249893 0.000000 
0.528040 0.000000 
-0.640313 -0.000000 
0.328972 0.000000 
1.236139 0.000000 
0.810489 0.000000 
-0.367702 0.000000 
-0.530199 -0.000000 
0.298442 0.000000 
1.202763 0.000000 
0.019102 0.000000 
-0.229483 0.000000 
0.672943 0.000000 
0.080076 -0.000000 
0.225739 0.000000 
-0.380264 0.000000 
-0.030356 0.000000 
-0.609821 0.000000 
0.081608 0.000000 
0.068045 0.000000 
0.240639 0.000000 
0.435761 0.000000 
-0.162664 -0.000000 
0.831633 0.000000 
0.210039 0.000000 
-0.212394 0.000000 
-0.094086 0.000000 
0.170847 0.000000 
-0.456424 0.000000 
-0.314989 0.000000 
-0.476323 0.000000 
-0.169808 0.000000 
-0.372108 0.000000 
-1.151542 0.000000 
-0.223865 -0.000000 
-0.588071 0.000000 
0.843151 0.000000 
1.199349 -0.000000 
0.168615 0.000000 
-0.270887 -0.000000 
-0.096096 0.000000 
-0.066319 0.000000 
0.449482 0.000000 
0.442537 0.000000 
0.543945 0.000000 
-0.464584 -0.000000 
0.041936 -0.000000 
0.035380 -0.000000 
-0.436222 0.000000 
0.402082 0.000000 
-0.702060 0.000000 
-0.023467 0.000000 
0.049101 0.000000 
-0.088965 0.000000 
0.177896 0.000000 
0.662031 -0.000000 
-0.793566 0.000000 
-0.518075 0.000000 
-0.436018 0.000000 
-0.033700 0.000000 
-0.850326 0.000000 
0.128275 0.000000 
-0.829347 -0.000000 
0.264116 -0.000000 
1.298887 0.000000 
-0.661021 -0.000000 
-0.760935 0.000000 
-0.568956 0.000000 
0.101257 0.000000 
-0.423206 0.000000 
0.008497 -0.000000 
-1.055663 0.000000 
-0.170867 0.000000 
0.079545 0.000000 
-0.012313 0.000000 
0.489158 0.000000 
0.574868 0.000000 
-0.231192 0.000000 
-0.033204 0.000000 
0.465853 0.000000 
0.349405 0.000000 
0.764207 -0.000000 
-0.670728 0.000000 
0.546684 -0.000000 
-0.429217 0.000000 
-0.771686 -0.000000 
-0.859893 0.000000 
-0.118968 0.000000 
0.990054 0.000000 
-0.130456 0.000000 
0.323708 0.000000 
-0.182836 0.000000 
-0.269049 -0.000000 
0.703355 -0.000000 
0.322180 0.000000 
0.155068 -0.000000 
-0.751373 0.000000 
-0.096527 -0.000000 
-0.029773 0.000000 
-0.268031 0.000000 
0.206704 0.000000 
-0.173979 0.000000 
-0.499118 -0.000000 
-0.269925 0.000000 
0.582823 0.000000 
-0.461291 0.000000 
-0.181287 0.000000 
0.805527 0.000000 
-0.127330 0.000000 
0.470759 0.000000 
-0.237768 0.000000 
-0.237575 0.000000 
0.667289 0.000000 
0.028177 -0.000000 
-0.423130 0.000000 
-0.120145 0.000000 
0.861951 0.000000 
-0.080343 0.000000 
-0.144395 -0.000000 
0.479536 0.000000 
-0.541330 0.000000 
0.485373 0.000000 
0.830936 -0.000000 
0.000792 0.000000 
-0.160255 -0.000000 
0.280053 0.000000 
-0.380038 -0.000000 
-0.331277 0.000000 
-0.312065 0.000000 
0.528779 0.000000 
0.583187 0.000000 
-0.462150 -0.000000 
-0.279018 -0.000000 
0.136760 0.000000 
-0.547834 0.000000 
-0.329727 0.000000 
0.407732 0.000000 
0.933794 0.000000 
-1.106130 0.000000 
-0.424029 0.000000 
-0.265769 0.000000 
-0.856674 0.000000 
-0.568683 0.000000 
-1.031461 0.000000 
1.274733 0.000000 
0.817249 0.000000 
0.174791 -0.000000 
-0.979509 0.000000 
0.302769 -0.000000 
-0.518617 -0.000000 
-0.696082 0.000000 
0.095246 0.000000 
0.720708 0.000000 
-0.014426 0.000000 
-0.144314 0.000000 
-0.117175 -0.000000 
0.028592 0.000000 
-0.488638 -0.000000 
-0.151506 0.000000 
0.061779 0.000000 
0.743169 0.000000 
0.144457 -0.000000 
-0.780985 0.000000 
0.073164 -0.000000 
-0.234523 -0.000000 
0.183839 0.000000 
-0.591282 0.000000 
-0.181642 0.000000 
-0.002053 -0.000000 
-0.130268 0.000000 
0.195065 -0.000000 
0.233294 -0.000000 
-0.342465 -0.000000 
-0.297729 0.000000 
1.042641 -0.000000 
-0.000271 -0.000000 
-0.687190 0.000000 
-0.304902 -0.000000 
0.317548 0.000000 
-0.326137 -0.000000 
0.915146 0.000000 
0.061525 0.000000 
0.091907 -0.000000 
-0.504604 -0.000000 
0.105062 0.000000 
-0.210834 -0.000000 
0.123350 0.000000 
-0.001162 0.000000 
0.128271 0.000000 
0.582720 -0.000000 
0.428599 0.000000 
-0.555592 -0.000000 
0.046455 0.000000 
0.699051 0.000000 
-0.476601 0.000000 
-0.181615 0.000000 
-0.051746 0.000000 
1.073810 -0.000000 
-0.209379 -0.000000 
-0.059303 -0.000000 
0.135385 0.000000 
-0.229777 0.000000 
-0.191048 0.000000 
-0.062452 0.000000 
0.478196 0.000000 
-0.791205 -0.000000 
0.227723 0.000000 
0.436126 0.000000 
-1.699251 0.000000 
-0.076796 0.000000 
0.489230 -0.000000 
0.128584 -0.000000 
0.974262 -0.000000 
-0.339320 0.000000 
-0.056436 0.000000 
0.271495 0.000000 
-0.448739 0.000000 
0.238416 -0.000000 
0.436210 -0.000000 
1.170379 -0.000000 
-0.583748 -0.000000 
-0.239267 0.000000 
0.492547 -0.000000 
1.081341 0.000000 
-0.193296 0.000000 
-0.024205 0.000000 
0.705576 -0.000000 
0.346416 -0.000000 
0.163390 0.000000 
-0.311643 0.000000 
0.180070 0.000000 
0.395817 0.000000 
0.650717 0.000000 
0.169679 -0.000000 
1.027337 0.000000 
0.080515 0.000000 
0.254876 0.000000 
0.339796 0.000000 
-0.431425 0.000000 
0.445341 0.000000 
-0.265731 -0.000000 
-0.661480 0.000000 
0.584125 -0.000000 
-0.345281 0.000000 
0.377511 -0.000000 
0.914817 0.000000 
0.216789 -0.000000 
-0.106051 -0.000000 
-0.422682 0.000000 
0.431780 0.000000 
0.221956 0.000000 
-0.504937 -0.000000 
-0.459532 -0.000000 
0.386132 0.000000 
0.109252 0.000000 
0.031751 0.000000 
-0.317644 0.000000 
0.207877 -0.000000 
0.106391 0.000000 
-0.039127 0.000000 
-0.633750 0.000000 
0.097288 0.000000 
0.010183 0.000000 
-1.084575 0.000000 
-0.344155 0.000000 
-0.283355 0.000000 
0.202033 0.000000 
0.158206 0.000000 
-0.412874 0.000000 
-0.437896 0.000000 
-0.391380 0.000000 
0.011059 0.000000 
0.037216 0.000000 
0.068738 0.000000 
0.014570 0.000000 
-0.325021 -0.000000 
-1.085307 0.000000 
-0.183924 -0.000000 
-0.535861 -0.000000 
0.169889 0.000000 
0.123020 0.000000 
0.267072 0.000000 
-0.352577 0.000000 
0.058371 0.000000 
0.448885 0.000000 
0.361537 0.000000 
-0.564320 0.000000 
-0.020262 0.000000 
0.352663 0.000000 
0.744521 0.000000 
-0.402495 0.000000 
-0.721301 0.000000 
0.127785 -0.000000 
-0.286043 0.000000 
1.004302 0.000000 
-0.978966 0.000000 
-0.154969 -0.000000 
0.430146 0.000000 
0.574586 0.000000 
-0.494583 0.000000 
-0.667510 0.000000 
0.611583 -0.000000 
0.736574 0.000000 
0.161148 -0.000000 
0.099837 -0.000000 
0.610294 -0.000000 
-0.199919 0.000000 
-0.238653 0.000000 
0.027127 0.000000 
0.053228 0.000000 
-0.216585 0.000000 
-0.580704 0.000000 
0.479603 0.000000 
-0.208089 0.000000 
-0.152420 -0.000000 
-0.076304 0.000000 
0.252883 0.000000 
-0.656901 0.000000 
-0.034486 -0.000000 
0.295604 -0.000000 
0.632821 -0.000000 
-0.211167 0.000000 
-0.159791 0.000000 
-0.351775 0.000000 
-0.266728 -0.000000 
0.002616 -0.000000 
-0.062435 -0.000000 
0.402646 0.000000 
0.160199 0.000000 
-0.607015 0.000000 
-0.141249 0.000000 
0.488795 0.000000 
-0.305746 0.000000 
0.546842 -0.000000 
0.112575 0.000000 
-0.320388 0.000000 
0.070363 -0.000000 
0.264129 0.000000 
-0.015284 0.000000 
0.373441 0.000000 
0.110473 -0.000000 
0.445154 0.000000 
-0.772040 -0.000000 
-0.938506 0.000000 
0.383309 0.000000 
-0.941105 0.000000 
0.433619 0.000000 
-0.000056 0.000000 
0.257042 -0.000000 
0.618981 0.000000 
0.284448 -0.000000 
0.427715 0.000000 
0.423525 0.000000 
-0.300946 -0.000000 
-0.524242 0.000000 
-0.072828 0.000000 
-1.001013 -0.000000 
0.224421 0.000000 
-0.102458 0.000000 
0.595402 0.000000 
0.337963 0.000000 
-0.479853 0.000000 
-0.299988 0.000000 
1.378122 0.000000 
0.624593 -0.000000 
0.100409 0.000000 
0.133055 -0.000000 
0.068253 0.000000 
0.167754 -0.000000 
-0.243011 -0.000000 
0.739304 0.000000 
-0.114050 -0.000000 
0.459494 0.000000 
0.323249 -0.000000 
-0.429014 0.000000 
0.021674 0.000000 
-0.073959 -0.000000 
-0.756865 0.000000 
-0.127103 0.000000 
-0.348525 0.000000 
-0.499508 0.000000 
0.229695 -0.000000 
-0.387680 0.000000 
0.106315 0.000000 
0.105528 -0.000000 
0.366742 0.000000 
0.760228 0.000000 
-0.032066 0.000000 
0.920779 -0.000000 
-0.915598 -0.000000 
0.224311 0.000000 
-0.970584 0.000000 
0.198375 0.000000 
-0.235741 0.000000 
-0.778723 0.000000 
0.224644 -0.000000 
0.373804 0.000000 
-0.025910 -0.000000 
0.589808 0.000000 
-0.175160 -0.000000 
-0.277844 0.000000 
0.074568 -0.000000 
-0.021870 0.000000 
-0.399890 0.000000 
-0.186179 0.000000 
1.090587 0.000000 
0.110932 0.000000 
-0.428354 0.000000 
-0.100186 0.000000 
0.322004 0.000000 
0.022304 0.000000 
-0.339431 0.000000 
0.492446 0.000000 
0.852826 0.000000 
0.399785 0.000000 
0.962368 0.000000 
0.274093 0.000000 
-0.698649 -0.000000 
-0.336520 -0.000000 
0.088306 -0.000000 
-0.098209 0.000000 
0.132583 -0.000000 
0.291334 -0.000000 
-0.049743 0.000000 
-0.198275 0.000000 
-0.421258 0.000000 
1.200043 0.000000 
0.985192 0.000000 
-0.369074 0.000000 
-1.163432 0.000000 
0.459987 0.000000 
0.406098 0.000000 
-0.342928 -0.000000 
0.509235 0.000000 
-0.821049 -0.000000 
-0.163175 -0.000000 
0.117379 0.000000 
-0.646259 0.000000 
0.388625 0.000000 
-0.047112 0.000000 
-0.358740 0.000000 
-0.200523 0.000000 
0.448366 0.000000 
-0.061791 0.000000 
0.124772 -0.000000 
-0.691668 -0.000000 
1.130984 0.000000 
0.109019 0.000000 
0.024606 0.000000 
0.236082 0.000000 
0.134113 0.000000 
0.221912 0.000000 
-0.385472 0.000000 
0.300910 0.000000 
0.774578 -0.000000 
0.113077 0.000000 
0.429504 0.000000 
0.379609 0.000000 
0.150147 -0.000000 
-0.532269 0.000000 
-0.443255 0.000000 
0.433780 0.000000 
-0.674666 0.000000 
0.202977 -0.000000 
-0.399610 -0.000000 
-0.289576 -0.000000 
-0.440633 0.000000 
-0.545535 0.000000 
0.513861 0.000000 
0.263400 -0.000000 
-0.036293 -0.000000 
0.009939 0.000000 
-0.116948 0.000000 
0.632166 0.000000 
-0.940776 -0.000000 
-0.062475 -0.000000 
0.595749 -0.000000 
-0.784149 0.000000 
0.236120 0.000000 
-0.347470 0.000000 
0.449095 0.000000 
0.409153 -0.000000 
0.698878 0.000000 
-0.261981 0.000000 
0.734476 0.000000 
0.268010 -0.000000 
0.177680 0.000000 
-0.610831 -0.000000 
-0.598876 -0.000000 
-0.413948 0.000000 
-0.451853 0.000000 
-0.604733 -0.000000 
0.064677 0.000000 
0.355936 0.000000 
-0.366237 0.000000 
-0.056195 0.000000 
-0.500640 0.000000 
0.320728 -0.000000 
0.426428 -0.000000 
0.186088 0.000000 
-0.041521 0.000000 
0.309183 0.000000 
-0.127544 -0.000000 
0.682124 0.000000 
-0.554711 0.000000 
-0.002042 0.000000 
-0.728687 0.000000 
-0.856549 -0.000000 
0.611085 0.000000 
-0.541897 0.000000 
-0.883286 0.000000 
0.270053 -0.000000 
-0.138586 0.000000 
0.581207 0.000000 
1.025428 0.000000 
-0.640099 0.000000 
-0.425593 -0.000000 
-0.434753 -0.000000 
0.138990 0.000000 
0.383436 0.000000 
0.514042 0.000000 
0.254657 0.000000 
0.756100 0.000000 
0.449868 0.000000 
0.262534 -0.000000 
-0.820794 0.000000 
0.931101 -0.000000 
-0.446345 -0.000000 
0.038812 -0.000000 
0.159955 0.000000 
-0.529023 -0.000000 
-0.456101 0.000000 
-0.186651 -0.000000 
-0.412129 0.000000 
0.426768 0.000000 
0.047278 0.000000 
-0.650878 0.000000 
0.124776 0.000000 
-0.264476 0.000000 
0.483828 0.000000 
0.065305 0.000000 
-0.183488 0.000000 
-0.807521 -0.000000 
0.131695 0.000000 
-0.557619 0.000000 
0.409442 0.000000 
0.009365 0.000000 
0.329887 -0.000000 
-0.299241 0.000000 
0.294960 0.000000 
0.655881 0.000000 
-0.902200 0.000000 
-0.018212 0.000000 
0.471982 0.000000 
-0.545881 0.000000 
-0.745391 0.000000 
0.390699 0.000000 
-0.174667 -0.000000 
0.047328 -0.000000 
-0.202338 0.000000 
-0.077934 0.000000 
0.536252 0.000000 
-0.448063 0.000000 
-0.593535 -0.000000 
-0.090057 0.000000 
-0.267457 0.000000 
-0.719877 0.000000 
-1.050047 0.000000 
0.291445 0.000000 
0.436880 0.000000 
-0.365955 0.000000 
-0.083321 0.000000 
0.116556 0.000000 
0.424805 0.000000 
0.514877 -0.000000 
0.351311 -0.000000 
0.058107 0.000000 
-0.208701 -0.000000 
0.464975 -0.000000 
-0.187530 0.000000 
-0.644169 -0.000000 
-0.002947 0.000000 
-0.162778 0.000000 
0.704528 0.000000 
0.274467 -0.000000 
0.465292 -0.000000 
0.485499 0.000000 
0.033325 0.000000 
0.505002 0.000000 
-0.108779 0.000000 
0.061403 0.000000 
-0.605854 0.000000 
-0.295833 -0.000000 
-0.324966 -0.000000 
-0.287693 -0.000000 
0.291478 0.000000 
0.299067 -0.000000 
-0.751705 0.000000 
-0.321959 0.000000 
-0.089203 0.000000 
-0.596842 -0.000000 
-0.473017 0.000000 
-0.474585 0.000000 
-0.473844 0.000000 
-0.477756 0.000000 
-1.008447 -0.000000 
0.307635 0.000000 
-0.374993 0.000000 
0.696136 0.000000 
0.767294 -0.000000 
-0.032970 -0.000000 
-0.194680 0.000000 
-0.773403 0.000000 
-1.128046 0.000000 
0.578076 -0.000000 
0.303685 0.000000 
-0.159547 0.000000 
0.449943 -0.000000 
-1.168903 0.000000 
-0.453543 -0.000000 
-0.016583 0.000000 
-0.134046 0.000000 
-0.344704 0.000000 
-0.339554 0.000000 
-0.025870 0.000000 
0.358713 -0.000000 
1.196086 -0.000000 
-0.531393 0.000000 
-1.446897 0.000000 
-0.095193 -0.000000 
0.753992 0.000000 
0.086500 0.000000 
0.363471 0.000000 
0.653145 -0.000000 
-0.426763 0.000000 
-0.348150 -0.000000 
-0.236034 0.000000 
0.097116 0.000000 
0.619983 0.000000 
-0.526622 0.000000 
-0.216389 0.000000 
0.662069 0.000000 
0.027465 0.000000 
0.406870 0.000000 
0.068987 0.000000 
-0.156042 0.000000 
-0.224065 0.000000 
-0.127146 0.000000 
-0.735976 -0.000000 
0.749968 0.000000 
0.275312 0.000000 
0.471796 -0.000000 
0.532767 0.000000 
0.442220 0.000000 
0.714681 0.000000 
0.000475 0.000000 
-0.602135 0.000000 
0.432049 -0.000000 
0.034578 0.000000 
-0.408304 -0.000000 
0.172177 -0.000000 
0.771920 0.000000 
0.295995 0.000000 
0.937553 0.000000 
-0.397499 0.000000 
0.627342 0.000000 
0.079242 -0.000000 
-0.596309 -0.000000 
0.538084 -0.000000 
0.225447 0.000000 
0.026412 -0.000000 
0.910304 -0.000000 
-0.183735 -0.000000 
0.599835 -0.000000 
-0.212614 0.000000 
0.294706 0.000000 
-0.098550 0.000000 
0.474605 0.000000 
-0.185141 0.000000 
0.601148 0.000000 
-0.104678 0.000000 
-0.320967 -0.000000 
-0.369543 0.000000 
-0.718310 -0.000000 
-0.261532 0.000000 
-0.841327 -0.000000 
0.216836 -0.000000 
0.057025 -0.000000 
0.043405 0.000000 
-0.411685 -0.000000 
-0.560675 -0.000000 
-0.373703 0.000000 
0.124566 0.000000 
0.201008 0.000000 
0.087905 -0.000000 
0.111097 0.000000 
-0.140685 0.000000 
-0.180353 0.000000 
0.071931 0.000000 
0.288594 0.000000 
-0.101157 0.000000 
-0.064402 0.000000 
-0.645134 0.000000 
-0.503889 -0.000000 
0.449051 0.000000 
0.610547 0.000000 
0.482454 0.000000 
0.863125 0.000000 
-0.316887 0.000000 
0.714799 -0.000000 
-0.701107 0.000000 
-0.059286 -0.000000 
0.548737 0.000000 
0.591270 0.000000 
0.618804 -0.000000 
0.136477 0.000000 
-0.160725 0.000000 
0.300204 0.000000 
-0.278377 0.000000 
-0.546002 0.000000 
0.589446 0.000000 
-0.099270 0.000000 
0.313427 0.000000 
0.392553 0.000000 
-0.149101 0.000000 
0.079445 0.000000 
-0.208496 0.000000 
0.591383 -0.000000 
-0.901766 -0.000000 
0.512848 0.000000 
0.705314 -0.000000 
0.843414 -0.000000 
0.109244 0.000000 
-0.034365 0.000000 
0.000144 0.000000 
0.634434 0.000000 
0.367650 0.000000 
-0.040520 0.000000 
-0.514593 0.000000 
-0.988748 0.000000 
-0.321975 0.000000 
0.922599 0.000000 
0.295070 0.000000 
-0.605991 0.000000 
0.112615 0.000000 
0.136427 0.000000 
0.376931 0.000000 
0.255482 0.000000 
-0.689681 -0.000000 
0.061596 -0.000000 
-0.235862 0.000000 
-0.027790 0.000000 
0.532367 -0.000000 
-0.368876 -0.000000 
-0.415279 0.000000 
-0.074771 0.000000 
-0.877187 0.000000 
0.322569 0.000000 
1.298271 -0.000000 
-0.336263 -0.000000 
-0.571488 -0.000000 
0.576843 0.000000 
0.393443 0.000000 
-0.406470 0.000000 
-0.667664 0.000000 
-0.727974 -0.000000 
-1.298401 0.000000 
-0.054447 -0.000000 
0.179844 -0.000000 
0.876616 0.000000 
-0.341363 0.000000 
0.290216 -0.000000 
-0.431828 -0.000000 
-0.796311 0.000000 
0.948646 0.000000 
-0.339523 0.000000 
-0.224270 0.000000 
-0.440926 0.000000 
-0.013983 0.000000 
-0.659959 -0.000000 
-0.150200 -0.000000 
-0.434441 -0.000000 
-0.647453 0.000000 
0.040277 0.000000 
0.123271 0.000000 
-0.011566 -0.000000 
0.809910 0.000000 
0.557580 0.000000 
-0.351271 0.000000 
0.152859 0.000000 
0.134231 0.000000 
0.295661 -0.000000 
-0.112357 0.000000 
-0.113916 0.000000 
0.653039 -0.000000 
0.106317 -0.000000 
0.493949 0.000000 
-0.555632 -0.000000 
0.181792 0.000000 
-0.277045 0.000000 
-0.800265 -0.000000 
-0.407582 0.000000 
-0.723820 -0.000000 
0.458075 0.000000 
0.414647 0.000000 
0.335193 0.000000 
0.290509 -0.000000 
0.677724 0.000000 
-0.093682 -0.000000 
0.244724 0.000000 
0.823639 0.000000 
-0.390209 -0.000000 
0.369226 0.000000 
-0.155270 -0.000000 
0.175995 -0.000000 
0.114655 0.000000 
-0.494180 0.000000 
0.866591 0.000000 
0.457562 -0.000000 
0.402406 0.000000 
0.567327 -0.000000 
-0.650615 0.000000 
0.096987 -0.000000 
0.284909 -0.000000 
0.464752 -0.000000 
-0.954855 -0.000000 
0.255462 0.000000 
0.883866 -0.000000 
0.722639 -0.000000 
0.570213 0.000000 
0.874406 0.000000 
-0.593280 0.000000 
-0.004217 -0.000000 
0.750103 0.000000 
0.372147 0.000000 
-0.134986 0.000000 
1.139704 0.000000 
0.155659 0.000000 
0.091228 0.000000 
