-2.313114 2.313114 
0.000000 0.500000 -0.008641 
0.000000 0.000000 0.000000 

0.649131 -0.000000 
0.244274 0.000000 
-0.378092 0.000000 
0.470467 0.000000 
-0.336252 0.000000 
0.734593 0.000000 
-0.310884 0.000000 
0.127035 0.000000 
0.862754 0.000000 
-0.041868 -0.000000 
0.907248 0.000000 
0.324181 -0.000000 
0.834492 0.000000 
-0.371008 -0.000000 
-0.098623 -0.000000 
0.116568 -0.000000 
0.484387 0.000000 
0.127947 -0.000000 
0.204046 -0.000000 
-0.050428 -0.000000 
-0.970914 0.000000 
-0.725881 -0.000000 
0.650320 -0.000000 
-0.323322 0.000000 
0.144827 -0.000000 
0.581506 0.000000 
-0.515366 0.000000 
-0.546388 0.000000 
0.742416 0.000000 
0.305430 0.000000 
1.533787 -0.000000 
-0.706169 -0.000000 
0.282542 0.000000 
0.446582 -0.000000 
-0.627264 0.000000 
-1.084323 0.000000 
-0.276610 0.000000 
0.462759 0.000000 
-0.118807 0.000000 
0.535929 -0.000000 
-0.141376 0.000000 
0.673627 -0.000000 
0.219406 0.000000 
0.551750 -0.000000 
-0.466944 0.000000 
-0.252892 -0.000000 
-0.544156 0.000000 
0.216277 0.000000 
-0.127800 0.000000 
-0.133264 -0.000000 
0.046082 -0.000000 
0.223085 -0.000000 
0.055149 0.000000 
-0.040121 -0.000000 
-0.046962 0.000000 
-0.114940 -0.000000 
0.381912 -0.000000 
0.632889 -0.000000 
0.747250 -0.000000 
0.640327 0.000000 
0.256620 0.000000 
-0.257841 0.000000 
-0.059398 0.000000 
-0.068961 0.000000 
0.749267 0.000000 
-0.483449 0.000000 
-1.416507 0.000000 
0.371604 0.000000 
-0.652758 0.000000 
0.165536 -0.000000 
-0.038456 -0.000000 
-0.662864 0.000000 
-0.662508 -0.000000 
0.783982 0.000000 
-0.222075 -0.000000 
0.142041 0.000000 
-0.245921 0.000000 
-0.047373 0.000000 
0.328284 -0.000000 
-0.725343 -0.000000 
-0.238275 0.000000 
0.833227 0.000000 
-0.161220 0.000000 
-0.197764 -0.000000 
-0.359229 0.000000 
-0.083222 -0.000000 
-0.502603 -0.000000 
-0.344047 0.000000 
0.361648 -0.000000 
1.073136 0.000000 
-0.377503 0.000000 
-0.523042 -0.000000 
0.485870 0.000000 
0.264269 0.000000 
-0.318199 0.000000 
0.313342 0.000000 
-0.385531 0.000000 
0.286762 0.000000 
0.665052 0.000000 
-0.320636 0.000000 
-0.477405 -0.000000 
0.234253 0.000000 
0.200462 0.000000 
-0.288955 0.000000 
0.055289 -0.000000 
0.516205 0.000000 
-0.102099 0.000000 
0.064535 0.000000 
-0.533222 0.000000 
0.374806 0.000000 
-0.491361 -0.000000 
-0.685689 0.000000 
-0.959956 0.000000 
-0.198720 0.000000 
-0.330747 0.000000 
0.214050 0.000000 
0.646443 0.000000 
-0.148650 0.000000 
0.584989 -0.000000 
0.200651 0.000000 
-0.084228 -0.000000 
-0.599708 0.000000 
0.262015 0.000000 
-0.402131 0.000000 
0.516401 0.000000 
-0.409167 -0.000000 
-0.078591 0.000000 
0.467538 -0.000000 
0.201351 0.000000 
-0.203527 -0.000000 
0.063633 0.000000 
-0.533392 -0.000000 
0.283198 -0.000000 
-1.024271 0.000000 
-0.699304 0.000000 
0.251227 -0.000000 
-0.196889 -0.000000 
-0.033640 -0.000000 
-0.346440 0.000000 
0.407457 -0.000000 
0.106592 -0.000000 
0.195431 0.000000 
-0.055823 -0.000000 
0.472441 -0.000000 
0.139434 -0.000000 
0.104788 -0.000000 
0.100031 0.000000 
0.272123 0.000000 
-0.816622 0.000000 
-0.053234 -0.000000 
0.059982 0.000000 
-0.148698 0.000000 
0.224766 -0.000000 
-0.619565 -0.000000 
-0.363946 0.000000 
-0.127937 -0.000000 
0.515491 -0.000000 
0.482586 0.000000 
0.818254 0.000000 
0.042892 -0.000000 
0.531540 0.000000 
-0.168318 0.000000 
-0.329767 0.000000 
-0.044844 0.000000 
-0.448433 0.000000 
-0.603442 0.000000 
-0.633788 0.000000 
0.488750 -0.000000 
-0.256593 0.000000 
-0.149740 -0.000000 
-0.619886 0.000000 
0.015529 0.000000 
0.531042 0.000000 
0.269863 0.000000 
0.041937 0.000000 
0.184248 -0.000000 
0.076949 0.000000 
-0.123541 0.000000 
0.419217 0.000000 
0.153454 0.000000 
0.406513 0.000000 
0.301552 0.000000 
-0.229676 -0.000000 
-0.517994 0.000000 
0.119575 0.000000 
0.061102 0.000000 
-0.522564 0.000000 
-0.213627 0.000000 
-0.800467 0.000000 
0.050362 -0.000000 
0.091087 -0.000000 
0.710095 0.000000 
-0.197175 -0.000000 
0.758315 0.000000 
-0.283145 -0.000000 
-0.266613 -0.000000 
-0.441393 -0.000000 
-0.123768 -0.000000 
0.868176 -0.000000 
0.087652 0.000000 
0.296047 0.000000 
-0.027401 0.000000 
0.000936 -0.000000 
0.472943 0.000000 
0.459616 0.000000 
-0.353608 0.000000 
-0.453364 0.000000 
-0.025551 -0.000000 
0.517759 -0.000000 
-0.399846 0.000000 
0.143113 0.000000 
0.804311 0.000000 
0.711518 0.000000 
-0.186756 -0.000000 
-0.122371 0.000000 
-0.204549 0.000000 
0.688157 0.000000 
0.278544 -0.000000 
0.154482 -0.000000 
-0.001601 0.000000 
-0.591298 0.000000 
-0.463390 0.000000 
0.425535 0.000000 
0.216086 0.000000 
-0.231653 -0.000000 
0.176087 0.000000 
-0.266985 -0.000000 
-0.067080 0.000000 
-0.035640 -0.000000 
-0.403554 0.000000 
-0.527797 -0.000000 
0.485247 0.000000 
-0.508783 -0.000000 
0.461298 -0.000000 
0.397901 -0.000000 
-0.669072 -0.000000 
-0.782303 0.000000 
0.241521 0.000000 
-0.134960 0.000000 
-1.196867 0.000000 
-0.861483 -0.000000 
0.924806 -0.000000 
-0.106300 -0.000000 
-0.239819 0.000000 
-0.947619 0.000000 
-0.120251 0.000000 
-0.869084 -0.000000 
-0.054435 0.000000 
0.605454 0.000000 
-0.165665 -0.000000 
0.046603 -0.000000 
0.958192 0.000000 
-0.151412 -0.000000 
0.353263 0.000000 
-0.340596 -0.000000 
-0.125030 0.000000 
0.664221 0.000000 
0.429069 -0.000000 
-0.448640 -0.000000 
-1.022673 0.000000 
0.416350 0.000000 
-0.398749 0.000000 
-0.097081 0.000000 
0.140893 -0.000000 
-0.193834 0.000000 
0.226814 -0.000000 
-0.237479 -0.000000 
-0.196367 0.000000 
-0.933247 0.000000 
-0.700135 0.000000 
-0.213659 0.000000 
0.008360 0.000000 
-0.615973 0.000000 
-1.095799 0.000000 
-0.739095 0.000000 
-1.325752 -0.000000 
0.426556 0.000000 
-1.076079 0.000000 
-0.556879 -0.000000 
-0.052512 0.000000 
-0.909765 0.000000 
0.614657 0.000000 
-0.222717 0.000000 
0.128997 -0.000000 
-0.292061 0.000000 
0.004661 0.000000 
0.305618 -0.000000 
0.927171 -0.000000 
-0.043466 0.000000 
0.271711 0.000000 
0.033713 0.000000 
-0.286594 -0.000000 
-0.250454 0.000000 
0.439336 0.000000 
-0.004649 -0.000000 
0.022739 0.000000 
-0.029726 0.000000 
0.541181 0.000000 
0.874436 -0.000000 
-0.217205 -0.000000 
0.294392 0.000000 
0.373709 0.000000 
-1.176025 -0.000000 
0.260101 -0.000000 
-0.114401 0.000000 
-0.397342 0.000000 
0.167301 0.000000 
-0.193820 -0.000000 
-0.309357 0.000000 
-0.320141 -0.000000 
0.196550 0.000000 
-0.132931 0.000000 
-0.021139 0.000000 
0.133403 0.000000 
-0.386381 0.000000 
0.058977 0.000000 
0.289981 0.000000 
0.285061 0.000000 
-0.165020 0.000000 
0.337236 0.000000 
0.528693 -0.000000 
-0.338372 0.000000 
-0.316594 0.000000 
-0.130841 -0.000000 
-0.780096 0.000000 
0.347686 0.000000 
-0.438006 -0.000000 
-0.622254 0.000000 
0.410309 0.000000 
-0.335032 0.000000 
-0.057050 0.000000 
0.336417 0.000000 
0.512481 0.000000 
-0.447415 -0.000000 
-0.553234 -0.000000 
-0.007904 0.000000 
0.066656 0.000000 
0.452397 -0.000000 
0.000034 -0.000000 
0.122496 -0.000000 
0.556955 0.000000 
0.090018 0.000000 
0.578307 -0.000000 
-0.056120 0.000000 
0.155577 0.000000 
-0.146715 -0.000000 
-0.990773 0.000000 
-0.513840 -0.000000 
0.677459 0.000000 
-1.230649 0.000000 
0.234884 0.000000 
0.267357 -0.000000 
-0.265261 -0.000000 
1.424189 0.000000 
0.586332 0.000000 
-0.298030 0.000000 
-0.524529 0.000000 
-1.116950 0.000000 
0.668322 -0.000000 
0.217547 0.000000 
-0.131204 -0.000000 
-0.126470 0.000000 
-0.055984 -0.000000 
-0.151419 0.000000 
0.176411 0.000000 
-0.287521 0.000000 
-0.388810 0.000000 
-0.934968 0.000000 
-0.371273 0.000000 
0.924802 0.000000 
0.702815 -0.000000 
-0.673943 0.000000 
0.131728 -0.000000 
0.158367 0.000000 
-0.026931 0.000000 
0.273481 0.000000 
0.403201 0.000000 
-0.305008 0.000000 
0.202581 0.000000 
-0.233423 0.000000 
0.018646 -0.000000 
0.433004 0.000000 
-0.536449 -0.000000 
0.028909 0.000000 
-0.107594 0.000000 
-0.237224 0.000000 
-0.090454 0.000000 
0.201290 0.000000 
-0.179241 -0.000000 
-0.487188 0.000000 
0.062479 -0.000000 
-0.188062 0.000000 
0.177287 -0.000000 
0.011747 0.000000 
0.012832 0.000000 
0.565414 -0.000000 
0.019469 0.000000 
-0.347852 -0.000000 
0.460174 0.000000 
-0.355681 0.000000 
0.186375 0.000000 
-0.317140 0.000000 
0.771116 0.000000 
-0.375241 0.000000 
0.146919 0.000000 
0.544496 0.000000 
0.011342 0.000000 
-0.005756 0.000000 
-0.504035 0.000000 
-0.062662 0.000000 
0.144003 0.000000 
0.597400 0.000000 
-0.523422 -0.000000 
-0.275604 0.000000 
-0.141555 0.000000 
-0.592630 0.000000 
-1.610965 -0.000000 
0.389032 -0.000000 
0.438488 0.000000 
-0.166606 0.000000 
-0.405398 0.000000 
0.446878 0.000000 
-0.774751 0.000000 
-0.929145 0.000000 
0.081475 0.000000 
-0.041958 0.000000 
-0.623586 -0.000000 
0.021421 0.000000 
-0.903848 -0.000000 
-0.692419 -0.000000 
1.177589 -0.000000 
-0.654486 -0.000000 
0.291200 0.000000 
0.378268 0.000000 
-0.176681 0.000000 
0.026623 0.000000 
0.322805 -0.000000 
-1.330881 0.000000 
0.782885 -0.000000 
-0.173348 0.000000 
0.059343 0.000000 
-0.269404 0.000000 
-0.596608 -0.000000 
1.245649 -0.000000 
0.970103 0.000000 
0.698987 0.000000 
0.138630 0.000000 
-0.256774 -0.000000 
-0.892522 0.000000 
0.793328 0.000000 
0.100238 0.000000 
0.155549 0.000000 
0.182146 0.000000 
-0.269266 0.000000 
0.014233 -0.000000 
-0.400228 -0.000000 
0.238068 -0.000000 
0.135482 0.000000 
0.139338 0.000000 
0.381997 0.000000 
-0.685651 -0.000000 
-0.219465 -0.000000 
-0.049954 -0.000000 
0.557194 0.000000 
0.586557 -0.000000 
0.310845 -0.000000 
0.705443 0.000000 
0.222560 0.000000 
-0.351090 0.000000 
-0.695632 0.000000 
0.185154 0.000000 
-0.270148 0.000000 
-0.098584 0.000000 
0.324239 -0.000000 
-0.417008 0.000000 
0.170556 -0.000000 
-0.251906 0.000000 
0.209887 0.000000 
-0.165440 0.000000 
-0.189473 -0.000000 
-0.506620 0.000000 
-0.454241 -0.000000 
-0.328946 -0.000000 
0.142902 0.000000 
-0.035226 0.000000 
-0.157999 0.000000 
0.195639 0.000000 
-0.277028 0.000000 
-0.020251 0.000000 
-0.342282 0.000000 
0.539120 0.000000 
-0.867066 0.000000 
-0.512741 -0.000000 
0.260849 0.000000 
0.505689 0.000000 
-0.066143 0.000000 
0.347276 0.000000 
-0.027960 0.000000 
-0.432325 0.000000 
-0.453063 -0.000000 
-0.259912 0.000000 
0.259545 0.000000 
-0.739465 0.000000 
0.385036 -0.000000 
-0.094678 -0.000000 
-0.653045 -0.000000 
0.265505 0.000000 
0.098014 0.000000 
-0.485236 0.000000 
-0.641598 -0.000000 
-0.014346 0.000000 
-0.811060 0.000000 
-0.892009 0.000000 
-0.352386 0.000000 
-0.469995 -0.000000 
-1.127886 0.000000 
-0.554912 0.000000 
0.299280 0.000000 
-0.065484 0.000000 
-0.152486 -0.000000 
0.293954 0.000000 
-0.436054 -0.000000 
-0.082923 -0.000000 
-0.685437 0.000000 
0.147238 0.000000 
0.090215 0.000000 
-0.070785 -0.000000 
0.168327 -0.000000 
-0.450322 0.000000 
-0.385489 0.000000 
-0.198274 0.000000 
1.172554 -0.000000 
-0.383959 -0.000000 
-0.228932 0.000000 
-0.466495 0.000000 
-0.005515 -0.000000 
-0.184490 0.000000 
0.558825 0.000000 
0.095226 -0.000000 
0.644927 0.000000 
-0.187141 0.000000 
-0.840953 0.000000 
0.498182 -0.000000 
0.178557 0.000000 
0.590688 0.000000 
-0.351492 0.000000 
-0.612407 -0.000000 
-0.751486 0.000000 
-0.001731 0.000000 
0.173937 0.000000 
0.504015 0.000000 
0.793205 0.000000 
-0.845654 -0.000000 
-0.232915 0.000000 
0.531837 -0.000000 
-0.071615 0.000000 
-1.233939 0.000000 
-0.325787 -0.000000 
0.876470 -0.000000 
0.049921 0.000000 
-0.457337 -0.000000 
-0.405023 0.000000 
0.015931 -0.000000 
0.365642 -0.000000 
0.550103 0.000000 
-0.883679 -0.000000 
-0.885329 0.000000 
-0.201183 -0.000000 
0.267232 -0.000000 
0.122385 0.000000 
-1.164979 0.000000 
0.440740 0.000000 
-0.361775 0.000000 
0.663532 -0.000000 
0.553725 0.000000 
0.676761 -0.000000 
0.869750 0.000000 
-0.103898 0.000000 
-0.483532 0.000000 
-0.157827 0.000000 
-0.338617 0.000000 
-0.146477 -0.000000 
0.084737 0.000000 
-0.645854 0.000000 
-0.574742 -0.000000 
0.255444 -0.000000 
-0.384095 0.000000 
-0.337687 -0.000000 
0.144259 0.000000 
-0.715437 0.000000 
0.116264 -0.000000 
-0.096155 0.000000 
-0.296815 0.000000 
-0.525516 0.000000 
-0.726013 0.000000 
-0.601391 -0.000000 
0.028658 -0.000000 
0.853721 0.000000 
0.099036 0.000000 
-0.314538 0.000000 
0.550638 0.000000 
-0.944261 -0.000000 
0.128496 0.000000 
0.286323 0.000000 
-0.431880 -0.000000 
-0.006776 0.000000 
-0.538860 0.000000 
0.090922 0.000000 
-0.578633 0.000000 
-0.071810 -0.000000 
0.823419 0.000000 
0.438519 -0.000000 
0.313353 0.000000 
0.142080 0.000000 
-0.826050 -0.000000 
0.016125 0.000000 
-0.794851 0.000000 
0.325522 0.000000 
-0.393311 0.000000 
0.040289 0.000000 
-0.349042 0.000000 
0.418218 -0.000000 
0.751987 -0.000000 
0.242626 -0.000000 
-0.511281 0.000000 
0.203815 0.000000 
0.479780 0.000000 
-0.397282 0.000000 
-0.401872 -0.000000 
-0.357072 0.000000 
-0.213239 -0.000000 
0.301796 0.000000 
-0.129253 -0.000000 
0.524249 -0.000000 
0.532142 0.000000 
0.117908 0.000000 
0.427320 -0.000000 
-0.375853 0.000000 
0.379049 0.000000 
0.114910 0.000000 
0.259556 0.000000 
-0.301703 -0.000000 
-0.517878 -0.000000 
-0.258120 -0.000000 
0.106611 0.000000 
-0.418851 -0.000000 
0.985485 0.000000 
-0.415751 0.000000 
-0.416779 0.000000 
0.157625 0.000000 
-0.159052 -0.000000 
-0.278459 0.000000 
0.574026 -0.000000 
-0.078540 0.000000 
-0.065996 0.000000 
-0.314335 0.000000 
-0.616309 0.000000 
0.057042 0.000000 
-0.268510 0.000000 
0.060723 -0.000000 
0.026271 -0.000000 
0.663053 -0.000000 
0.385151 -0.000000 
-0.873504 -0.000000 
0.064359 0.000000 
0.899268 -0.000000 
0.335301 0.000000 
-0.103006 -0.000000 
-0.919201 0.000000 
-0.175256 0.000000 
-0.456045 0.000000 
-0.043078 0.000000 
0.346176 0.000000 
-0.109983 0.000000 
0.093081 -0.000000 
-0.277896 -0.000000 
0.299984 -0.000000 
-0.404171 -0.000000 
-0.483349 0.000000 
-0.073363 0.000000 
0.002020 -0.000000 
-0.148204 -0.000000 
0.054419 -0.000000 
-0.925784 0.000000 
0.067542 -0.000000 
-0.391882 0.000000 
0.476983 0.000000 
-0.674108 0.000000 
0.195649 0.000000 
-0.196872 0.000000 
0.857233 0.000000 
0.228440 -0.000000 
-0.504852 0.000000 
0.134122 -0.000000 
0.166008 0.000000 
-0.438050 0.000000 
0.279665 -0.000000 
0.997060 0.000000 
-0.262725 0.000000 
0.358669 0.000000 
0.648773 0.000000 
-0.125718 0.000000 
0.256633 0.000000 
-0.672260 0.000000 
0.762592 0.000000 
0.921168 -0.000000 
0.417971 0.000000 
-0.123744 -0.000000 
0.210662 0.000000 
0.245927 0.000000 
-0.180968 -0.000000 
-0.300650 0.000000 
-0.441969 0.000000 
-0.261303 0.000000 
0.096317 0.000000 
0.015316 0.000000 
-0.136088 0.000000 
0.555805 -0.000000 
0.311816 0.000000 
-0.733135 0.000000 
0.114132 0.000000 
-0.764176 0.000000 
-0.463720 0.000000 
-0.354200 0.000000 
0.466194 -0.000000 
0.058256 0.000000 
-0.248304 0.000000 
0.096556 0.000000 
0.540363 0.000000 
-0.113209 -0.000000 
-0.566245 0.000000 
-0.832251 0.000000 
-0.417032 0.000000 
-0.333475 0.000000 
0.835469 0.000000 
0.313294 -0.000000 
-0.566846 -0.000000 
-0.212485 -0.000000 
0.218242 0.000000 
-0.270539 0.000000 
0.135378 0.000000 
-0.089317 0.000000 
0.832917 -0.000000 
-0.315592 -0.000000 
0.096452 0.000000 
-0.036874 0.000000 
-0.810439 0.000000 
0.078401 0.000000 
0.141060 0.000000 
0.084504 0.000000 
-0.545864 0.000000 
-0.488765 0.000000 
0.078181 0.000000 
-0.030198 -0.000000 
0.369398 0.000000 
0.060412 0.000000 
0.574401 0.000000 
-0.246655 0.000000 
-0.361796 -0.000000 
0.144516 0.000000 
0.180402 0.000000 
-0.955969 -0.000000 
0.001792 -0.000000 
0.517441 0.000000 
-0.735484 0.000000 
0.942959 -0.000000 
1.135056 0.000000 
0.563380 0.000000 
-0.305082 0.000000 
-0.402889 -0.000000 
0.128688 -0.000000 
1.006063 0.000000 
-1.311337 -0.000000 
0.439950 0.000000 
-0.332353 0.000000 
0.536507 0.000000 
-0.474221 0.000000 
-0.524712 0.000000 
0.609330 0.000000 
0.602078 0.000000 
0.283504 -0.000000 
-0.822287 0.000000 
0.172521 0.000000 
-0.501828 -0.000000 
0.330265 0.000000 
0.208482 0.000000 
0.232079 -0.000000 
0.100959 -0.000000 
0.575225 0.000000 
-0.156124 -0.000000 
0.143040 0.000000 
0.064667 0.000000 
0.395148 -0.000000 
0.080882 0.000000 
0.480209 0.000000 
-0.509008 -0.000000 
0.438234 -0.000000 
0.178396 0.000000 
0.134815 0.000000 
0.404970 -0.000000 
0.374416 0.000000 
0.251062 -0.000000 
-0.976214 0.000000 
0.668227 0.000000 
1.419356 0.000000 
-0.487624 0.000000 
0.866300 0.000000 
0.207210 0.000000 
-0.235798 0.000000 
-0.214022 0.000000 
-0.041404 0.000000 
-0.654198 -0.000000 
0.831803 0.000000 
0.562985 -0.000000 
-0.550145 0.000000 
-0.155635 0.000000 
0.121639 0.000000 
-0.575071 0.000000 
0.323626 0.000000 
-0.192004 0.000000 
-0.101972 0.000000 
0.045119 0.000000 
-0.308405 0.000000 
0.416209 0.000000 
-0.686458 0.000000 
0.209460 -0.000000 
0.167060 -0.000000 
0.672131 -0.000000 
-0.245624 0.000000 
0.542395 -0.000000 
-0.168137 0.000000 
-0.023418 0.000000 
-0.387504 -0.000000 
0.276323 0.000000 
0.664094 -0.000000 
-0.590585 -0.000000 
-0.168676 0.000000 
-0.639778 0.000000 
0.597724 0.000000 
0.404493 0.000000 
-0.709177 0.000000 
0.068915 0.000000 
0.483091 0.000000 
-0.562120 0.000000 
0.293328 0.000000 
0.442345 0.000000 
-0.217404 -0.000000 
-0.267881 0.000000 
0.046681 -0.000000 
-0.071869 0.000000 
-0.039256 0.000000 
-0.455664 -0.000000 
0.316677 0.000000 
-0.183307 0.000000 
0.391199 0.000000 
0.423506 -0.000000 
0.049338 -0.000000 
-0.243357 0.000000 
-0.576278 0.000000 
0.223562 -0.000000 
-0.558254 0.000000 
0.085104 0.000000 
-0.139149 -0.000000 
0.518260 -0.000000 
0.114490 0.000000 
0.372734 -0.000000 
0.369430 0.000000 
0.958436 0.000000 
-0.422029 -0.000000 
0.105066 0.000000 
0.709792 -0.000000 
-0.209729 0.000000 
0.295101 -0.000000 
-0.163076 -0.000000 
0.525795 0.000000 
-0.034499 -0.000000 
-0.514299 0.000000 
0.144912 0.000000 
0.073265 0.000000 
0.009813 -0.000000 
0.054085 0.000000 
-0.100597 -0.000000 
-0.490473 0.000000 
-1.188294 -0.000000 
0.184644 0.000000 
0.386511 -0.000000 
-0.245625 -0.000000 
-0.176950 -0.000000 
0.493338 -0.000000 
-0.965845 0.000000 
0.820818 0.000000 
0.274749 -0.000000 
0.545905 0.000000 
-0.221343 -0.000000 
0.838383 -0.000000 
-0.210919 0.000000 
-0.052297 0.000000 
0.103863 0.000000 
0.453668 0.000000 
0.449054 -0.000000 
0.884973 0.000000 
-0.108948 0.000000 
-0.204442 -0.000000 
-0.744263 -0.000000 
0.474421 0.000000 
0.023606 -0.000000 
-0.797224 0.000000 
0.427230 -0.000000 
-0.226773 -0.000000 
0.603336 0.000000 
-0.278418 0.000000 
-0.581600 0.000000 
-0.333073 0.000000 
0.208943 0.000000 
-0.234890 -0.000000 
-0.118043 0.000000 
0.287024 0.000000 
-0.184399 -0.000000 
0.361329 0.000000 
-0.540423 -0.000000 
-0.484627 0.000000 
0.435348 0.000000 
0.084931 0.000000 
-0.174811 -0.000000 
0.446610 -0.000000 
0.614700 0.000000 
-0.352798 -0.000000 
-0.634002 0.000000 
0.370390 0.000000 
-0.166478 0.000000 
0.926161 0.000000 
-0.722183 0.000000 
0.354557 0.000000 
-0.200846 0.000000 
-0.662632 0.000000 
-0.104655 0.000000 
-0.729484 0.000000 
0.067211 0.000000 
-1.219002 0.000000 
0.687901 0.000000 
0.473413 -0.000000 
-0.451504 0.000000 
1.077123 0.000000 
-0.598280 -0.000000 
0.119755 0.000000 
0.085402 0.000000 
0.463335 0.000000 
0.614453 0.000000 
0.431196 0.000000 
0.031633 -0.000000 
-0.068233 -0.000000 
-0.250283 -0.000000 
0.170208 0.000000 
0.296129 -0.000000 
-0.066344 0.000000 
0.907588 -0.000000 
-0.058718 -0.000000 
0.738964 0.000000 
0.395451 -0.000000 
-0.898376 0.000000 
-0.942849 0.000000 
-0.101964 0.000000 
0.190117 0.000000 
-0.729749 0.000000 
-0.019963 -0.000000 
0.190117 -0.000000 
0.328359 0.000000 
-0.310988 0.000000 
0.080888 -0.000000 
0.362671 0.000000 
-0.839086 0.000000 
0.085037 0.000000 
-0.294588 0.000000 
0.686653 0.000000 
1.099173 -0.000000 
0.224636 0.000000 
0.027464 0.000000 
0.393265 -0.000000 
-0.183438 -0.000000 
-0.084599 0.000000 
0.891865 0.000000 
-0.542775 0.000000 
0.119448 0.000000 
-0.620867 0.000000 
-0.439090 0.000000 
0.057104 0.000000 
0.323083 0.000000 
0.286838 0.000000 
-0.947037 0.000000 
-0.983016 0.000000 
0.126775 0.000000 
-0.238999 0.000000 
0.595796 0.000000 
-0.931780 0.000000 
-0.601160 0.000000 
0.613785 -0.000000 
-1.292242 0.000000 
0.527055 0.000000 
0.530557 0.000000 
1.143477 0.000000 
0.444733 0.000000 
-0.314850 0.000000 
0.103343 -0.000000 
0.837617 0.000000 
-0.498677 -0.000000 
0.329263 -0.000000 
-0.015913 0.000000 
0.479479 0.000000 
-0.169026 0.000000 
-0.239344 -0.000000 
0.101169 -0.000000 
-0.220436 0.000000 
0.355462 0.000000 
0.122139 -0.000000 
0.437934 0.000000 
-0.370080 0.000000 
0.664765 -0.000000 
-0.168164 0.000000 
-0.740100 0.000000 
-0.474290 0.000000 
0.104314 -0.000000 
0.162932 0.000000 
0.088032 0.000000 
0.192721 0.000000 
-0.278403 -0.000000 
0.980076 -0.000000 
-0.366824 -0.000000 
-0.168552 -0.000000 
-0.527864 0.000000 
-0.068744 0.000000 
-0.537640 0.000000 
-0.072053 -0.000000 
-0.813390 -0.000000 
-0.050267 0.000000 
-0.200651 0.000000 
-0.542575 0.000000 
-0.586086 0.000000 
0.133660 0.000000 
-0.975349 -0.000000 
-0.386650 0.000000 
-0.538911 0.000000 
-0.887169 0.000000 
-0.517530 0.000000 
-1.028557 0.000000 
-0.215401 0.000000 
0.023615 -0.000000 
0.479351 0.000000 
-0.375265 0.000000 
-0.392982 0.000000 
-0.062150 -0.000000 
-0.128636 -0.000000 
0.278854 0.000000 
0.354047 -0.000000 
0.518640 0.000000 
-0.156146 0.000000 
0.302584 0.000000 
-0.476915 0.000000 
-0.270110 0.000000 
0.045385 0.000000 
-0.079054 0.000000 
-0.224859 0.000000 
0.293178 -0.000000 
-0.075582 0.000000 
-0.093113 0.000000 
-1.113867 0.000000 
0.670090 0.000000 
-0.548120 -0.000000 
-0.054813 0.000000 
0.706218 0.000000 
0.784111 0.000000 
-0.529733 0.000000 
-0.473910 0.000000 
0.231035 0.000000 
0.772479 0.000000 
0.375914 0.000000 
-0.829996 0.000000 
-0.010741 0.000000 
-0.173661 -0.000000 
0.036070 -0.000000 
-0.429193 0.000000 
-1.094034 -0.000000 
-0.180553 0.000000 
-0.652386 0.000000 
0.036517 -0.000000 
-0.444034 -0.000000 
0.114728 0.000000 
-0.220973 -0.000000 
0.008628 0.000000 
-0.181089 0.000000 
-0.034295 0.000000 
0.149023 0.000000 
0.345485 -0.000000 
0.927831 0.000000 
-0.277229 0.000000 
0.321571 0.000000 
0.211156 0.000000 
-0.244040 0.000000 
0.375177 0.000000 
0.028045 -0.000000 
0.114666 0.000000 
-0.256037 0.000000 
-0.104661 -0.000000 
1.213480 0.000000 
-0.678577 0.000000 
-0.574958 0.000000 
0.749105 -0.000000 
-0.040408 -0.000000 
0.065524 0.000000 
-0.050370 0.000000 
-0.542686 0.000000 
-0.505477 -0.000000 
-0.357384 -0.000000 
0.667262 0.000000 
-0.434004 0.000000 
-0.152090 0.000000 
-1.017331 0.000000 
0.200535 -0.000000 
-0.944433 0.000000 
-0.265306 0.000000 
0.300770 0.000000 
-0.312782 -0.000000 
0.198311 -0.000000 
1.354004 0.000000 
-0.240393 0.000000 
0.414347 0.000000 
0.068129 -0.000000 
0.368923 0.000000 
-0.336702 0.000000 
0.140038 0.000000 
0.256948 0.000000 
0.122411 0.000000 
-0.988467 0.000000 
0.940178 0.000000 
-0.214098 -0.000000 
-0.262396 0.000000 
0.334095 0.000000 
0.177726 0.000000 
0.273287 0.000000 
0.182514 -0.000000 
0.744056 0.000000 
-0.071014 0.000000 
0.327929 0.000000 
0.813292 -0.000000 
-0.417169 -0.000000 
0.515733 -0.000000 
0.599078 0.000000 
-0.298142 0.000000 
-0.681761 0.000000 
-0.053110 0.000000 
0.125846 0.000000 
0.128317 0.000000 
-0.174979 -0.000000 
0.029207 0.000000 
0.545857 -0.000000 
-0.841684 0.000000 
-1.566238 0.000000 
0.436638 0.000000 
-0.869215 0.000000 
0.306829 -0.000000 
-0.063540 0.000000 
-0.165336 0.000000 
-0.146444 0.000000 
0.129362 0.000000 
0.051619 0.000000 
-1.064255 0.000000 
0.300272 0.000000 
0.465128 0.000000 
-0.942288 0.000000 
-0.454379 0.000000 
-0.460373 0.000000 
0.350682 0.000000 
0.324991 -0.000000 
0.206903 -0.000000 
0.629860 0.000000 
0.230841 0.000000 
0.211248 -0.000000 
-0.068941 0.000000 
-0.096198 0.000000 
-0.683699 0.000000 
-0.341076 0.000000 
-0.170688 -0.000000 
0.472764 0.000000 
0.056156 -0.000000 
0.812322 -0.000000 
-0.013610 -0.000000 
0.148643 0.000000 
0.481025 -0.000000 
-0.535566 0.000000 
0.349289 0.000000 
0.652910 0.000000 
-0.321997 -0.000000 
1.048758 -0.000000 
-0.609832 0.000000 
-0.773260 0.000000 
-0.041347 0.000000 
-0.301534 0.000000 
-0.100623 0.000000 
-0.514446 -0.000000 
0.590269 0.000000 
-0.359317 -0.000000 
0.086359 0.000000 
-0.249614 0.000000 
1.031013 -0.000000 
0.052859 0.000000 
-0.685830 -0.000000 
-0.147959 -0.000000 
-0.028555 -0.000000 
0.568562 0.000000 
-0.320586 0.000000 
-0.221068 0.000000 
0.101739 0.000000 
0.072936 -0.000000 
-1.102002 0.000000 
-0.323584 0.000000 
-0.002638 0.000000 
1.177591 -0.000000 
-0.915024 -0.000000 
-0.761258 0.000000 
-0.415457 0.000000 
0.523086 0.000000 
0.975929 0.000000 
-0.984671 0.000000 
-0.297734 0.000000 
-0.659878 0.000000 
0.331531 -0.000000 
0.306325 -0.000000 
-0.253685 0.000000 
0.452606 0.000000 
0.690529 0.000000 
-0.078552 0.000000 
0.426862 -0.000000 
0.392321 0.000000 
0.290387 0.000000 
0.205090 0.000000 
0.090827 0.000000 
0.127755 0.000000 
-0.385500 0.000000 
1.326922 0.000000 
-0.148906 0.000000 
0.205920 0.000000 
-0.100426 0.000000 
-0.812193 0.000000 
-0.041641 0.000000 
-0.584288 0.000000 
-0.010542 -0.000000 
-0.170900 -0.000000 
0.590901 0.000000 
-0.463659 0.000000 
-0.265357 0.000000 
-0.090165 -0.000000 
0.549523 0.000000 
-0.066886 0.000000 
0.396242 0.000000 
-0.213493 0.000000 
-0.292714 0.000000 
-0.338498 0.000000 
0.097953 0.000000 
0.549018 0.000000 
-0.020550 -0.000000 
0.374624 0.000000 
0.211453 -0.000000 
0.497331 -0.000000 
-0.549725 0.000000 
-0.523842 0.000000 
0.747138 0.000000 
0.300419 0.000000 
0.367178 0.000000 
0.279664 0.000000 
-0.342728 0.000000 
0.485685 0.000000 
0.169308 -0.000000 
0.530412 -0.000000 
-0.708791 -0.000000 
-0.343303 0.000000 
0.194021 0.000000 
0.060344 0.000000 
-0.622919 0.000000 
-0.623260 -0.000000 
0.450270 0.000000 
0.057976 0.000000 
-1.000242 -0.000000 
0.111592 0.000000 
0.481305 -0.000000 
0.036940 0.000000 
0.784657 0.000000 
0.462280 0.000000 
-0.627579 0.000000 
-0.120667 0.000000 
-0.329074 0.000000 
-0.787396 0.000000 
-0.856391 0.000000 
0.425837 0.000000 
0.169685 0.000000 
-0.266426 0.000000 
-0.222819 -0.000000 
0.669058 0.000000 
-0.185824 0.000000 
0.388689 0.000000 
0.797370 0.000000 
-0.203607 -0.000000 
-0.102310 0.000000 
-0.540056 0.000000 
0.037398 -0.000000 
0.564702 -0.000000 
0.552397 0.000000 
-0.593706 0.000000 
-0.019263 -0.000000 
-0.957112 -0.000000 
0.401572 -0.000000 
-0.271905 0.000000 
-0.063062 0.000000 
0.302631 -0.000000 
-0.812074 0.000000 
0.725464 0.000000 
0.580676 0.000000 
-0.005274 0.000000 
0.127898 0.000000 
0.415955 -0.000000 
-0.012200 0.000000 
1.054197 0.000000 
0.105976 0.000000 
-0.635419 0.000000 
0.187650 0.000000 
-0.718064 -0.000000 
0.088718 0.000000 
-0.113933 0.000000 
0.364187 0.000000 
0.153479 0.000000 
0.114550 0.000000 
-0.055826 0.000000 
0.088641 0.000000 
0.359243 0.000000 
0.191129 -0.000000 
-0.469843 0.000000 
0.308025 -0.000000 
-0.395177 0.000000 
-0.540084 -0.000000 
0.272216 -0.000000 
-0.597641 -0.000000 
-0.004510 -0.000000 
-0.155021 0.000000 
0.807987 0.000000 
-0.579635 -0.000000 
-0.038930 -0.000000 
-0.601955 0.000000 
0.166333 -0.000000 
-0.577536 0.000000 
0.852868 -0.000000 
0.158201 -0.000000 
0.469095 0.000000 
0.136428 -0.000000 
0.067894 0.000000 
-0.105632 0.000000 
-0.246297 -0.000000 
0.504680 0.000000 
-0.577320 0.000000 
0.327999 -0.000000 
0.228969 -0.000000 
0.029224 -0.000000 
-0.292143 0.000000 
-0.746639 -0.000000 
-0.259742 0.000000 
0.056023 0.000000 
-0.282291 0.000000 
-0.826368 0.000000 
-0.634946 -0.000000 
-1.224428 0.000000 
0.157836 -0.000000 
0.101759 0.000000 
-0.790718 -0.000000 
-0.590720 -0.000000 
0.025897 0.000000 
-0.610703 0.000000 
-0.170232 0.000000 
-0.511480 -0.000000 
0.104123 0.000000 
0.071764 0.000000 
-0.112600 0.000000 
-0.863550 0.000000 
-0.822702 0.000000 
1.026638 0.000000 
-0.203811 0.000000 
0.356018 0.000000 
0.511669 -0.000000 
0.046057 0.000000 
-0.298700 0.000000 
-0.283535 0.000000 
-0.728657 0.000000 
0.129583 -0.000000 
-0.432837 0.000000 
-0.672727 0.000000 
0.103276 0.000000 
-0.280583 0.000000 
-0.213962 0.000000 
0.104096 0.000000 
0.283458 0.000000 
0.668450 0.000000 
-0.099906 0.000000 
-0.620959 -0.000000 
-0.321847 -0.000000 
-0.373743 0.000000 
0.455245 0.000000 
-0.518587 0.000000 
0.242137 0.000000 
-0.065131 0.000000 
0.772641 0.000000 
0.258122 0.000000 
-0.125229 0.000000 
-0.148793 -0.000000 
0.290521 0.000000 
0.724555 0.000000 
-0.437307 -0.000000 
-0.338298 0.000000 
-0.370716 0.000000 
0.014828 -0.000000 
1.131796 0.000000 
-0.295093 -0.000000 
0.479330 0.000000 
-0.855447 0.000000 
0.202435 0.000000 
0.618824 -0.000000 
-0.187941 0.000000 
0.527421 0.000000 
0.126425 0.000000 
1.305388 0.000000 
-0.353959 0.000000 
-0.035475 0.000000 
-0.056125 -0.000000 
-0.580358 0.000000 
-0.229494 0.000000 
0.648724 0.000000 
-0.271272 0.000000 
-0.202815 0.000000 
0.469439 -0.000000 
0.392344 0.000000 
-0.333268 0.000000 
-0.197986 0.000000 
0.347668 -0.000000 
-0.558084 0.000000 
-0.150792 -0.000000 
0.542882 0.000000 
-0.244811 -0.000000 
1.240047 0.000000 
-0.537215 0.000000 
0.367975 -0.000000 
1.020849 0.000000 
-0.159395 0.000000 
-0.372600 0.000000 
0.672967 -0.000000 
0.136769 0.000000 
0.396931 0.000000 
-0.800988 0.000000 
-0.017787 -0.000000 
-0.036159 -0.000000 
0.123461 0.000000 
0.226678 -0.000000 
0.870831 -0.000000 
-0.093245 0.000000 
-0.461014 0.000000 
0.127378 0.000000 
0.147999 -0.000000 
0.548966 0.000000 
0.162588 0.000000 
-0.344850 0.000000 
0.221968 -0.000000 
-0.209934 -0.000000 
0.075619 0.000000 
-0.197868 0.000000 
0.376376 0.000000 
-0.083205 -0.000000 
0.840982 -0.000000 
0.085390 -0.000000 
-0.444830 -0.000000 
0.311433 0.000000 
1.452304 -0.000000 
0.251588 0.000000 
-0.104346 0.000000 
-0.097335 0.000000 
-0.959566 0.000000 
0.097158 0.000000 
-0.269987 0.000000 
0.379551 -0.000000 
0.050486 0.000000 
0.354449 0.000000 
-0.217597 0.000000 
-0.217374 0.000000 
0.791499 0.000000 
0.503292 -0.000000 
0.460594 0.000000 
-1.244513 0.000000 
-0.349727 0.000000 
0.267284 -0.000000 
-0.012904 -0.000000 
0.469544 -0.000000 
0.158202 0.000000 
0.440150 0.000000 
0.246474 0.000000 
-0.011259 0.000000 
-0.758711 -0.000000 
0.684997 0.000000 
0.117928 0.000000 
0.204129 0.000000 
0.624423 -0.000000 
0.551577 0.000000 
0.225449 -0.000000 
-0.081617 -0.000000 
0.285465 -0.000000 
0.039198 0.000000 
-0.948972 -0.000000 
-0.090138 0.000000 
0.086436 0.000000 
-0.447665 -0.000000 
-0.234967 0.000000 
-0.258313 0.000000 
0.032649 -0.000000 
-0.796439 0.000000 
-0.274513 0.000000 
-0.016384 0.000000 
-0.032696 0.000000 
0.429695 0.000000 
0.355472 0.000000 
-0.104167 0.000000 
-0.233504 0.000000 
0.723221 -0.000000 
0.885538 0.000000 
0.002508 0.000000 
-0.917594 0.000000 
-0.036896 0.000000 
-0.012147 -0.000000 
-0.229581 0.000000 
-0.119192 0.000000 
-1.410088 0.000000 
0.198582 0.000000 
-0.899455 0.000000 
-0.113758 0.000000 
-0.210575 0.000000 
-0.735627 0.000000 
-0.285232 -0.000000 
0.134628 0.000000 
0.516386 0.000000 
-0.646772 0.000000 
-0.598281 -0.000000 
0.017908 0.000000 
-0.194460 0.000000 
0.236803 0.000000 
-0.692380 -0.000000 
0.244010 -0.000000 
-0.233728 0.000000 
-0.577017 0.000000 
-0.154742 -0.000000 
-0.168060 0.000000 
-1.315445 0.000000 
-0.751139 0.000000 
-0.373860 0.000000 
0.396014 -0.000000 
0.247324 0.000000 
0.429005 0.000000 
-0.836185 -0.000000 
0.235652 0.000000 
0.176685 0.000000 
0.139658 0.000000 
0.650896 0.000000 
0.563035 -0.000000 
0.355536 0.000000 
-0.114545 0.000000 
-0.370451 0.000000 
0.028906 -0.000000 
1.295414 0.000000 
0.161520 0.000000 
0.199079 -0.000000 
-0.584364 0.000000 
-0.217662 0.000000 
-0.288188 0.000000 
-0.586572 -0.000000 
0.398483 -0.000000 
0.650660 -0.000000 
-0.483594 0.000000 
0.319159 -0.000000 
0.059822 0.000000 
0.252610 -0.000000 
-0.359653 -0.000000 
0.190416 0.000000 
0.370223 -0.000000 
0.046154 -0.000000 
0.306970 -0.000000 
-0.098083 0.000000 
-0.405583 -0.000000 
0.715910 0.000000 
-0.358060 -0.000000 
-0.832537 0.000000 
1.483746 0.000000 
-1.067227 0.000000 
0.052760 0.000000 
0.363679 -0.000000 
0.217458 -0.000000 
-0.071335 0.000000 
-0.307907 -0.000000 
-0.448328 -0.000000 
-0.068528 0.000000 
-0.458327 -0.000000 
-0.235728 0.000000 
0.600751 -0.000000 
-0.596277 -0.000000 
-0.310236 0.000000 
0.559338 0.000000 
-0.429928 -0.000000 
0.019207 0.000000 
-0.468607 0.000000 
-0.197071 0.000000 
-0.185777 0.000000 
0.494418 0.000000 
-0.106748 -0.000000 
-0.173464 -0.000000 
-0.428344 0.000000 
0.748559 0.000000 
-0.496258 -0.000000 
0.139262 0.000000 
0.353405 0.000000 
-0.030116 0.000000 
-0.362265 0.000000 
0.185704 -0.000000 
-0.417446 0.000000 
0.118217 0.000000 
-0.304204 0.000000 
1.077048 -0.000000 
-0.242597 -0.000000 
-0.168654 -0.000000 
-0.515429 0.000000 
0.036122 0.000000 
-0.489111 0.000000 
-0.499854 0.000000 
-0.086917 -0.000000 
0.550833 -0.000000 
0.072829 0.000000 
-1.021310 -0.000000 
0.057830 -0.000000 
-0.853617 0.000000 
-0.683409 0.000000 
-0.295578 0.000000 
-0.365736 0.000000 
-0.155411 -0.000000 
-0.078041 0.000000 
0.609837 -0.000000 
0.162942 0.000000 
0.843276 0.000000 
-0.372116 -0.000000 
-0.359669 0.000000 
0.680353 0.000000 
0.157263 -0.000000 
-0.627586 0.000000 
0.490997 -0.000000 
0.513514 -0.000000 
-0.399283 -0.000000 
-0.722243 0.000000 
0.754243 0.000000 
-0.761683 -0.000000 
0.820079 0.000000 
-0.221366 0.000000 
-0.389431 -0.000000 
-0.467117 0.000000 
-0.346519 0.000000 
0.596216 -0.000000 
0.592606 0.000000 
0.031871 0.000000 
-0.270365 -0.000000 
0.973614 0.000000 
-0.089801 0.000000 
0.604620 0.000000 
0.513445 -0.000000 
0.793569 0.000000 
0.824983 0.000000 
0.559247 0.000000 
-0.626868 -0.000000 
0.129203 -0.000000 
-0.554473 -0.000000 
0.073237 0.000000 
0.273087 0.000000 
1.008161 -0.000000 
0.027887 0.000000 
-0.070882 0.000000 
-1.158860 -0.000000 
-1.136738 0.000000 
0.241788 0.000000 
0.367493 0.000000 
-0.178637 0.000000 
0.055203 0.000000 
0.201552 -0.000000 
-0.002272 0.000000 
0.016696 0.000000 
1.262310 0.000000 
0.031989 0.000000 
-0.129924 0.000000 
-0.129420 0.000000 
0.979162 0.000000 
-0.265772 0.000000 
-0.256050 0.000000 
0.250662 0.000000 
0.346937 0.000000 
0.125200 -0.000000 
0.686495 0.000000 
0.637849 -0.000000 
-0.191200 -0.000000 
0.012688 -0.000000 
-0.772071 0.000000 
0.381713 -0.000000 
-0.117784 0.000000 
0.673448 0.000000 
-0.751456 0.000000 
0.358678 0.000000 
-0.589376 -0.000000 
-0.399796 -0.000000 
-0.233780 0.000000 
0.117129 -0.000000 
-0.032426 0.000000 
0.001297 -0.000000 
0.616781 -0.000000 
-0.070121 0.000000 
-0.117586 0.000000 
-0.132141 0.000000 
-0.452362 0.000000 
0.116696 0.000000 
1.236064 0.000000 
-1.108690 0.000000 
-0.351125 0.000000 
0.594476 0.000000 
0.577717 0.000000 
0.167813 0.000000 
1.284986 0.000000 
-0.254903 -0.000000 
-0.360249 -0.000000 
-0.839647 0.000000 
-0.680506 0.000000 
-0.118898 0.000000 
0.206978 0.000000 
0.238918 -0.000000 
-0.202543 -0.000000 
0.055290 0.000000 
-0.243065 -0.000000 
-0.170837 0.000000 
0.007596 0.000000 
-0.010534 0.000000 
0.971704 0.000000 
-0.219514 -0.000000 
-0.826413 -0.000000 
-0.625493 0.000000 
0.208894 0.000000 
-0.775957 0.000000 
-0.431631 0.000000 
-0.697518 -0.000000 
0.875511 -0.000000 
0.539388 0.000000 
0.458290 -0.000000 
-0.168919 0.000000 
-0.654578 0.000000 
-0.102044 -0.000000 
0.438150 -0.000000 
-0.880428 0.000000 
-0.463754 0.000000 
0.732579 0.000000 
-0.124647 -0.000000 
0.419156 0.000000 
0.261186 0.000000 
-1.053003 0.000000 
0.500450 0.000000 
0.574425 -0.000000 
0.453720 -0.000000 
-1.425968 0.000000 
0.081028 0.000000 
0.132940 0.000000 
-0.477909 -0.000000 
0.464010 -0.000000 
-0.492765 -0.000000 
-0.514099 0.000000 
0.059552 -0.000000 
0.586281 0.000000 
0.200567 0.000000 
0.829425 -0.000000 
0.372048 0.000000 
0.576999 0.000000 
-0.283944 -0.000000 
0.644450 -0.000000 
-0.361514 0.000000 
-0.456822 0.000000 
-0.142487 0.000000 
0.143240 -0.000000 
-0.177509 0.000000 
0.568121 0.000000 
0.677930 0.000000 
1.509716 0.000000 
-0.135771 0.000000 
-0.969452 0.000000 
0.225594 -0.000000 
-0.295006 -0.000000 
-0.333759 -0.000000 
-0.414166 0.000000 
0.265207 -0.000000 
-0.416287 0.000000 
-0.393898 0.000000 
0.073259 -0.000000 
0.155473 0.000000 
-0.297090 0.000000 
0.171384 -0.000000 
-0.031554 0.000000 
0.127151 0.000000 
0.422626 -0.000000 
0.238429 0.000000 
0.777036 0.000000 
0.261485 0.000000 
0.641255 -0.000000 
0.018509 0.000000 
0.167844 -0.000000 
0.548742 -0.000000 
0.222223 -0.000000 
0.605540 0.000000 
0.266013 0.000000 
-0.496549 0.000000 
0.026865 -0.000000 
-0.457371 0.000000 
0.409088 0.000000 
0.358152 -0.000000 
-1.018151 0.000000 
0.758609 -0.000000 
-0.608422 0.000000 
0.762642 0.000000 
0.679302 -0.000000 
0.625757 0.000000 
-0.304370 0.000000 
0.660793 0.000000 
-0.407683 0.000000 
-0.107462 -0.000000 
1.151615 0.000000 
-0.450981 -0.000000 
0.540873 0.000000 
-0.263279 0.000000 
0.450291 0.000000 
0.070360 0.000000 
-0.321753 -0.000000 
-0.859335 0.000000 
0.844987 0.000000 
0.287805 0.000000 
0.090254 0.000000 
0.055389 0.000000 
-0.215543 0.000000 
-0.112088 0.000000 
-0.239548 0.000000 
0.009178 0.000000 
-0.172316 0.000000 
-0.757404 0.000000 
0.620539 0.000000 
0.629588 0.000000 
-0.578394 0.000000 
0.041623 0.000000 
-0.033573 -0.000000 
-0.681090 0.000000 
-0.350084 0.000000 
0.869115 0.000000 
0.576337 0.000000 
0.698036 0.000000 
0.252120 0.000000 
-0.426857 -0.000000 
-0.183485 0.000000 
-0.819786 0.000000 
-0.864325 0.000000 
-1.163356 -0.000000 
0.470832 0.000000 
0.289059 0.000000 
0.088954 0.000000 
-0.002441 0.000000 
-0.268367 -0.000000 
-0.021269 0.000000 
0.838163 -0.000000 
0.035004 0.000000 
0.207652 -0.000000 
0.264927 0.000000 
-0.509262 0.000000 
-1.069327 -0.000000 
-0.631315 0.000000 
-0.010680 0.000000 
0.417041 0.000000 
-0.154822 -0.000000 
0.924257 -0.000000 
0.181396 -0.000000 
-0.445523 -0.000000 
-0.803896 0.000000 
0.405704 0.000000 
0.020144 0.000000 
0.680098 0.000000 
-0.435709 -0.000000 
0.014161 -0.000000 
0.585718 -0.000000 
0.114037 -0.000000 
-0.011650 0.000000 
0.546616 -0.000000 
-0.021783 0.000000 
0.402162 0.000000 
-0.427284 0.000000 
0.825473 0.000000 
0.020223 0.000000 
0.314098 0.000000 
0.473952 0.000000 
0.143347 0.000000 
0.044689 0.000000 
-0.003679 -0.000000 
-0.590809 -0.000000 
-0.471578 0.000000 
0.531777 0.000000 
-0.143925 -0.000000 
0.746093 -0.000000 
0.015750 0.000000 
0.241085 0.000000 
-0.862332 0.000000 
0.791540 -0.000000 
0.914728 -0.000000 
0.159092 -0.000000 
-0.061235 -0.000000 
-0.153536 0.000000 
-0.169785 0.000000 
0.569073 0.000000 
-0.838666 -0.000000 
0.070808 -0.000000 
0.722742 0.000000 
-0.358607 0.000000 
-0.369633 -0.000000 
-0.202081 -0.000000 
-0.439265 -0.000000 
-0.847139 0.000000 
0.068325 0.000000 
0.882397 0.000000 
0.007756 0.000000 
0.089967 -0.000000 
0.448306 0.000000 
-0.848271 -0.000000 
-0.357922 0.000000 
0.216977 0.000000 
-0.110168 0.000000 
-0.994177 -0.000000 
0.510120 0.000000 
-0.182007 -0.000000 
0.561156 0.000000 
0.040128 0.000000 
0.312184 0.000000 
-0.445573 0.000000 
-0.207936 0.000000 
0.656955 0.000000 
0.225201 0.000000 
-0.476783 0.000000 
0.236253 -0.000000 
-0.284463 0.000000 
0.292954 0.000000 
-0.311978 0.000000 
0.757604 0.000000 
0.384342 0.000000 
0.178016 0.000000 
0.034894 0.000000 
-0.368763 -0.000000 
0.649554 -0.000000 
-0.196706 -0.000000 
0.938917 0.000000 
-0.435177 -0.000000 
-0.509802 -0.000000 
-0.667824 0.000000 
-0.500400 0.000000 
0.562313 0.000000 
0.104818 0.000000 
0.675839 0.000000 
-0.047854 0.000000 
0.880765 0.000000 
-0.001790 0.000000 
0.705509 0.000000 
-0.078403 0.000000 
-0.140613 0.000000 
0.354561 -0.000000 
-0.049265 0.000000 
0.447205 0.000000 
-0.628465 0.000000 
0.450041 0.000000 
0.626352 0.000000 
-1.014725 -0.000000 
0.297309 0.000000 
0.459661 0.000000 
0.301632 0.000000 
0.311241 0.000000 
-0.321234 -0.000000 
0.691982 -0.000000 
-0.141782 0.000000 
0.196800 -0.000000 
-0.317133 0.000000 
-0.004164 0.000000 
-0.159278 0.000000 
0.117786 -0.000000 
-0.514439 0.000000 
0.401496 0.000000 
-0.688428 0.000000 
-0.590232 0.000000 
-0.331546 0.000000 
0.948148 -0.000000 
0.282945 0.000000 
-0.375614 0.000000 
-0.032612 0.000000 
-0.364788 0.000000 
-0.079158 0.000000 
0.122072 0.000000 
-0.155370 -0.000000 
0.275276 -0.000000 
-0.867055 0.000000 
0.718606 0.000000 
0.092336 -0.000000 
0.458774 0.000000 
-0.540626 0.000000 
-0.464474 0.000000 
-0.374537 -0.000000 
-0.067672 -0.000000 
-0.356100 -0.000000 
-0.124305 0.000000 
-0.281471 0.000000 
0.176647 0.000000 
-0.322798 0.000000 
0.596295 0.000000 
-0.390813 -0.000000 
0.027801 -0.000000 
-0.622986 0.000000 
-0.321380 0.000000 
0.672837 -0.000000 
-0.631949 0.000000 
-0.338107 0.000000 
0.091803 -0.000000 
-0.895961 0.000000 
0.081149 0.000000 
-0.361812 -0.000000 
0.289891 0.000000 
-0.064890 0.000000 
0.130087 0.000000 
-0.309141 0.000000 
0.440657 0.000000 
-0.467876 0.000000 
0.642313 0.000000 
0.244770 -0.000000 
-0.650883 -0.000000 
0.168788 -0.000000 
0.004300 -0.000000 
0.408093 0.000000 
-1.332101 0.000000 
0.572463 -0.000000 
0.211714 0.000000 
-0.424728 0.000000 
1.222468 -0.000000 
-0.544223 -0.000000 
0.301173 0.000000 
-0.131102 0.000000 
-0.220301 0.000000 
0.558228 0.000000 
0.197388 -0.000000 
0.080525 -0.000000 
-0.599204 0.000000 
1.011620 0.000000 
-0.242684 -0.000000 
0.617854 0.000000 
0.745111 0.000000 
1.081660 0.000000 
0.016688 0.000000 
-0.001678 0.000000 
0.252177 0.000000 
0.291686 0.000000 
-1.375332 0.000000 
0.510192 -0.000000 
-0.450266 0.000000 
-0.214398 0.000000 
0.236637 0.000000 
-0.365659 0.000000 
-0.760806 -0.000000 
0.058419 0.000000 
-0.494127 -0.000000 
-0.472035 0.000000 
-0.524631 -0.000000 
0.157334 -0.000000 
0.580354 -0.000000 
-0.058235 0.000000 
0.221607 -0.000000 
-0.252428 0.000000 
0.167314 -0.000000 
0.462578 0.000000 
0.473996 -0.000000 
-1.243151 -0.000000 
-0.121160 0.000000 
-0.296538 0.000000 
0.215528 -0.000000 
-0.555704 0.000000 
0.019954 -0.000000 
0.299823 -0.000000 
0.937413 0.000000 
0.109396 0.000000 
-0.567480 0.000000 
0.111667 -0.000000 
-0.560297 0.000000 
-0.067421 0.000000 
0.587913 0.000000 
-0.406813 0.000000 
0.330257 -0.000000 
1.061639 0.000000 
0.378804 0.000000 
0.465805 0.000000 
-0.050283 0.000000 
-0.150770 0.000000 
-0.143459 -0.000000 
0.351978 0.000000 
0.261685 -0.000000 
0.593133 0.000000 
-0.533759 0.000000 
-1.036087 0.000000 
0.923530 0.000000 
-0.648327 -0.000000 
-0.212721 0.000000 
0.531997 0.000000 
-0.193690 0.000000 
0.283557 -0.000000 
0.060246 -0.000000 
-0.359788 0.000000 
0.107990 0.000000 
0.009966 0.000000 
-0.382416 0.000000 
-0.291486 0.000000 
-0.243229 0.000000 
0.298218 0.000000 
0.872173 -0.000000 
-0.024236 0.000000 
0.908158 0.000000 
-0.990629 0.000000 
-0.748823 0.000000 
0.323867 0.000000 
0.287293 0.000000 
-0.752425 -0.000000 
-0.523072 0.000000 
-0.570237 -0.000000 
0.340003 -0.000000 
0.128033 -0.000000 
-0.202986 0.000000 
0.554453 0.000000 
0.174466 0.000000 
-1.263756 0.000000 
0.887895 0.000000 
-1.013065 0.000000 
-0.104885 0.000000 
-0.348699 -0.000000 
0.328553 0.000000 
-0.502915 -0.000000 
-0.184422 0.000000 
0.068095 -0.000000 
-0.196293 0.000000 
0.673274 0.000000 
-0.189524 -0.000000 
-0.078333 -0.000000 
-0.406476 0.000000 
-0.559271 0.000000 
0.078158 0.000000 
-0.287049 -0.000000 
-0.504120 0.000000 
-0.116187 0.000000 
0.663837 -0.000000 
1.114023 0.000000 
0.232908 0.000000 
-0.357261 0.000000 
0.103441 0.000000 
-0.174255 -0.000000 
-0.234620 0.000000 
-0.845032 -0.000000 
-0.617598 0.000000 
-0.683454 0.000000 
0.440821 -0.000000 
-0.309601 -0.000000 
0.157434 0.000000 
-0.252131 0.000000 
-0.551113 0.000000 
-0.150773 -0.000000 
-0.769229 -0.000000 
0.593868 0.000000 
0.323101 0.000000 
-0.009567 0.000000 
-0.245883 -0.000000 
0.325003 0.000000 
-0.283630 0.000000 
-0.368290 0.000000 
0.395239 0.000000 
0.317258 0.000000 
-0.042171 0.000000 
-0.713863 0.000000 
0.132794 0.000000 
-0.201770 0.000000 
0.467276 0.000000 
0.022580 0.000000 
0.788042 -0.000000 
-0.005606 0.000000 
-0.938121 0.000000 
0.411915 0.000000 
-0.066475 0.000000 
-0.628909 -0.000000 
-0.483294 0.000000 
-0.342765 0.000000 
1.017740 -0.000000 
-0.366410 -0.000000 
0.593798 0.000000 
-0.286224 0.000000 
0.251525 0.000000 
0.360595 0.000000 
-0.165013 0.000000 
-0.589997 0.000000 
-0.462851 0.000000 
-0.350698 0.000000 
0.576204 0.000000 
-0.202864 0.000000 
-0.096956 -0.000000 
-0.333225 -0.000000 
-0.107718 0.000000 
0.026122 0.000000 
0.560066 0.000000 
0.317954 0.000000 
-0.316626 0.000000 
-0.005326 -0.000000 
0.198046 0.000000 
0.111239 -0.000000 
0.981719 0.000000 
-0.434209 0.000000 
0.083286 0.000000 
-0.261815 0.000000 
0.588797 0.000000 
-0.126482 -0.000000 
-0.233823 0.000000 
-0.844660 0.000000 
0.252907 -0.000000 
-0.585966 -0.000000 
-0.013838 0.000000 
-0.417515 -0.000000 
-0.327524 -0.000000 
-0.129360 0.000000 
1.314227 0.000000 
-0.415429 0.000000 
-0.202489 -0.000000 
0.507691 0.000000 
0.209788 -0.000000 
-0.175910 -0.000000 
0.232396 0.000000 
0.153022 0.000000 
-0.489187 0.000000 
0.026009 -0.000000 
0.191020 -0.000000 
-0.836296 0.000000 
-0.671484 0.000000 
-0.358740 0.000000 
-0.046404 0.000000 
0.109453 0.000000 
0.473079 0.000000 
0.077347 0.000000 
-0.512210 -0.000000 
-0.272399 0.000000 
0.772747 0.000000 
0.040104 -0.000000 
-0.322034 0.000000 
0.432757 0.000000 
-0.047765 0.000000 
0.204394 0.000000 
0.614713 0.000000 
-0.330710 -0.000000 
-0.144255 0.000000 
-0.413048 -0.000000 
-0.255825 -0.000000 
0.544238 0.000000 
-0.198248 0.000000 
0.030486 0.000000 
-0.668942 0.000000 
1.426059 0.000000 
0.357973 -0.000000 
-0.285092 0.000000 
0.879950 0.000000 
0.507981 -0.000000 
-0.803401 0.000000 
-0.455329 0.000000 
-0.647001 0.000000 
0.238541 0.000000 
-0.896010 0.000000 
-1.292386 0.000000 
0.518093 -0.000000 
-0.039937 0.000000 
-0.238442 0.000000 
-0.255291 -0.000000 
-0.127700 0.000000 
-0.112491 0.000000 
0.092432 -0.000000 
-0.128372 0.000000 
-0.000702 0.000000 
0.292970 0.000000 
-0.077893 0.000000 
-0.360295 0.000000 
-0.189232 0.000000 
0.214427 -0.000000 
-0.443467 0.000000 
-0.180823 0.000000 
-0.550545 0.000000 
0.527220 0.000000 
-0.600599 0.000000 
0.019015 -0.000000 
0.020481 0.000000 
0.504632 -0.000000 
0.126127 -0.000000 
0.230754 0.000000 
-0.284584 0.000000 
0.662029 0.000000 
0.198547 0.000000 
-0.283384 0.000000 
0.491384 -0.000000 
0.542880 0.000000 
-0.034651 0.000000 
0.170310 0.000000 
-0.136186 0.000000 
0.559916 0.000000 
0.318812 -0.000000 
-0.730411 0.000000 
-1.863699 -0.000000 
0.285233 -0.000000 
0.674645 0.000000 
0.578834 0.000000 
0.458152 0.000000 
0.276056 0.000000 
0.799365 -0.000000 
-0.740314 0.000000 
0.612002 0.000000 
0.344898 0.000000 
0.573531 0.000000 
0.131035 0.000000 
-0.497700 -0.000000 
-0.060113 0.000000 
-0.263413 0.000000 
0.765120 -0.000000 
0.385319 0.000000 
0.014106 0.000000 
0.704472 -0.000000 
0.441514 0.000000 
-0.034107 0.000000 
0.983182 -0.000000 
-0.464350 0.000000 
-0.407542 -0.000000 
-0.499828 0.000000 
0.183825 0.000000 
-0.568169 0.000000 
0.479607 -0.000000 
-0.785190 -0.000000 
-0.447446 -0.000000 
0.717472 0.000000 
-0.840120 0.000000 
-0.103738 0.000000 
-0.552883 0.000000 
0.195316 -0.000000 
-0.444966 0.000000 
-0.645619 0.000000 
-0.321971 -0.000000 
0.153220 -0.000000 
-0.572546 -0.000000 
-0.351614 -0.000000 
0.410516 0.000000 
0.616636 0.000000 
-0.166759 0.000000 
-0.193078 0.000000 
0.463171 0.000000 
-0.255322 0.000000 
-0.121778 0.000000 
0.497629 0.000000 
-0.033207 0.000000 
0.169562 0.000000 
0.570306 0.000000 
-0.235496 0.000000 
-0.672882 -0.000000 
0.320509 -0.000000 
0.231376 0.000000 
-0.157211 -0.000000 
0.351508 0.000000 
0.080500 -0.000000 
-0.240167 0.000000 
0.137401 -0.000000 
0.605767 0.000000 
-0.552239 0.000000 
-0.454716 -0.000000 
-0.648787 0.000000 
-0.139258 0.000000 
-0.533123 0.000000 
-0.378197 0.000000 
0.198576 0.000000 
0.380662 0.000000 
-0.296488 0.000000 
-0.014196 -0.000000 
0.621625 -0.000000 
0.381169 0.000000 
0.728023 -0.000000 
0.415288 0.000000 
0.001112 0.000000 
-0.000971 0.000000 
-0.122390 0.000000 
0.268441 0.000000 
0.873830 0.000000 
-0.361750 -0.000000 
-0.531073 0.000000 
-0.149268 -0.000000 
0.000192 0.000000 
0.450815 0.000000 
-0.186337 0.000000 
-0.313884 -0.000000 
0.188900 0.000000 
-0.312842 0.000000 
-0.156425 -0.000000 
0.895899 0.000000 
-0.487006 -0.000000 
-0.534894 0.000000 
-0.231550 0.000000 
-0.156406 0.000000 
0.146648 0.000000 
-0.291154 0.000000 
-0.162553 0.000000 
0.148486 0.000000 
-0.945630 -0.000000 
-0.375545 0.000000 
-0.087847 -0.000000 
0.003487 0.000000 
-0.668389 -0.000000 
-0.016654 0.000000 
-0.984366 0.000000 
-0.479438 0.000000 
-0.436625 0.000000 
-0.940907 -0.000000 
0.505184 0.000000 
-0.255743 -0.000000 
-0.200920 0.000000 
-0.798751 0.000000 
-0.584455 0.000000 
0.809909 -0.000000 
0.480295 0.000000 
-0.261888 0.000000 
-0.473066 0.000000 
0.288429 0.000000 
-0.503346 -0.000000 
0.163892 0.000000 
0.221828 0.000000 
-0.217792 0.000000 
-0.404946 -0.000000 
0.382655 0.000000 
-0.283408 -0.000000 
0.778774 0.000000 
0.182748 -0.000000 
-0.251851 0.000000 
-0.144422 0.000000 
0.140057 0.000000 
-0.001466 0.000000 
0.107578 -0.000000 
0.530139 -0.000000 
-0.003538 0.000000 
1.138334 0.000000 
0.464328 0.000000 
0.040686 0.000000 
-0.526125 0.000000 
-1.105416 -0.000000 
0.121114 0.000000 
-0.638884 0.000000 
0.417618 0.000000 
-0.270396 0.000000 
-0.619664 -0.000000 
-0.651720 0.000000 
0.457825 0.000000 
0.924361 0.000000 
-0.855316 0.000000 
0.131695 0.000000 
-0.108147 0.000000 
-0.503644 -0.000000 
-0.317561 0.000000 
-0.212499 0.000000 
0.081190 -0.000000 
0.159666 0.000000 
0.096019 -0.000000 
0.328216 -0.000000 
0.400161 -0.000000 
0.410777 0.000000 
-0.615200 0.000000 
-0.466425 0.000000 
0.195800 0.000000 
0.127973 0.000000 
1.069687 0.000000 
0.034071 -0.000000 
-1.072037 -0.000000 
0.248299 -0.000000 
0.372008 0.000000 
-0.100678 -0.000000 
-0.915609 0.000000 
0.809648 0.000000 
-0.303186 0.000000 
-0.466120 -0.000000 
0.008830 0.000000 
-0.236461 -0.000000 
0.306949 -0.000000 
-0.541155 0.000000 
-1.209916 0.000000 
-0.793234 0.000000 
0.100596 0.000000 
-0.216996 0.000000 
-0.159695 0.000000 
0.076816 0.000000 
-0.066557 0.000000 
-0.026195 -0.000000 
-0.651538 0.000000 
0.558424 -0.000000 
-0.201175 -0.000000 
0.000504 0.000000 
-0.283164 0.000000 
-0.367245 0.000000 
0.127990 0.000000 
-0.011230 0.000000 
0.381060 0.000000 
0.055308 0.000000 
-0.717277 -0.000000 
-0.100820 0.000000 
0.662248 0.000000 
0.844446 0.000000 
0.759485 0.000000 
-0.033638 0.000000 
0.313555 0.000000 
0.180153 -0.000000 
0.310821 0.000000 
-0.185512 -0.000000 
-0.666522 -0.000000 
-0.395912 0.000000 
0.421298 -0.000000 
-0.078533 -0.000000 
0.948813 -0.000000 
-0.665785 -0.000000 
-0.439639 0.000000 
-0.104960 0.000000 
0.477716 0.000000 
0.420117 -0.000000 
0.421514 0.000000 
0.143641 0.000000 
-0.030236 0.000000 
0.142527 0.000000 
0.244127 0.000000 
0.283388 -0.000000 
-0.155862 0.000000 
-0.223330 0.000000 
-0.592431 0.000000 
0.083350 0.000000 
0.237193 0.000000 
0.313624 0.000000 
-0.647128 0.000000 
-0.231468 0.000000 
0.948481 0.000000 
-0.050846 0.000000 
-0.808019 0.000000 
-0.286125 0.000000 
0.259419 -0.000000 
-0.700058 -0.000000 
-0.283160 0.000000 
-0.446423 0.000000 
-0.503988 0.000000 
-0.076248 -0.000000 
-0.211160 -0.000000 
-0.213014 0.000000 
-0.840949 0.000000 
0.716426 0.000000 
-0.474183 0.000000 
-0.250854 -0.000000 
0.042703 0.000000 
-0.336736 0.000000 
-0.354196 0.000000 
-0.827368 0.000000 
-0.425676 0.000000 
-0.347535 -0.000000 
-0.335610 0.000000 
0.112369 0.000000 
0.046613 0.000000 
0.442364 0.000000 
-0.445625 0.000000 
0.607289 0.000000 
0.027899 -0.000000 
-0.275170 0.000000 
-0.084835 0.000000 
1.216406 0.000000 
-0.479435 0.000000 
-0.049278 0.000000 
0.967105 0.000000 
0.495111 -0.000000 
-0.110335 0.000000 
-0.575967 -0.000000 
0.020136 0.000000 
-0.294031 0.000000 
0.013281 0.000000 
0.291098 0.000000 
-0.472897 -0.000000 
-0.249955 0.000000 
0.603251 0.000000 
0.172358 0.000000 
-0.536314 0.000000 
0.146872 -0.000000 
-0.562330 0.000000 
-0.194086 -0.000000 
-0.744208 -0.000000 
-0.095339 0.000000 
-0.136586 0.000000 
-0.072391 0.000000 
-0.294867 0.000000 
-0.229860 0.000000 
0.503337 0.000000 
-0.022406 0.000000 
0.597706 -0.000000 
-0.106558 0.000000 
0.495393 -0.000000 
-0.301153 -0.000000 
0.507818 -0.000000 
-0.450110 0.000000 
0.004630 0.000000 
0.363990 -0.000000 
0.010213 -0.000000 
-1.324653 0.000000 
0.360995 -0.000000 
0.708915 -0.000000 
0.872816 -0.000000 
0.238924 0.000000 
0.421111 0.000000 
-0.360454 0.000000 
-0.023982 0.000000 
-0.073538 0.000000 
-0.052931 0.000000 
0.075433 0.000000 
-0.493865 -0.000000 
0.935031 0.000000 
0.046696 -0.000000 
-0.555533 0.000000 
-0.922827 0.000000 
0.357070 0.000000 
-0.054841 -0.000000 
0.169045 -0.000000 
0.124290 -0.000000 
0.602427 0.000000 
0.156766 0.000000 
-0.148383 -0.000000 
0.022207 0.000000 
0.550354 -0.000000 
-0.621135 0.000000 
0.939032 0.000000 
0.558951 -0.000000 
-0.691005 -0.000000 
0.233543 -0.000000 
0.187117 0.000000 
0.474465 0.000000 
0.307437 -0.000000 
-0.182706 0.000000 
-0.086808 -0.000000 
-0.235163 0.000000 
0.752443 0.000000 
-0.044893 -0.000000 
-0.571021 0.000000 
0.480343 -0.000000 
-0.201806 -0.000000 
-0.075364 0.000000 
0.231972 0.000000 
0.318476 0.000000 
1.190419 -0.000000 
0.268189 -0.000000 
-1.091733 0.000000 
0.323661 0.000000 
-0.211131 0.000000 
0.095937 0.000000 
-0.014902 -0.000000 
0.935484 -0.000000 
-0.343779 0.000000 
0.687770 -0.000000 
-0.091409 0.000000 
-0.217870 0.000000 
-0.948991 0.000000 
0.289701 0.000000 
-0.813398 -0.000000 
1.085444 0.000000 
-0.344814 0.000000 
-1.457714 0.000000 
-0.793436 0.000000 
0.287170 -0.000000 
-0.062206 0.000000 
0.199540 0.000000 
-0.308730 0.000000 
-0.808901 0.000000 
-1.735240 0.000000 
-0.636628 0.000000 
0.064601 0.000000 
0.749422 0.000000 
0.505915 0.000000 
-0.337230 0.000000 
-0.446613 0.000000 
0.590299 0.000000 
0.312340 0.000000 
-0.450275 0.000000 
0.671676 0.000000 
0.571115 0.000000 
0.017764 -0.000000 
0.032867 0.000000 
-0.151885 0.000000 
0.946841 -0.000000 
-0.293668 0.000000 
0.304597 0.000000 
0.000799 0.000000 
0.726810 0.000000 
-0.557922 0.000000 
0.004761 0.000000 
-0.817257 0.000000 
-0.246477 0.000000 
1.438846 0.000000 
-0.609439 0.000000 
-0.886684 -0.000000 
0.535262 0.000000 
-0.019366 0.000000 
0.370577 0.000000 
-0.151484 -0.000000 
0.533816 0.000000 
0.071761 0.000000 
-0.895068 -0.000000 
0.256627 -0.000000 
-0.018009 0.000000 
0.159577 0.000000 
-0.118289 -0.000000 
-0.568531 -0.000000 
0.145606 0.000000 
-0.244437 -0.000000 
-0.354540 -0.000000 
0.263961 0.000000 
-0.438701 0.000000 
0.336306 0.000000 
-0.813395 -0.000000 
-0.589022 0.000000 
1.582441 0.000000 
0.027856 -0.000000 
-0.023105 0.000000 
-0.363325 -0.000000 
0.071538 0.000000 
-0.376919 0.000000 
0.187083 -0.000000 
0.109353 -0.000000 
0.354472 0.000000 
0.077180 0.000000 
0.827553 0.000000 
-0.076063 0.000000 
-1.226034 0.000000 
0.454038 0.000000 
0.077073 0.000000 
-0.276943 -0.000000 
0.224857 0.000000 
-0.888100 0.000000 
-0.006709 -0.000000 
-0.198943 0.000000 
-0.788135 0.000000 
1.292841 0.000000 
0.070467 -0.000000 
0.144172 0.000000 
0.058638 -0.000000 
-0.750601 0.000000 
1.176282 0.000000 
0.105957 -0.000000 
-0.134291 0.000000 
0.530121 0.000000 
0.375802 -0.000000 
-0.257930 0.000000 
-0.178573 -0.000000 
-0.284605 0.000000 
0.315518 0.000000 
-0.588662 0.000000 
-1.021078 0.000000 
-0.198551 0.000000 
-0.009397 -0.000000 
0.690741 -0.000000 
-0.174857 -0.000000 
-0.030575 0.000000 
-0.389869 0.000000 
0.162285 0.000000 
0.810045 -0.000000 
1.102220 -0.000000 
0.210935 0.000000 
-0.776657 0.000000 
0.230438 0.000000 
0.317824 0.000000 
0.026412 -0.000000 
-0.328563 0.000000 
0.358265 0.000000 
-0.173375 0.000000 
-0.211190 0.000000 
0.498114 -0.000000 
1.050641 0.000000 
0.650782 0.000000 
0.076279 0.000000 
-0.880396 0.000000 
0.088529 0.000000 
0.277886 0.000000 
-0.149119 -0.000000 
-0.375964 -0.000000 
0.231231 -0.000000 
0.058142 0.000000 
-0.624827 0.000000 
0.223051 0.000000 
-0.942817 0.000000 
0.970262 -0.000000 
-0.197356 -0.000000 
-0.123274 0.000000 
-0.017330 0.000000 
-0.426296 0.000000 
-0.320053 -0.000000 
0.666934 0.000000 
1.139666 -0.000000 
-0.108225 0.000000 
-0.207253 -0.000000 
0.250464 -0.000000 
-0.478205 0.000000 
0.314481 -0.000000 
-0.361337 0.000000 
-0.618677 0.000000 
-0.247969 -0.000000 
-0.557004 -0.000000 
1.685447 0.000000 
0.365196 0.000000 
-0.428699 -0.000000 
-0.636461 0.000000 
0.163528 0.000000 
-0.054918 0.000000 
-0.227551 0.000000 
-0.359092 0.000000 
0.505066 0.000000 
-0.312563 0.000000 
-0.380914 0.000000 
0.434416 0.000000 
0.212011 -0.000000 
-0.671721 -0.000000 
-0.742195 0.000000 
0.046004 -0.000000 
-0.090337 -0.000000 
1.028061 -0.000000 
0.340990 0.000000 
-0.474182 -0.000000 
0.139412 -0.000000 
0.267986 -0.000000 
0.464982 -0.000000 
-0.156635 -0.000000 
-0.601946 0.000000 
0.647324 -0.000000 
-0.875269 0.000000 
-0.013568 0.000000 
-0.639505 0.000000 
0.284318 -0.000000 
0.474646 0.000000 
0.105332 0.000000 
0.057667 0.000000 
0.592110 0.000000 
0.258304 0.000000 
-0.361112 0.000000 
0.750003 0.000000 
0.755271 0.000000 
-0.163747 0.000000 
-0.440760 0.000000 
0.321860 -0.000000 
-0.539050 0.000000 
-0.190519 0.000000 
-0.249923 0.000000 
0.124258 0.000000 
1.011634 0.000000 
0.346193 0.000000 
0.264009 0.000000 
-0.687592 -0.000000 
0.651509 0.000000 
0.312615 0.000000 
-0.267662 0.000000 
0.374490 0.000000 
0.618222 0.000000 
-0.206903 -0.000000 
0.330137 0.000000 
-0.337514 0.000000 
-0.067878 -0.000000 
-0.316254 -0.000000 
0.024356 0.000000 
-0.322849 0.000000 
0.132271 0.000000 
0.222284 0.000000 
-0.725183 0.000000 
0.064946 0.000000 
-0.278273 -0.000000 
-0.276342 -0.000000 
0.462432 -0.000000 
0.340013 0.000000 
-0.013339 -0.000000 
-0.481898 0.000000 
-0.194929 -0.000000 
0.164516 0.000000 
-0.210030 -0.000000 
0.522827 0.000000 
-0.593760 -0.000000 
-0.232061 -0.000000 
-0.669173 0.000000 
-0.535632 0.000000 
0.377120 -0.000000 
0.944680 0.000000 
-0.902810 0.000000 
-0.633504 0.000000 
0.229934 -0.000000 
-1.536020 -0.000000 
-0.534718 0.000000 
-0.198892 0.000000 
0.522357 -0.000000 
0.275578 -0.000000 
0.507843 0.000000 
0.223376 0.000000 
-0.099032 0.000000 
-0.392759 0.000000 
-0.649169 0.000000 
-0.386845 0.000000 
0.998641 0.000000 
-0.242352 0.000000 
0.315988 0.000000 
0.135096 -0.000000 
0.006959 0.000000 
0.235368 -0.000000 
0.465234 0.000000 
0.357960 0.000000 
0.928497 0.000000 
0.308343 0.000000 
-1.186506 0.000000 
-1.049029 -0.000000 
0.194380 0.000000 
-0.506678 0.000000 
-1.075340 -0.000000 
0.711663 0.000000 
0.389346 -0.000000 
0.572997 -0.000000 
-0.963518 -0.000000 
0.293651 0.000000 
-0.269286 -0.000000 
0.018204 0.000000 
-0.313674 0.000000 
-0.043993 0.000000 
0.051825 -0.000000 
-0.225215 0.000000 
-0.052567 0.000000 
-0.491615 0.000000 
0.432172 0.000000 
-0.158691 0.000000 
0.507078 -0.000000 
0.468286 0.000000 
-0.625354 0.000000 
-0.019002 -0.000000 
-0.577914 0.000000 
0.344522 0.000000 
-0.779169 0.000000 
0.609728 0.000000 
-0.478349 0.000000 
-0.381421 0.000000 
0.056122 -0.000000 
-0.365377 -0.000000 
-0.414285 0.000000 
0.942790 0.000000 
0.442806 -0.000000 
0.040297 -0.000000 
-0.418384 -0.000000 
-0.979898 0.000000 
0.252070 0.000000 
0.472607 0.000000 
0.968612 0.000000 
-0.113585 -0.000000 
0.247806 -0.000000 
0.048519 0.000000 
0.207139 0.000000 
0.367069 0.000000 
-0.639722 -0.000000 
-1.228691 0.000000 
0.375978 -0.000000 
0.393541 0.000000 
-0.037501 -0.000000 
-0.294185 -0.000000 
-0.731111 -0.000000 
-0.581548 0.000000 
0.927722 -0.000000 
1.080380 -0.000000 
-0.288291 0.000000 
0.185941 0.000000 
0.115826 -0.000000 
-0.228474 0.000000 
0.127517 -0.000000 
0.519888 0.000000 
-0.198633 0.000000 
0.079040 0.000000 
-1.024844 0.000000 
0.266010 0.000000 
-0.450239 0.000000 
0.574641 0.000000 
0.522030 -0.000000 
-1.237898 0.000000 
-0.011180 -0.000000 
-0.274279 0.000000 
0.017493 0.000000 
-0.239498 0.000000 
0.225423 0.000000 
0.116032 -0.000000 
-0.112052 -0.000000 
0.233328 0.000000 
0.012662 0.000000 
-0.436605 -0.000000 
0.759999 0.000000 
0.045454 0.000000 
1.223413 0.000000 
-0.438099 -0.000000 
-0.253134 0.000000 
-0.048415 0.000000 
-0.057773 -0.000000 
0.618698 -0.000000 
-0.172822 -0.000000 
-0.242195 0.000000 
0.315258 0.000000 
-0.315592 0.000000 
0.579445 -0.000000 
-0.014985 0.000000 
0.725861 -0.000000 
1.036373 0.000000 
-0.610220 -0.000000 
0.034515 0.000000 
0.008694 0.000000 
-0.028596 0.000000 
-0.623867 0.000000 
-0.304141 -0.000000 
0.027953 0.000000 
0.484075 0.000000 
0.025359 0.000000 
-0.206730 0.000000 
0.712016 0.000000 
0.883919 0.000000 
-0.383769 0.000000 
-0.327919 0.000000 
-0.204164 -0.000000 
0.149911 0.000000 
-0.707859 0.000000 
0.090451 0.000000 
0.431887 -0.000000 
-0.479418 -0.000000 
-0.277438 -0.000000 
0.190149 0.000000 
-0.878684 -0.000000 
-0.330784 0.000000 
-0.090164 0.000000 
0.597059 -0.000000 
-0.828461 0.000000 
0.941900 -0.000000 
-0.155668 0.000000 
0.001095 -0.000000 
-0.527353 0.000000 
-0.360097 0.000000 
0.644746 0.000000 
0.070678 0.000000 
-1.066810 0.000000 
1.304247 -0.000000 
-0.162563 0.000000 
0.282980 0.000000 
-0.088939 0.000000 
-1.320222 -0.000000 
0.355376 0.000000 
0.869587 0.000000 
-0.471952 0.000000 
-0.011205 0.000000 
0.146314 0.000000 
-0.002952 0.000000 
1.024531 0.000000 
0.968774 0.000000 
0.120028 0.000000 
0.042514 0.000000 
-0.762188 0.000000 
0.514381 0.000000 
0.458197 0.000000 
0.370565 0.000000 
-0.060310 0.000000 
0.359087 -0.000000 
0.129416 0.000000 
0.375488 -0.000000 
0.065989 0.000000 
0.735650 -0.000000 
-0.618991 0.000000 
0.242311 -0.000000 
0.283508 -0.000000 
-0.302953 0.000000 
0.251201 0.000000 
-0.542045 0.000000 
-0.083898 0.000000 
-0.712116 0.000000 
0.574315 -0.000000 
-0.575659 0.000000 
0.722858 0.000000 
0.222996 0.000000 
-0.425542 0.000000 
-0.332809 -0.000000 
-0.091406 -0.000000 
0.031914 -0.000000 
0.088490 -0.000000 
-0.211807 0.000000 
-0.250512 -0.000000 
-0.007663 0.000000 
0.000519 -0.000000 
-0.602695 0.000000 
0.317558 0.000000 
0.264867 0.000000 
-0.621824 0.000000 
-0.685689 0.000000 
0.674644 0.000000 
-0.312557 0.000000 
0.340698 0.000000 
-0.050311 -0.000000 
-0.085453 -0.000000 
1.218862 -0.000000 
-0.260816 0.000000 
-0.208119 0.000000 
0.077615 -0.000000 
0.326854 -0.000000 
-0.148921 0.000000 
-0.394209 -0.000000 
-0.035027 0.000000 
0.070630 0.000000 
0.334855 -0.000000 
0.612968 0.000000 
0.502869 -0.000000 
-0.271640 0.000000 
-0.306773 0.000000 
-0.531169 -0.000000 
0.331059 -0.000000 
1.202083 -0.000000 
-1.025832 0.000000 
0.372402 0.000000 
-0.416409 0.000000 
0.207416 -0.000000 
-0.590360 -0.000000 
0.624612 0.000000 
0.036857 0.000000 
-0.440730 -0.000000 
-0.529484 0.000000 
0.321504 0.000000 
-0.732086 0.000000 
-0.010093 0.000000 
0.549184 0.000000 
-0.278468 -0.000000 
0.060285 0.000000 
0.062672 0.000000 
0.152868 0.000000 
0.681092 0.000000 
0.074434 0.000000 
-0.126284 0.000000 
-0.710069 0.000000 
0.866600 0.000000 
-0.355389 0.000000 
0.362567 0.000000 
-1.113676 0.000000 
0.346824 0.000000 
0.634984 0.000000 
-0.661972 -0.000000 
-0.049706 0.000000 
0.357663 0.000000 
0.180898 0.000000 
0.487534 0.000000 
0.319177 0.000000 
-0.487234 -0.000000 
-0.337602 0.000000 
-0.124988 0.000000 
-0.063825 -0.000000 
-0.301066 0.000000 
0.455434 0.000000 
-1.227999 0.000000 
0.095474 0.000000 
-0.105122 -0.000000 
0.032427 0.000000 
0.614532 0.000000 
1.271352 0.000000 
-0.529817 0.000000 
0.300085 0.000000 
-0.065031 0.000000 
-0.059669 0.000000 
0.978620 -0.000000 
0.052558 -0.000000 
-0.089207 0.000000 
0.329356 0.000000 
0.189936 0.000000 
-0.154703 0.000000 
-0.765052 -0.000000 
0.385675 0.000000 
0.229522 -0.000000 
-0.028241 -0.000000 
-0.076062 0.000000 
0.749209 -0.000000 
0.621113 0.000000 
-0.893171 0.000000 
-0.074470 0.000000 
0.635679 -0.000000 
0.514049 0.000000 
-0.859319 -0.000000 
-0.157667 0.000000 
0.264897 0.000000 
0.396336 0.000000 
0.052672 0.000000 
-0.042939 0.000000 
1.070582 0.000000 
-0.044885 0.000000 
1.486571 0.000000 
0.749907 0.000000 
-0.365350 0.000000 
-1.256807 0.000000 
0.020638 -0.000000 
-0.976105 0.000000 
-0.120407 0.000000 
0.395830 0.000000 
-0.764339 0.000000 
0.099399 0.000000 
-0.469765 0.000000 
-0.031013 0.000000 
-0.117377 0.000000 
0.163055 0.000000 
0.320867 0.000000 
0.192430 0.000000 
0.760982 0.000000 
-0.298887 0.000000 
-0.501972 0.000000 
-0.268638 0.000000 
0.195431 0.000000 
-0.746733 0.000000 
0.717472 0.000000 
0.121907 0.000000 
-0.537403 -0.000000 
-1.040289 0.000000 
0.086238 0.000000 
-0.345665 0.000000 
-0.170032 -0.000000 
-0.480916 0.000000 
0.495024 -0.000000 
0.351357 0.000000 
0.299552 0.000000 
0.251179 0.000000 
0.751081 -0.000000 
0.057536 -0.000000 
-0.685299 0.000000 
-0.612031 0.000000 
0.714594 0.000000 
-0.887444 0.000000 
-0.295950 0.000000 
0.481718 -0.000000 
0.292214 0.000000 
0.183267 0.000000 
-0.344571 0.000000 
1.337881 0.000000 
0.047835 0.000000 
0.261456 0.000000 
-0.018402 0.000000 
-0.976192 0.000000 
0.174626 -0.000000 
-0.295966 0.000000 
-0.236430 -0.000000 
-0.271922 0.000000 
-0.682234 -0.000000 
0.472652 0.000000 
0.612331 0.000000 
-0.594493 0.000000 
-1.159810 0.000000 
-0.470231 0.000000 
0.119748 0.000000 
-0.286613 0.000000 
0.483920 -0.000000 
0.027939 0.000000 
0.596448 -0.000000 
0.224612 0.000000 
-0.073768 0.000000 
-0.485203 0.000000 
0.568396 0.000000 
0.070496 -0.000000 
-0.601711 0.000000 
0.013084 0.000000 
0.727649 0.000000 
-0.329030 0.000000 
0.525773 -0.000000 
-0.281251 -0.000000 
-0.388589 0.000000 
0.029088 0.000000 
-0.336452 0.000000 
0.260197 -0.000000 
0.528288 0.000000 
0.093390 -0.000000 
-0.410444 0.000000 
-0.850353 0.000000 
-0.600187 0.000000 
-0.653375 0.000000 
-0.556148 0.000000 
-0.738246 0.000000 
0.521857 -0.000000 
-0.263722 -0.000000 
0.724704 -0.000000 
-0.133153 0.000000 
-0.704231 0.000000 
-0.255880 0.000000 
-0.783332 -0.000000 
-0.566814 0.000000 
-1.138791 0.000000 
0.341014 0.000000 
-1.126231 0.000000 
-0.178002 -0.000000 
0.334541 0.000000 
-0.623161 0.000000 
-0.061078 -0.000000 
0.108503 -0.000000 
-0.550989 0.000000 
0.308209 0.000000 
-0.496877 0.000000 
-0.262235 -0.000000 
-0.210690 -0.000000 
0.026855 0.000000 
-0.219743 0.000000 
-0.043788 0.000000 
0.913968 0.000000 
-0.526263 -0.000000 
0.499330 0.000000 
0.274588 0.000000 
-0.327125 0.000000 
-0.582400 0.000000 
-0.165738 -0.000000 
-0.362485 0.000000 
-0.728907 -0.000000 
0.094932 0.000000 
0.017636 0.000000 
-0.240817 0.000000 
0.679281 0.000000 
0.070063 0.000000 
0.034583 0.000000 
-0.466084 -0.000000 
-0.225833 0.000000 
-0.235336 0.000000 
-0.149093 0.000000 
-0.245056 0.000000 
0.428292 -0.000000 
-0.110369 0.000000 
0.237681 0.000000 
0.549226 0.000000 
-0.151113 -0.000000 
0.463436 0.000000 
0.427448 0.000000 
-0.325160 0.000000 
0.191217 -0.000000 
0.036101 0.000000 
0.370006 0.000000 
0.076444 -0.000000 
0.425804 -0.000000 
-0.705844 0.000000 
1.806340 0.000000 
-0.032695 -0.000000 
0.313971 0.000000 
1.293434 0.000000 
0.852496 -0.000000 
0.494326 -0.000000 
0.305315 -0.000000 
0.176746 0.000000 
-0.341294 -0.000000 
0.256589 -0.000000 
-0.148986 -0.000000 
-0.205803 0.000000 
-0.237547 0.000000 
-0.259241 -0.000000 
-1.105592 -0.000000 
0.635038 0.000000 
-0.400148 0.000000 
-0.163303 0.000000 
-0.300134 0.000000 
-0.799967 0.000000 
-0.625098 -0.000000 
0.765959 0.000000 
0.365864 -0.000000 
-0.135241 -0.000000 
-0.363032 0.000000 
-0.835367 -0.000000 
0.925137 -0.000000 
0.120607 0.000000 
0.427970 0.000000 
-0.776939 0.000000 
0.110496 -0.000000 
-0.219719 0.000000 
-0.350826 0.000000 
0.291623 0.000000 
0.009049 -0.000000 
0.201768 0.000000 
0.554625 0.000000 
0.325753 0.000000 
-0.212813 0.000000 
-0.726203 0.000000 
0.139180 0.000000 
0.624288 0.000000 
-0.650052 0.000000 
-0.145160 0.000000 
0.110494 0.000000 
0.227463 0.000000 
0.438884 0.000000 
1.356570 0.000000 
0.296526 0.000000 
0.354043 0.000000 
0.713578 0.000000 
-0.744890 0.000000 
0.762209 -0.000000 
0.300938 -0.000000 
0.812725 -0.000000 
-0.266363 0.000000 
-0.179994 -0.000000 
-0.171724 0.000000 
0.229934 0.000000 
0.437686 0.000000 
0.602576 0.000000 
-0.753842 0.000000 
0.273317 0.000000 
-0.039810 0.000000 
-0.069747 0.000000 
-0.746471 -0.000000 
-0.372715 0.000000 
0.165695 0.000000 
0.237171 0.000000 
-0.591437 -0.000000 
0.141066 0.000000 
-0.454579 -0.000000 
-0.385409 0.000000 
-0.081413 -0.000000 
0.026322 0.000000 
-0.114940 0.000000 
-0.099443 -0.000000 
-1.262357 -0.000000 
0.407407 0.000000 
0.767783 -0.000000 
-0.096732 0.000000 
-0.224487 0.000000 
0.151567 -0.000000 
-0.514916 -0.000000 
-0.061545 0.000000 
-0.341448 -0.000000 
-0.257435 -0.000000 
0.681636 0.000000 
0.822463 -0.000000 
-0.492972 -0.000000 
0.076969 0.000000 
0.260455 0.000000 
0.278942 -0.000000 
0.188013 0.000000 
0.347281 0.000000 
0.134475 -0.000000 
-0.192912 -0.000000 
0.344651 -0.000000 
1.251543 0.000000 
0.355710 0.000000 
-0.210744 0.000000 
0.194029 0.000000 
0.208380 0.000000 
-0.499305 0.000000 
0.169675 -0.000000 
-0.058962 -0.000000 
-0.298478 0.000000 
-0.506109 -0.000000 
0.582279 0.000000 
0.199587 0.000000 
-1.211506 0.000000 
0.112926 -0.000000 
0.141529 0.000000 
-0.605910 -0.000000 
-0.411989 -0.000000 
0.418183 0.000000 
-0.256290 0.000000 
0.197304 -0.000000 
-0.320088 0.000000 
0.147413 0.000000 
0.267358 0.000000 
0.161839 -0.000000 
0.441750 -0.000000 
0.887923 0.000000 
-0.211314 0.000000 
-0.506687 0.000000 
0.288215 0.000000 
0.951047 0.000000 
-0.766861 0.000000 
-0.006099 0.000000 
-0.282503 0.000000 
0.375315 0.000000 
-0.639238 0.000000 
-0.327831 0.000000 
0.244310 -0.000000 
-0.059649 0.000000 
0.062006 0.000000 
-0.094370 0.000000 
0.120192 0.000000 
-0.268425 0.000000 
0.031591 0.000000 
-0.087384 -0.000000 
0.097847 0.000000 
-0.230755 0.000000 
0.985686 -0.000000 
-0.403348 -0.000000 
0.205873 0.000000 
0.168359 -0.000000 
-0.480986 -0.000000 
-0.639303 0.000000 
-0.926354 0.000000 
-0.574959 -0.000000 
0.696754 0.000000 
-0.272301 -0.000000 
0.089530 -0.000000 
-0.049067 -0.000000 
-0.325499 -0.000000 
0.010598 -0.000000 
-0.198287 0.000000 
-0.503668 -0.000000 
-0.546312 0.000000 
-0.590422 0.000000 
-0.425812 0.000000 
0.224078 0.000000 
-0.068462 0.000000 
0.425326 0.000000 
-0.218574 -0.000000 
0.486551 0.000000 
-0.333149 -0.000000 
0.702555 0.000000 
-0.492460 -0.000000 
-0.155464 0.000000 
0.487108 0.000000 
0.074921 0.000000 
-0.349279 -0.000000 
-0.232142 0.000000 
0.601430 -0.000000 
0.405943 0.000000 
-0.163007 -0.000000 
-0.761476 0.000000 
-0.070055 0.000000 
-0.304467 0.000000 
0.295112 -0.000000 
0.085163 -0.000000 
0.692582 0.000000 
0.607343 0.000000 
-0.045183 -0.000000 
-0.670746 0.000000 
0.157311 0.000000 
-0.394766 0.000000 
-0.314117 0.000000 
-0.028206 -0.000000 
-0.032800 0.000000 
-0.980816 -0.000000 
0.537692 -0.000000 
-0.297689 -0.000000 
0.073211 0.000000 
0.198431 -0.000000 
-0.313409 0.000000 
0.998297 0.000000 
0.276301 0.000000 
-0.735975 0.000000 
0.213254 -0.000000 
-0.836386 -0.000000 
0.173360 -0.000000 
-0.628322 -0.000000 
0.857593 0.000000 
0.491191 -0.000000 
0.287508 0.000000 
0.219031 -0.000000 
0.561276 0.000000 
-0.731259 -0.000000 
-0.246904 0.000000 
-0.117107 0.000000 
-0.981883 0.000000 
0.211831 0.000000 
-0.086047 0.000000 
0.114233 0.000000 
-0.163937 0.000000 
-0.218712 -0.000000 
-0.598950 -0.000000 
0.006119 -0.000000 
0.113961 0.000000 
0.264752 0.000000 
-0.879522 0.000000 
0.117021 0.000000 
0.326082 0.000000 
0.533144 -0.000000 
0.124596 0.000000 
0.355383 0.000000 
-0.301888 0.000000 
0.238492 -0.000000 
-0.236055 0.000000 
0.795128 -0.000000 
-0.193805 0.000000 
0.091663 -0.000000 
0.565744 0.000000 
0.936780 0.000000 
-0.394334 -0.000000 
0.336790 0.000000 
-0.246880 0.000000 
-0.170640 0.000000 
-0.236798 0.000000 
-0.214512 0.000000 
0.482766 0.000000 
-0.345449 -0.000000 
0.289146 0.000000 
-0.066774 0.000000 
0.826507 -0.000000 
0.190877 -0.000000 
-0.990265 0.000000 
0.137498 -0.000000 
0.205744 0.000000 
0.190299 -0.000000 
-0.521340 0.000000 
-0.318156 0.000000 
-0.491804 0.000000 
-0.946635 -0.000000 
-0.596676 0.000000 
0.227782 0.000000 
0.073690 -0.000000 
0.782969 -0.000000 
0.438185 0.000000 
-0.555326 -0.000000 
-0.522942 0.000000 
0.747354 0.000000 
-0.151478 0.000000 
0.250249 -0.000000 
0.292854 0.000000 
-0.295737 0.000000 
0.237875 -0.000000 
-0.710165 0.000000 
-0.131707 -0.000000 
-0.641971 -0.000000 
1.117321 -0.000000 
0.041967 0.000000 
0.826344 0.000000 
0.397543 0.000000 
0.897815 0.000000 
0.501275 0.000000 
-0.038384 -0.000000 
0.392221 0.000000 
0.058741 0.000000 
-1.077542 -0.000000 
-0.722807 -0.000000 
0.375821 0.000000 
0.543917 0.000000 
1.035061 0.000000 
0.342674 -0.000000 
-0.379575 0.000000 
0.240702 0.000000 
-0.286346 -0.000000 
0.377277 -0.000000 
0.250297 -0.000000 
-0.524637 0.000000 
0.204884 -0.000000 
0.040978 0.000000 
-0.044351 0.000000 
-0.533712 0.000000 
-0.413921 0.000000 
0.514595 0.000000 
-0.050400 0.000000 
0.566801 0.000000 
-0.308493 -0.000000 
0.167546 0.000000 
0.057669 0.000000 
0.573495 0.000000 
0.286597 -0.000000 
-0.936701 -0.000000 
-1.007202 -0.000000 
0.857276 0.000000 
-0.578312 0.000000 
-0.877981 0.000000 
-0.447417 0.000000 
-0.464500 0.000000 
-0.128516 0.000000 
0.325545 0.000000 
-0.384492 -0.000000 
-0.222381 -0.000000 
-0.233042 0.000000 
0.754452 -0.000000 
0.321636 0.000000 
0.492875 0.000000 
-0.537219 0.000000 
0.400944 -0.000000 
0.723694 0.000000 
-0.434950 0.000000 
0.251716 -0.000000 
-0.276991 -0.000000 
-0.067459 0.000000 
-0.331659 -0.000000 
-0.569939 -0.000000 
0.110077 -0.000000 
0.623601 0.000000 
0.402616 0.000000 
-0.371263 0.000000 
-0.753130 0.000000 
0.239626 -0.000000 
0.321090 0.000000 
0.092283 0.000000 
0.287506 0.000000 
-0.483412 -0.000000 
-0.074704 -0.000000 
0.188563 -0.000000 
0.065215 0.000000 
-0.458491 0.000000 
0.025366 -0.000000 
0.157461 0.000000 
-1.113671 0.000000 
-0.116440 -0.000000 
0.255108 -0.000000 
0.080621 0.000000 
0.179484 -0.000000 
-0.481021 0.000000 
-0.139622 -0.000000 
-0.715785 0.000000 
0.425073 0.000000 
1.234513 -0.000000 
-0.932058 0.000000 
0.543363 -0.000000 
-0.771205 0.000000 
0.504727 0.000000 
-0.157260 -0.000000 
0.231849 0.000000 
0.824272 -0.000000 
-1.430248 0.000000 
0.943044 0.000000 
0.310772 0.000000 
0.386575 0.000000 
0.130835 0.000000 
0.182558 0.000000 
-0.231888 -0.000000 
-0.639010 -0.000000 
0.951122 0.000000 
-0.062407 0.000000 
0.507843 0.000000 
0.036441 0.000000 
0.123018 -0.000000 
-0.707441 -0.000000 
0.487286 0.000000 
0.165356 -0.000000 
0.214080 0.000000 
0.874951 0.000000 
0.287630 -0.000000 
-0.251158 0.000000 
0.155053 0.000000 
-0.173597 0.000000 
-0.002771 0.000000 
0.744329 0.000000 
-0.060337 0.000000 
-0.091105 0.000000 
-0.017341 -0.000000 
-0.594817 -0.000000 
-0.402325 0.000000 
-0.594430 0.000000 
0.528042 0.000000 
-0.211333 0.000000 
-1.156349 0.000000 
-0.696770 0.000000 
0.108154 0.000000 
0.371643 0.000000 
0.391209 -0.000000 
0.053235 0.000000 
-0.377739 -0.000000 
-0.164253 0.000000 
-0.174119 -0.000000 
-0.024023 0.000000 
0.468894 0.000000 
-0.144617 -0.000000 
0.162349 0.000000 
-0.461363 0.000000 
0.023847 0.000000 
-0.212996 0.000000 
-0.694122 -0.000000 
-0.015986 -0.000000 
0.950317 0.000000 
0.385470 0.000000 
-0.146183 0.000000 
0.063585 0.000000 
0.443792 -0.000000 
0.161350 0.000000 
-0.038785 -0.000000 
0.484062 0.000000 
-0.198936 0.000000 
-0.381679 0.000000 
0.128626 0.000000 
0.718577 0.000000 
-0.408523 0.000000 
-0.589177 -0.000000 
-0.310951 0.000000 
-0.546551 0.000000 
0.306741 0.000000 
-0.856132 -0.000000 
1.277308 -0.000000 
0.349396 0.000000 
0.138968 0.000000 
-0.628392 0.000000 
-0.098343 -0.000000 
-0.395139 -0.000000 
0.384845 0.000000 
-0.009571 -0.000000 
-0.053579 -0.000000 
-0.385420 0.000000 
0.200728 0.000000 
0.019834 0.000000 
0.267809 0.000000 
0.339105 0.000000 
-0.389891 -0.000000 
0.063634 0.000000 
0.366942 -0.000000 
0.252197 0.000000 
0.426432 0.000000 
-0.086782 0.000000 
0.146279 0.000000 
-0.440471 0.000000 
0.327678 0.000000 
0.356878 -0.000000 
-0.294330 0.000000 
0.496863 0.000000 
-0.147798 0.000000 
-0.210552 0.000000 
-0.420949 0.000000 
0.511361 0.000000 
-0.234927 0.000000 
-0.557401 0.000000 
0.269249 0.000000 
0.409355 0.000000 
-0.279765 -0.000000 
-0.216842 0.000000 
-0.762114 0.000000 
0.268211 0.000000 
-0.079490 -0.000000 
0.177481 -0.000000 
0.460226 0.000000 
0.110361 0.000000 
-0.146175 0.000000 
0.615263 0.000000 
0.528243 -0.000000 
-0.366322 0.000000 
0.067525 0.000000 
-0.126005 0.000000 
0.351069 -0.000000 
0.403937 -0.000000 
0.277302 0.000000 
0.674946 -0.000000 
0.509811 -0.000000 
-0.629987 0.000000 
-0.157717 -0.000000 
0.433385 -0.000000 
0.349543 -0.000000 
0.274770 -0.000000 
0.370468 -0.000000 
-0.261619 -0.000000 
-0.064131 0.000000 
-0.440776 -0.000000 
0.443076 0.000000 
1.244002 0.000000 
-0.820843 0.000000 
0.517132 0.000000 
-0.411298 0.000000 
0.172105 0.000000 
0.610717 0.000000 
0.923228 0.000000 
-0.189349 -0.000000 
-0.080480 0.000000 
-1.147156 -0.000000 
0.248630 0.000000 
-0.227048 -0.000000 
0.292478 -0.000000 
0.229743 -0.000000 
-0.524012 0.000000 
0.087010 0.000000 
-0.019232 0.000000 
1.019340 0.000000 
-0.131048 0.000000 
-0.584634 0.000000 
-0.394673 0.000000 
-0.307257 0.000000 
0.213595 -0.000000 
-0.447988 -0.000000 
-0.352914 -0.000000 
0.934421 0.000000 
1.409283 -0.000000 
0.217859 0.000000 
0.795267 0.000000 
0.045937 -0.000000 
0.480955 -0.000000 
-0.040092 0.000000 
-0.607183 0.000000 
-0.328826 0.000000 
-0.072734 -0.000000 
0.337991 -0.000000 
-0.397842 -0.000000 
0.804505 -0.000000 
0.461518 -0.000000 
0.331247 -0.000000 
0.030236 0.000000 
0.476642 0.000000 
-0.982566 0.000000 
-0.367555 -0.000000 
0.163140 0.000000 
0.665800 -0.000000 
-0.847671 -0.000000 
0.403734 0.000000 
-0.118243 -0.000000 
0.789886 0.000000 
0.019522 0.000000 
-0.564609 0.000000 
-0.744792 0.000000 
-0.318940 0.000000 
-0.071147 0.000000 
-0.554610 0.000000 
-0.418443 -0.000000 
-0.556691 0.000000 
-0.644866 -0.000000 
0.275083 0.000000 
-0.546418 -0.000000 
0.292108 0.000000 
0.643983 0.000000 
-0.046641 0.000000 
0.102921 -0.000000 
-0.060722 0.000000 
0.255425 0.000000 
0.650687 -0.000000 
0.450901 -0.000000 
-0.131825 -0.000000 
-0.109323 0.000000 
0.216287 -0.000000 
0.071789 0.000000 
0.767671 0.000000 
0.364222 0.000000 
0.451550 0.000000 
-0.472144 0.000000 
-0.237962 0.000000 
-0.123064 0.000000 
-0.017009 0.000000 
-0.438805 0.000000 
0.356457 0.000000 
-0.868566 0.000000 
0.141756 0.000000 
0.511885 0.000000 
0.524591 -0.000000 
-0.252780 -0.000000 
-0.969212 0.000000 
-0.742325 0.000000 
0.259405 0.000000 
0.098165 0.000000 
0.209840 0.000000 
-0.515944 -0.000000 
-0.342093 0.000000 
-1.063269 0.000000 
0.176414 -0.000000 
-0.385366 0.000000 
-0.034502 -0.000000 
0.180237 0.000000 
-0.399665 -0.000000 
0.710966 -0.000000 
0.578450 -0.000000 
-0.289169 -0.000000 
-0.178757 0.000000 
0.060161 0.000000 
0.089784 0.000000 
0.653012 -0.000000 
0.212257 0.000000 
0.245020 0.000000 
0.088884 0.000000 
0.412641 0.000000 
-0.376667 0.000000 
-0.262185 0.000000 
-0.334418 0.000000 
-0.233841 0.000000 
-0.077048 -0.000000 
-0.380196 0.000000 
0.217146 -0.000000 
-0.515066 0.000000 
1.172147 0.000000 
-0.148156 -0.000000 
0.300305 0.000000 
1.241382 0.000000 
-0.077065 -0.000000 
-0.043728 0.000000 
0.085921 0.000000 
0.213207 0.000000 
-0.055284 0.000000 
-1.100122 0.000000 
1.262372 0.000000 
0.248246 0.000000 
0.395489 0.000000 
-0.339900 0.000000 
-0.801351 -0.000000 
-0.322120 0.000000 
-0.299873 0.000000 
0.275301 0.000000 
-0.265483 0.000000 
-0.505529 0.000000 
-0.419724 0.000000 
-0.193965 0.000000 
-0.031798 -0.000000 
0.783327 -0.000000 
0.665376 0.000000 
0.689361 0.000000 
0.332514 0.000000 
-0.302276 0.000000 
0.162241 0.000000 
-0.311739 -0.000000 
0.184702 0.000000 
0.475624 -0.000000 
0.388468 -0.000000 
-0.385041 0.000000 
0.615391 -0.000000 
0.481440 0.000000 
1.413582 0.000000 
-0.393197 0.000000 
-0.534147 0.000000 
-0.229113 0.000000 
1.220883 -0.000000 
-0.765730 0.000000 
0.342418 -0.000000 
0.279986 0.000000 
0.513279 0.000000 
0.674035 -0.000000 
0.972388 0.000000 
-0.128914 -0.000000 
-0.762277 -0.000000 
-0.589360 0.000000 
0.653336 -0.000000 
0.362785 -0.000000 
0.320392 0.000000 
0.634801 0.000000 
0.632076 0.000000 
0.677922 0.000000 
0.094336 0.000000 
0.795331 0.000000 
-0.660645 0.000000 
-0.416091 -0.000000 
0.294292 0.000000 
0.070669 -0.000000 
-0.075947 0.000000 
0.524685 0.000000 
-0.276710 -0.000000 
-0.135351 -0.000000 
-0.603799 -0.000000 
-0.424061 0.000000 
0.727383 0.000000 
-0.509330 0.000000 
-0.088066 0.000000 
-0.084539 0.000000 
0.120304 0.000000 
-0.381375 0.000000 
-0.324882 0.000000 
-0.463549 0.000000 
-0.104541 0.000000 
0.134067 -0.000000 
-0.006906 -0.000000 
0.678322 0.000000 
0.324008 0.000000 
0.387238 0.000000 
-0.023372 -0.000000 
-0.197419 0.000000 
0.177672 -0.000000 
-0.162084 -0.000000 
-0.236309 0.000000 
-0.862018 0.000000 
-0.055311 0.000000 
0.048232 -0.000000 
-0.275903 0.000000 
0.006209 0.000000 
0.523564 0.000000 
-0.290737 0.000000 
-0.051517 0.000000 
-0.231483 0.000000 
-0.097194 0.000000 
-0.935518 0.000000 
-0.147216 -0.000000 
0.701512 0.000000 
-0.451911 0.000000 
-0.146237 -0.000000 
0.081699 0.000000 
-0.718177 0.000000 
0.281993 0.000000 
-0.195171 0.000000 
0.370785 0.000000 
0.025885 0.000000 
0.655806 0.000000 
0.534975 0.000000 
0.231417 0.000000 
-0.125111 0.000000 
0.154458 0.000000 
0.413231 0.000000 
-0.305954 0.000000 
0.229164 -0.000000 
-0.498379 0.000000 
-0.026875 0.000000 
-0.130870 0.000000 
0.478027 -0.000000 
0.103327 -0.000000 
0.186789 0.000000 
0.731632 0.000000 
0.505959 0.000000 
-0.650462 0.000000 
0.050678 0.000000 
0.341457 0.000000 
-0.327217 0.000000 
-0.747364 0.000000 
-0.337054 0.000000 
0.270816 0.000000 
0.253269 0.000000 
-0.353557 0.000000 
-0.452411 0.000000 
-0.788564 0.000000 
0.227262 0.000000 
-0.223148 -0.000000 
-0.203222 0.000000 
