T	 |m|	 <m[0]>	 <m[1]>	 <E>	 dim_{Lat}=2	 L=128,128	 J=1.000000,1.000000	 {/Symbol s}_J=0.000000,0.000000	 <J_{ij}>=0.000000,0.000000	 dim_{Spin}=2	 h=0.062500,0.000000	 {/Symbol s}_h=0.500000,0.000000	 <h_i>=-0.001196,0.000000	 order=1.000000,0.000000	 order_h=0	 order_r=1	 (thermalizing-MCS,averaging-MCS)/{/Symbol D}T=(128000,12800)/0.010000	 
Cooling... 
2.000000	 0.067980	 0.056450	 0.000130	 -0.614053	 
1.990000	 0.069693	 0.058641	 -0.001551	 -0.618359	 
1.980000	 0.069766	 0.058481	 -0.000963	 -0.622566	 
1.970000	 0.070864	 0.059764	 -0.002354	 -0.626447	 
1.960000	 0.072009	 0.061370	 -0.001105	 -0.629898	 
1.950000	 0.073044	 0.062755	 -0.000664	 -0.633480	 
1.940000	 0.072786	 0.062042	 0.000418	 -0.636923	 
1.930000	 0.072912	 0.062321	 0.000635	 -0.639996	 
1.920000	 0.074460	 0.063964	 -0.001420	 -0.644848	 
1.910000	 0.075362	 0.065086	 -0.001477	 -0.649247	 
1.900000	 0.076073	 0.065760	 -0.002692	 -0.653174	 
1.890000	 0.077491	 0.067351	 -0.001992	 -0.657829	 
1.880000	 0.079053	 0.068804	 -0.001566	 -0.661716	 
1.870000	 0.079258	 0.069517	 0.002100	 -0.665245	 
1.860000	 0.079365	 0.069385	 -0.000434	 -0.669437	 
1.850000	 0.080654	 0.070793	 -0.000393	 -0.673611	 
1.840000	 0.082531	 0.073119	 -0.001604	 -0.678848	 
1.830000	 0.082553	 0.073068	 -0.002608	 -0.683285	 
1.820000	 0.083888	 0.074346	 -0.002046	 -0.688344	 
1.810000	 0.087854	 0.078844	 -0.001820	 -0.693038	 
1.800000	 0.087702	 0.078712	 -0.000069	 -0.696926	 
1.790000	 0.087356	 0.078214	 0.000446	 -0.701129	 
1.780000	 0.089271	 0.079753	 0.000749	 -0.705507	 
1.770000	 0.091362	 0.082309	 -0.002899	 -0.711047	 
1.760000	 0.091706	 0.082809	 -0.000926	 -0.716212	 
1.750000	 0.092575	 0.083614	 -0.003341	 -0.721145	 
1.740000	 0.094809	 0.086081	 -0.001842	 -0.726746	 
1.730000	 0.097098	 0.088632	 -0.000644	 -0.731639	 
1.720000	 0.097296	 0.088627	 0.000354	 -0.735754	 
1.710000	 0.098639	 0.090221	 -0.000268	 -0.741036	 
1.700000	 0.101021	 0.092353	 -0.000460	 -0.746620	 
1.690000	 0.101921	 0.093905	 -0.000858	 -0.752175	 
1.680000	 0.102875	 0.094877	 -0.002971	 -0.758462	 
1.670000	 0.106148	 0.098182	 -0.001340	 -0.764639	 
1.660000	 0.108785	 0.100636	 -0.002093	 -0.770104	 
1.650000	 0.109906	 0.102622	 0.000862	 -0.774984	 
1.640000	 0.111675	 0.103600	 0.001094	 -0.780372	 
1.630000	 0.113778	 0.105856	 0.000626	 -0.786374	 
1.620000	 0.116806	 0.108767	 -0.001555	 -0.792925	 
1.610000	 0.116579	 0.109373	 -0.001990	 -0.799398	 
1.600000	 0.120000	 0.112042	 -0.004996	 -0.806467	 
1.590000	 0.121863	 0.114333	 -0.002556	 -0.812701	 
1.580000	 0.126607	 0.119425	 -0.000842	 -0.818940	 
1.570000	 0.128095	 0.120253	 0.000982	 -0.824617	 
1.560000	 0.129268	 0.122311	 0.000323	 -0.830487	 
1.550000	 0.134058	 0.126571	 0.000164	 -0.838429	 
1.540000	 0.136023	 0.128774	 -0.002187	 -0.845695	 
1.530000	 0.138919	 0.131630	 -0.004493	 -0.852871	 
1.520000	 0.140772	 0.133517	 -0.002851	 -0.859831	 
1.510000	 0.145926	 0.139410	 0.000195	 -0.867867	 
1.500000	 0.150226	 0.143297	 0.002294	 -0.874299	 
1.490000	 0.151012	 0.144058	 0.001700	 -0.881236	 
1.480000	 0.152677	 0.145064	 0.002660	 -0.888643	 
1.470000	 0.159902	 0.152709	 0.000817	 -0.897320	 
1.460000	 0.161575	 0.154726	 -0.001713	 -0.905489	 
1.450000	 0.165552	 0.158815	 -0.005819	 -0.914461	 
1.440000	 0.170121	 0.162929	 -0.003375	 -0.922270	 
1.430000	 0.174540	 0.168318	 -0.000113	 -0.930172	 
1.420000	 0.177684	 0.171082	 0.001855	 -0.937750	 
1.410000	 0.180356	 0.173688	 0.003772	 -0.945091	 
1.400000	 0.186218	 0.179420	 -0.002565	 -0.955520	 
1.390000	 0.191013	 0.184191	 -0.003934	 -0.965307	 
1.380000	 0.194867	 0.188066	 -0.007246	 -0.974668	 
1.370000	 0.198957	 0.192119	 -0.005822	 -0.982962	 
1.360000	 0.205670	 0.199495	 -0.003813	 -0.992593	 
1.350000	 0.212265	 0.205926	 0.005172	 -1.000657	 
1.340000	 0.213802	 0.207561	 0.000357	 -1.010153	 
1.330000	 0.221393	 0.214874	 -0.002748	 -1.019979	 
1.320000	 0.229646	 0.223420	 -0.001521	 -1.031666	 
1.310000	 0.233121	 0.226605	 -0.005571	 -1.041994	 
1.300000	 0.239706	 0.232557	 -0.007499	 -1.052501	 
1.290000	 0.248186	 0.241660	 -0.005289	 -1.063543	 
1.280000	 0.255408	 0.249270	 -0.003171	 -1.073174	 
1.270000	 0.259825	 0.253234	 -0.001556	 -1.082519	 
1.260000	 0.266026	 0.259038	 0.004220	 -1.092625	 
1.250000	 0.274970	 0.268015	 -0.003221	 -1.105235	 
1.240000	 0.280079	 0.273813	 -0.005551	 -1.116843	 
1.230000	 0.286559	 0.279365	 -0.009081	 -1.128396	 
1.220000	 0.291556	 0.284085	 -0.011928	 -1.138010	 
1.210000	 0.303180	 0.296726	 -0.006105	 -1.150716	 
1.200000	 0.311136	 0.304065	 0.001732	 -1.161429	 
1.190000	 0.318429	 0.311262	 -0.003485	 -1.172871	 
1.180000	 0.326370	 0.318967	 -0.003081	 -1.185294	 
1.170000	 0.337216	 0.330412	 -0.000210	 -1.197369	 
1.160000	 0.344402	 0.337025	 -0.009185	 -1.210805	 
1.150000	 0.350034	 0.341484	 -0.015142	 -1.221682	 
1.140000	 0.360501	 0.351749	 -0.018465	 -1.233883	 
1.130000	 0.368978	 0.360670	 0.000728	 -1.245365	 
1.120000	 0.378719	 0.371410	 -0.002809	 -1.257067	 
1.110000	 0.386075	 0.379490	 0.011095	 -1.268373	 
1.100000	 0.392376	 0.384880	 -0.007061	 -1.281695	 
1.090000	 0.399581	 0.393232	 -0.005474	 -1.293541	 
1.080000	 0.407962	 0.398656	 -0.016077	 -1.305878	 
1.070000	 0.419263	 0.410149	 -0.022483	 -1.319174	 
1.060000	 0.429168	 0.420894	 -0.018258	 -1.331937	 
1.050000	 0.435070	 0.428215	 -0.016252	 -1.341977	 
1.040000	 0.441723	 0.433953	 0.004732	 -1.353258	 
1.030000	 0.449497	 0.443160	 -0.005921	 -1.365942	 
1.020000	 0.458041	 0.447815	 -0.022787	 -1.376568	 
1.010000	 0.464656	 0.455217	 -0.057376	 -1.390353	 
1.000000	 0.475625	 0.462210	 -0.040031	 -1.400910	 
0.990000	 0.482464	 0.471675	 -0.023748	 -1.413808	 
0.980000	 0.495410	 0.484672	 -0.020475	 -1.424387	 
0.970000	 0.497755	 0.487215	 -0.020661	 -1.435439	 
0.960000	 0.495691	 0.487829	 0.026344	 -1.446908	 
0.950000	 0.513573	 0.496119	 -0.084966	 -1.456718	 
0.940000	 0.511743	 0.500335	 -0.076070	 -1.468276	 
0.930000	 0.524075	 0.507478	 -0.098647	 -1.478364	 
0.920000	 0.533341	 0.515574	 -0.068022	 -1.488179	 
0.910000	 0.536374	 0.526711	 -0.034731	 -1.498272	 
0.900000	 0.537956	 0.528722	 -0.039444	 -1.509151	 
0.890000	 0.547062	 0.531473	 -0.103215	 -1.517621	 
0.880000	 0.554842	 0.533592	 -0.125655	 -1.527689	 
0.870000	 0.563635	 0.528969	 -0.183055	 -1.537790	 
0.860000	 0.574476	 0.527256	 -0.210221	 -1.547632	 
0.850000	 0.580185	 0.530974	 -0.210695	 -1.556912	 
0.840000	 0.561199	 0.546574	 -0.088389	 -1.564153	 
0.830000	 0.572251	 0.548219	 0.131183	 -1.573603	 
0.820000	 0.576895	 0.557609	 -0.095582	 -1.581017	 
0.810000	 0.554198	 0.548314	 -0.054370	 -1.589967	 
0.800000	 0.611998	 0.553329	 -0.246030	 -1.598824	 
0.790000	 0.653326	 0.527181	 -0.383028	 -1.609701	 
0.780000	 0.605151	 0.538700	 -0.265660	 -1.616150	 
0.770000	 0.639304	 0.549576	 -0.322064	 -1.623844	 
0.760000	 0.626207	 0.559471	 -0.270875	 -1.631421	 
0.750000	 0.637306	 0.555695	 -0.304971	 -1.638931	 
0.740000	 0.648776	 0.554870	 -0.331184	 -1.646005	 
0.730000	 0.625771	 0.561888	 -0.268359	 -1.653669	 
0.720000	 0.670079	 0.549040	 -0.381249	 -1.661810	 
0.710000	 0.680748	 0.537445	 -0.414329	 -1.669625	 
0.700000	 0.691366	 0.533307	 -0.436716	 -1.676608	 
0.690000	 0.684693	 0.546734	 -0.406747	 -1.683310	 
0.680000	 0.665757	 0.569813	 -0.337822	 -1.689347	 
0.670000	 0.664657	 0.568869	 -0.336218	 -1.696306	 
0.660000	 0.628608	 0.575965	 -0.245331	 -1.702404	 
0.650000	 0.661413	 0.568822	 -0.333535	 -1.709907	 
0.640000	 0.712307	 0.544828	 -0.456893	 -1.717788	 
0.630000	 0.721060	 0.539231	 -0.476430	 -1.724415	 
0.620000	 0.667305	 0.561904	 -0.352994	 -1.730311	 
0.610000	 0.675115	 0.568727	 -0.359340	 -1.736672	 
0.600000	 0.683995	 0.573944	 -0.368257	 -1.742806	 
0.590000	 0.728297	 0.563508	 -0.458844	 -1.749922	 
0.580000	 0.730135	 0.559806	 -0.466783	 -1.756232	 
0.570000	 0.739613	 0.545802	 -0.497392	 -1.763291	 
0.560000	 0.747704	 0.540782	 -0.514977	 -1.769771	 
0.550000	 0.752621	 0.549189	 -0.512880	 -1.775526	 
0.540000	 0.748163	 0.558389	 -0.494032	 -1.781293	 
0.530000	 0.745589	 0.567054	 -0.481793	 -1.787037	 
0.520000	 0.756410	 0.563297	 -0.502455	 -1.793314	 
0.510000	 0.762406	 0.560028	 -0.515846	 -1.799773	 
0.500000	 0.767961	 0.547046	 -0.538097	 -1.806008	 
0.490000	 0.770389	 0.550348	 -0.537678	 -1.812204	 
0.480000	 0.780243	 0.542803	 -0.559396	 -1.818175	 
0.470000	 0.766903	 0.564703	 -0.517235	 -1.823334	 
0.460000	 0.774496	 0.568453	 -0.524365	 -1.829195	 
0.450000	 0.775707	 0.574240	 -0.519812	 -1.835166	 
0.440000	 0.785888	 0.560691	 -0.549717	 -1.841196	 
0.430000	 0.789262	 0.558823	 -0.556285	 -1.847107	 
0.420000	 0.792643	 0.552883	 -0.566887	 -1.853311	 
0.410000	 0.794713	 0.548024	 -0.574855	 -1.858940	 
0.400000	 0.801049	 0.555787	 -0.575958	 -1.864435	 
0.390000	 0.801276	 0.565640	 -0.566293	 -1.869783	 
0.380000	 0.800462	 0.568614	 -0.562400	 -1.875333	 
0.370000	 0.805164	 0.563784	 -0.574158	 -1.881355	 
0.360000	 0.803842	 0.570380	 -0.565512	 -1.886849	 
0.350000	 0.815497	 0.559434	 -0.592639	 -1.892725	 
0.340000	 0.818657	 0.554847	 -0.601427	 -1.898459	 
0.330000	 0.819608	 0.555741	 -0.601808	 -1.903762	 
0.320000	 0.821856	 0.567052	 -0.593876	 -1.909095	 
0.310000	 0.823604	 0.573853	 -0.590314	 -1.914574	 
0.300000	 0.826571	 0.571045	 -0.597060	 -1.920035	 
0.290000	 0.832422	 0.568765	 -0.607413	 -1.925603	 
0.280000	 0.832111	 0.561786	 -0.613452	 -1.931020	 
0.270000	 0.836092	 0.561800	 -0.618749	 -1.936648	 
0.260000	 0.844733	 0.556743	 -0.634884	 -1.942167	 
0.250000	 0.841292	 0.564127	 -0.623573	 -1.947340	 
0.240000	 0.845413	 0.570107	 -0.623719	 -1.952607	 
0.230000	 0.842181	 0.581679	 -0.608690	 -1.957864	 
0.220000	 0.850316	 0.573060	 -0.627947	 -1.963234	 
0.210000	 0.853210	 0.570180	 -0.634518	 -1.968683	 
0.200000	 0.857935	 0.570681	 -0.640390	 -1.974148	 
0.190000	 0.859652	 0.567787	 -0.645183	 -1.979275	 
0.180000	 0.861219	 0.573156	 -0.642619	 -1.984584	 
0.170000	 0.863827	 0.570747	 -0.648087	 -1.989822	 
0.160000	 0.868703	 0.576186	 -0.649956	 -1.994944	 
0.150000	 0.870556	 0.572928	 -0.655278	 -2.000166	 
0.140000	 0.871280	 0.575084	 -0.654393	 -2.005387	 
0.130000	 0.873839	 0.566469	 -0.665232	 -2.010571	 
0.120000	 0.876532	 0.572579	 -0.663547	 -2.015814	 
0.110000	 0.880740	 0.573429	 -0.668322	 -2.020995	 
0.100000	 0.883160	 0.575602	 -0.669724	 -2.026130	 
0.090000	 0.884466	 0.573627	 -0.673128	 -2.031208	 
0.080000	 0.886297	 0.572014	 -0.676908	 -2.036281	 
0.070000	 0.890585	 0.575846	 -0.679271	 -2.041424	 
0.060000	 0.891822	 0.576701	 -0.680201	 -2.046522	 
0.050000	 0.894287	 0.575041	 -0.684864	 -2.051575	 
0.040000	 0.896658	 0.579430	 -0.684251	 -2.056645	 
0.030000	 0.900091	 0.577103	 -0.690723	 -2.061681	 
0.020000	 0.901585	 0.579652	 -0.690540	 -2.066695	 
0.010000	 0.905025	 0.580802	 -0.694072	 -2.071718	 
