-1.907083 1.907083 
0.000000 0.500000 0.030658 
0.000000 0.000000 0.000000 

0.278706 0.000000 
0.271928 0.000000 
0.609959 -0.000000 
0.785542 0.000000 
-0.039355 0.000000 
-0.659956 0.000000 
-0.137672 -0.000000 
1.289446 -0.000000 
-0.001805 -0.000000 
-0.972786 0.000000 
-0.222283 -0.000000 
0.584740 -0.000000 
1.126520 0.000000 
0.607926 0.000000 
0.000964 0.000000 
0.600055 -0.000000 
-0.360915 0.000000 
-0.155128 -0.000000 
0.883705 -0.000000 
0.367534 0.000000 
0.933386 -0.000000 
-0.177792 -0.000000 
-0.449249 0.000000 
-0.056920 0.000000 
-0.007446 0.000000 
-0.213925 0.000000 
-0.189121 0.000000 
0.090160 0.000000 
0.048892 -0.000000 
0.319514 0.000000 
0.109779 -0.000000 
-0.368189 0.000000 
0.045845 0.000000 
-0.715285 0.000000 
-0.469504 0.000000 
0.264855 0.000000 
0.523252 0.000000 
0.169058 0.000000 
-0.113343 0.000000 
-0.193039 0.000000 
-0.281497 0.000000 
-0.014861 0.000000 
-0.164421 -0.000000 
-0.788437 0.000000 
0.632557 0.000000 
-0.068754 0.000000 
-1.370554 0.000000 
0.862114 -0.000000 
-0.565633 0.000000 
-0.001998 0.000000 
-0.600901 -0.000000 
0.170362 0.000000 
-0.089213 0.000000 
-0.175730 -0.000000 
0.565011 0.000000 
-0.585811 0.000000 
0.603399 -0.000000 
0.591110 0.000000 
-0.334543 0.000000 
0.342655 -0.000000 
0.350444 0.000000 
-0.038533 0.000000 
0.157037 -0.000000 
0.125236 -0.000000 
0.237882 -0.000000 
-0.101062 0.000000 
-0.992115 0.000000 
-0.052330 -0.000000 
-0.327094 0.000000 
1.231076 -0.000000 
-0.721167 -0.000000 
-1.067104 0.000000 
0.624607 0.000000 
1.063597 0.000000 
0.929840 -0.000000 
-0.311688 0.000000 
0.889849 0.000000 
0.244342 -0.000000 
0.295930 0.000000 
-0.019677 0.000000 
-0.147800 0.000000 
-0.013226 0.000000 
0.539164 0.000000 
0.950408 -0.000000 
-0.326499 0.000000 
0.202436 -0.000000 
-0.383918 0.000000 
0.033898 -0.000000 
-0.407006 -0.000000 
0.693647 0.000000 
0.802026 0.000000 
-0.082593 0.000000 
-0.062596 -0.000000 
0.296460 -0.000000 
0.018379 -0.000000 
-0.042040 -0.000000 
-0.002601 -0.000000 
0.476763 0.000000 
0.747908 0.000000 
-0.055618 0.000000 
0.033833 0.000000 
0.004159 -0.000000 
-0.689585 0.000000 
-0.110892 0.000000 
-0.648406 0.000000 
0.512232 0.000000 
0.445930 0.000000 
-0.494303 0.000000 
-0.577930 -0.000000 
-0.736686 0.000000 
0.479680 -0.000000 
-0.957491 -0.000000 
0.367281 0.000000 
-0.454237 0.000000 
-0.301433 -0.000000 
0.397971 -0.000000 
-0.297812 -0.000000 
1.279174 0.000000 
-0.489075 0.000000 
0.412920 -0.000000 
0.379767 -0.000000 
0.108719 0.000000 
0.704845 0.000000 
0.290089 0.000000 
-0.016863 -0.000000 
-0.386995 0.000000 
-0.220054 0.000000 
-0.765497 0.000000 
0.315997 -0.000000 
-0.147161 0.000000 
0.566940 -0.000000 
-0.113936 -0.000000 
0.740717 0.000000 
1.277786 0.000000 
-0.192715 0.000000 
0.629689 0.000000 
0.008964 0.000000 
-0.037574 0.000000 
0.045604 -0.000000 
0.172466 -0.000000 
1.088548 -0.000000 
-0.562533 0.000000 
-1.907083 0.000000 
-0.297107 0.000000 
-0.182952 0.000000 
0.170360 0.000000 
0.080754 0.000000 
0.517619 0.000000 
-1.045274 0.000000 
0.012929 0.000000 
0.016541 0.000000 
0.267995 0.000000 
-0.209376 -0.000000 
0.250654 0.000000 
-0.547828 0.000000 
0.193076 -0.000000 
-0.748229 -0.000000 
-0.557180 0.000000 
-0.140975 -0.000000 
-0.713006 0.000000 
0.544669 0.000000 
0.142383 -0.000000 
-0.020174 0.000000 
-0.196107 0.000000 
0.754971 0.000000 
0.282566 -0.000000 
0.509580 0.000000 
-0.542245 0.000000 
0.344379 0.000000 
0.300010 0.000000 
-0.320420 0.000000 
0.132209 -0.000000 
-0.526027 0.000000 
-0.632931 0.000000 
-0.128535 0.000000 
-0.191625 0.000000 
0.393040 0.000000 
0.612640 0.000000 
-0.127947 -0.000000 
-0.398310 0.000000 
-0.119065 0.000000 
-0.434735 0.000000 
-0.159282 0.000000 
0.477200 -0.000000 
0.371494 -0.000000 
0.651433 -0.000000 
-0.492870 0.000000 
0.329558 0.000000 
-0.087034 0.000000 
0.999405 0.000000 
0.073389 0.000000 
-0.502263 0.000000 
-0.043203 0.000000 
-0.350644 -0.000000 
-0.016802 -0.000000 
0.524225 -0.000000 
-0.011247 -0.000000 
-1.256219 0.000000 
-0.179766 0.000000 
0.007747 0.000000 
0.854497 0.000000 
0.512880 0.000000 
-0.304796 0.000000 
0.344962 0.000000 
0.253044 0.000000 
0.076573 -0.000000 
0.265563 -0.000000 
-0.646856 0.000000 
0.038584 0.000000 
-0.236985 -0.000000 
-0.679787 0.000000 
0.575531 -0.000000 
0.117680 -0.000000 
0.545392 0.000000 
-0.354594 0.000000 
0.024158 0.000000 
0.110919 0.000000 
0.252103 -0.000000 
0.228109 0.000000 
0.685645 0.000000 
0.018439 0.000000 
-0.242979 0.000000 
0.399267 -0.000000 
-0.498084 -0.000000 
-0.393822 0.000000 
0.413337 0.000000 
-0.457023 0.000000 
0.811747 0.000000 
-0.253093 -0.000000 
-0.561993 -0.000000 
0.156370 0.000000 
-0.263559 0.000000 
0.119026 -0.000000 
-0.259071 0.000000 
-0.312071 0.000000 
0.193104 0.000000 
-0.510444 0.000000 
-0.102334 0.000000 
-0.915218 0.000000 
0.722332 0.000000 
-0.286306 0.000000 
-0.069457 -0.000000 
0.586336 0.000000 
-0.527571 0.000000 
-0.779688 -0.000000 
-0.189844 0.000000 
0.412110 -0.000000 
-1.027352 0.000000 
0.538099 0.000000 
0.379208 0.000000 
-0.545765 -0.000000 
0.387438 0.000000 
0.126725 0.000000 
0.262817 0.000000 
0.707126 0.000000 
0.322330 0.000000 
