-1.777686 1.777686 
0.000000 0.500000 0.000564 
0.000000 0.000000 0.000000 

-0.311737 0.000000 
0.465028 -0.000000 
-0.057709 0.000000 
0.007557 0.000000 
-0.730261 0.000000 
0.479563 0.000000 
-0.173794 0.000000 
0.097021 0.000000 
-0.046463 -0.000000 
0.121792 -0.000000 
0.379203 0.000000 
1.315241 0.000000 
0.654487 0.000000 
0.337208 -0.000000 
0.760818 0.000000 
-0.148208 0.000000 
0.703778 0.000000 
0.525362 0.000000 
0.176115 -0.000000 
-0.342876 0.000000 
-0.546223 0.000000 
0.147872 -0.000000 
-0.933080 -0.000000 
1.046407 -0.000000 
-0.702628 -0.000000 
0.005791 -0.000000 
-0.319501 0.000000 
0.650308 0.000000 
-0.149724 0.000000 
0.493672 0.000000 
0.076641 -0.000000 
0.062682 -0.000000 
-0.535718 -0.000000 
-0.081724 -0.000000 
0.180355 0.000000 
-0.765172 0.000000 
0.379539 0.000000 
-0.693382 -0.000000 
-0.033690 -0.000000 
-0.126333 0.000000 
0.674860 0.000000 
1.209562 -0.000000 
-0.575199 0.000000 
0.015326 -0.000000 
0.399969 0.000000 
-1.253504 0.000000 
0.072333 0.000000 
-0.407210 -0.000000 
-0.553291 0.000000 
-0.069364 0.000000 
-0.083403 0.000000 
0.509734 -0.000000 
0.005889 -0.000000 
0.339085 0.000000 
-0.008760 0.000000 
-0.104396 0.000000 
0.355997 -0.000000 
-0.336286 0.000000 
0.656529 0.000000 
1.092701 0.000000 
0.098772 0.000000 
0.074103 0.000000 
0.608047 -0.000000 
0.247822 0.000000 
-0.464897 0.000000 
0.049057 0.000000 
-0.262436 -0.000000 
-0.099348 0.000000 
-0.081573 -0.000000 
0.754141 0.000000 
0.386872 -0.000000 
0.864039 0.000000 
0.018600 0.000000 
-0.073372 0.000000 
0.737334 0.000000 
0.614988 -0.000000 
-0.666441 0.000000 
0.982248 0.000000 
-0.234092 0.000000 
0.371766 0.000000 
-0.701250 0.000000 
0.481770 0.000000 
-0.184772 0.000000 
0.050129 0.000000 
-0.075814 -0.000000 
0.294893 0.000000 
0.226558 0.000000 
0.138067 0.000000 
0.332689 0.000000 
-0.035633 -0.000000 
0.281462 -0.000000 
-0.491103 -0.000000 
-0.166940 -0.000000 
-0.176096 0.000000 
-0.021477 0.000000 
0.206987 -0.000000 
-0.217212 0.000000 
-0.425423 0.000000 
-0.083426 0.000000 
-0.253862 0.000000 
-0.817939 -0.000000 
-0.401680 -0.000000 
-0.236609 0.000000 
0.185980 0.000000 
-0.274916 -0.000000 
0.059308 0.000000 
-0.279411 0.000000 
-0.457230 -0.000000 
-0.225222 0.000000 
-0.205843 0.000000 
-0.234266 0.000000 
0.524755 -0.000000 
-0.024306 0.000000 
0.371745 0.000000 
0.091602 0.000000 
0.387850 0.000000 
0.494047 0.000000 
-0.101815 -0.000000 
-0.370621 -0.000000 
-0.184544 -0.000000 
-0.098457 0.000000 
-0.332783 0.000000 
0.220406 0.000000 
-1.038890 0.000000 
-0.150677 0.000000 
0.007518 0.000000 
0.216701 -0.000000 
0.146631 0.000000 
1.144439 0.000000 
0.201645 0.000000 
0.083959 0.000000 
-0.065429 0.000000 
-0.570705 0.000000 
0.534181 0.000000 
-0.212353 0.000000 
0.430715 0.000000 
-0.710111 0.000000 
-0.720568 0.000000 
0.792489 0.000000 
-0.154102 -0.000000 
0.450565 -0.000000 
0.377214 -0.000000 
0.737715 -0.000000 
0.204668 -0.000000 
0.167298 0.000000 
-0.061287 0.000000 
0.302359 0.000000 
0.869813 0.000000 
-0.267310 0.000000 
0.088247 0.000000 
0.240499 -0.000000 
-0.411526 0.000000 
0.202906 0.000000 
-0.453573 0.000000 
-0.726468 0.000000 
-0.374926 -0.000000 
-1.148295 0.000000 
0.030201 0.000000 
-0.695865 0.000000 
-0.455498 0.000000 
0.243079 -0.000000 
0.379831 0.000000 
0.047643 0.000000 
-0.572153 0.000000 
-0.859275 0.000000 
-0.097897 -0.000000 
-0.289914 0.000000 
0.049369 -0.000000 
-0.408683 0.000000 
-0.246590 0.000000 
0.376901 0.000000 
0.055223 -0.000000 
0.216153 -0.000000 
0.206097 0.000000 
-0.316726 -0.000000 
0.550722 0.000000 
-0.661934 -0.000000 
0.039225 -0.000000 
0.862748 -0.000000 
0.236582 0.000000 
-0.535927 0.000000 
0.178255 0.000000 
-0.151457 0.000000 
1.049598 0.000000 
0.527775 0.000000 
-0.495172 0.000000 
1.069389 0.000000 
-0.264965 0.000000 
0.444755 0.000000 
0.744670 -0.000000 
-0.477930 -0.000000 
-0.214063 0.000000 
0.291475 0.000000 
-0.167013 0.000000 
-0.635977 -0.000000 
-0.010335 0.000000 
-0.672296 -0.000000 
-0.524928 0.000000 
0.536986 0.000000 
0.209382 0.000000 
0.627893 0.000000 
-1.008873 0.000000 
0.099484 0.000000 
-0.188131 -0.000000 
-0.357923 0.000000 
-0.271732 -0.000000 
0.242928 -0.000000 
0.039263 0.000000 
0.393920 0.000000 
-0.393951 0.000000 
-0.435066 0.000000 
0.713859 0.000000 
-0.011509 0.000000 
-0.196783 -0.000000 
0.369094 -0.000000 
0.030731 0.000000 
-0.607441 0.000000 
-0.203316 0.000000 
-0.425572 0.000000 
0.837414 -0.000000 
-0.498493 -0.000000 
-0.727443 0.000000 
-0.264849 -0.000000 
-0.470593 0.000000 
-0.050757 0.000000 
0.326335 0.000000 
0.209472 0.000000 
-0.084762 0.000000 
-0.375249 0.000000 
0.181606 -0.000000 
-0.386095 0.000000 
-0.226805 0.000000 
0.066999 0.000000 
-1.013123 0.000000 
-0.772728 0.000000 
-0.259104 0.000000 
-0.093341 -0.000000 
0.347015 0.000000 
0.458183 -0.000000 
0.322379 0.000000 
0.250491 -0.000000 
-0.434223 -0.000000 
-0.336517 -0.000000 
0.530945 -0.000000 
0.370931 -0.000000 
0.013764 -0.000000 
0.171079 0.000000 
-0.171533 -0.000000 
-0.323155 0.000000 
-0.043095 -0.000000 
-0.791242 -0.000000 
-0.047767 -0.000000 
-0.673475 -0.000000 
0.066945 0.000000 
0.899581 -0.000000 
-0.510154 0.000000 
