-2.023785 2.023785 
0.000000 0.500000 -0.000412 
0.000000 0.000000 0.000000 

0.434127 0.000000 
-0.068341 -0.000000 
0.041213 0.000000 
0.279255 -0.000000 
0.279963 0.000000 
-0.239022 0.000000 
0.094344 0.000000 
-0.335842 0.000000 
-0.293952 0.000000 
-0.748277 0.000000 
-0.334646 -0.000000 
0.212659 0.000000 
-0.360547 -0.000000 
-0.349728 0.000000 
-0.426898 0.000000 
0.208068 0.000000 
-0.252208 -0.000000 
0.063028 0.000000 
-1.324293 -0.000000 
-0.620746 0.000000 
-0.070972 0.000000 
-0.914325 0.000000 
-0.253073 0.000000 
-0.624461 0.000000 
-0.403940 -0.000000 
0.315805 -0.000000 
-0.613436 -0.000000 
0.318725 -0.000000 
0.104295 0.000000 
-0.230030 -0.000000 
0.135538 0.000000 
0.256731 0.000000 
1.448894 -0.000000 
-0.731418 -0.000000 
0.168792 -0.000000 
-0.450059 -0.000000 
-0.509658 0.000000 
1.339368 -0.000000 
-0.905782 -0.000000 
-0.317986 0.000000 
0.129634 0.000000 
0.058022 0.000000 
0.305010 0.000000 
0.247503 0.000000 
0.298491 0.000000 
-0.094500 0.000000 
-0.099781 0.000000 
-0.144891 0.000000 
0.103427 0.000000 
-0.006330 0.000000 
0.123218 0.000000 
-0.300520 0.000000 
-0.553854 -0.000000 
-0.145204 -0.000000 
0.527530 0.000000 
0.049889 0.000000 
0.027124 0.000000 
0.615695 -0.000000 
0.646070 0.000000 
0.063209 -0.000000 
-0.828426 -0.000000 
0.289811 0.000000 
-0.324883 0.000000 
-0.088844 0.000000 
-0.325112 -0.000000 
-0.433668 0.000000 
-0.486973 0.000000 
0.323342 0.000000 
-0.065283 0.000000 
-0.236199 -0.000000 
0.558193 0.000000 
-1.461898 -0.000000 
-0.681018 -0.000000 
0.511732 0.000000 
-0.439583 -0.000000 
0.209399 -0.000000 
-0.064309 0.000000 
0.281921 0.000000 
0.819578 0.000000 
0.494615 0.000000 
0.191555 0.000000 
0.031175 0.000000 
0.355791 -0.000000 
0.737419 -0.000000 
-0.464963 -0.000000 
-0.352873 -0.000000 
-0.687724 0.000000 
0.039595 0.000000 
0.181433 0.000000 
0.005966 0.000000 
-0.540033 0.000000 
-0.831613 0.000000 
-0.867815 0.000000 
0.396268 -0.000000 
-0.663818 0.000000 
0.806947 0.000000 
0.991832 0.000000 
-0.163849 0.000000 
0.050118 0.000000 
0.397142 0.000000 
0.172489 0.000000 
-0.779186 0.000000 
0.523406 -0.000000 
0.598105 0.000000 
0.208142 -0.000000 
-0.521802 0.000000 
-0.250204 0.000000 
-0.486249 0.000000 
0.788241 0.000000 
0.063218 0.000000 
0.172523 0.000000 
0.191778 -0.000000 
1.003524 0.000000 
0.486086 0.000000 
0.196287 -0.000000 
0.697881 0.000000 
-0.078389 0.000000 
0.174977 0.000000 
0.670207 -0.000000 
-0.095492 0.000000 
0.477095 -0.000000 
-0.737706 0.000000 
0.158747 0.000000 
-0.366562 0.000000 
0.142598 0.000000 
0.988898 0.000000 
-1.042264 0.000000 
0.298880 0.000000 
-0.298300 0.000000 
-0.022596 0.000000 
0.599990 0.000000 
-0.367449 -0.000000 
-0.305197 0.000000 
-0.451184 0.000000 
-0.379415 0.000000 
-0.170686 -0.000000 
0.944975 0.000000 
0.521488 -0.000000 
0.225370 0.000000 
0.216126 -0.000000 
-0.922580 0.000000 
-0.148704 0.000000 
0.161481 0.000000 
-0.453491 0.000000 
0.774703 0.000000 
-0.030377 0.000000 
0.547107 0.000000 
-0.552605 0.000000 
0.591252 -0.000000 
-0.022976 0.000000 
0.337624 0.000000 
-0.350449 -0.000000 
0.774646 0.000000 
0.416606 0.000000 
-0.312872 0.000000 
-0.127696 0.000000 
0.224307 0.000000 
0.649334 -0.000000 
-0.315637 0.000000 
-0.368091 0.000000 
0.167333 0.000000 
-0.110437 -0.000000 
0.010166 0.000000 
0.090341 0.000000 
-0.246083 0.000000 
0.343178 0.000000 
0.651218 0.000000 
0.548216 0.000000 
-0.728633 -0.000000 
-0.006109 -0.000000 
-0.391439 -0.000000 
-0.652816 0.000000 
-0.322498 0.000000 
0.691048 0.000000 
0.058484 0.000000 
0.306534 -0.000000 
-1.001129 -0.000000 
-0.093709 -0.000000 
0.416084 -0.000000 
0.772423 -0.000000 
-0.620297 0.000000 
0.271819 -0.000000 
0.307832 0.000000 
-0.793262 -0.000000 
-0.130809 0.000000 
-0.192490 0.000000 
-0.001159 0.000000 
0.186933 0.000000 
0.812476 0.000000 
0.283477 -0.000000 
0.146984 0.000000 
-0.183160 -0.000000 
-0.117980 0.000000 
-0.635672 0.000000 
0.411012 0.000000 
-0.020573 0.000000 
0.134160 -0.000000 
0.752292 -0.000000 
-0.072710 0.000000 
-0.200581 0.000000 
-0.703388 -0.000000 
0.725626 0.000000 
0.595853 -0.000000 
-0.298340 -0.000000 
-0.256619 -0.000000 
0.415531 -0.000000 
0.691379 0.000000 
-1.160123 0.000000 
-0.114085 0.000000 
0.789933 0.000000 
0.449187 0.000000 
-0.142568 0.000000 
-0.717273 0.000000 
-0.338423 0.000000 
0.218879 -0.000000 
-0.151196 0.000000 
-0.373385 0.000000 
0.340564 -0.000000 
-0.170371 0.000000 
-0.439730 -0.000000 
0.239028 0.000000 
-0.009407 0.000000 
0.323225 0.000000 
1.733117 0.000000 
-0.215243 0.000000 
-0.083675 0.000000 
-0.083812 0.000000 
-0.215828 0.000000 
0.688640 0.000000 
0.182634 0.000000 
-0.212378 -0.000000 
-1.085364 -0.000000 
-0.300458 -0.000000 
0.778635 -0.000000 
-0.075007 0.000000 
-0.727430 -0.000000 
0.426276 0.000000 
-0.158560 0.000000 
0.496491 -0.000000 
0.029962 0.000000 
-0.361386 0.000000 
-0.193834 0.000000 
0.392991 0.000000 
-0.103330 0.000000 
0.484017 0.000000 
0.249237 0.000000 
0.038639 -0.000000 
-0.775261 -0.000000 
0.034841 0.000000 
-0.250662 -0.000000 
-0.445876 -0.000000 
0.422233 0.000000 
-0.318926 -0.000000 
-0.024439 0.000000 
-0.536716 -0.000000 
0.474475 -0.000000 
