T	 |m|	 <m[0]>	 <m[1]>	 <E>	 dim_{Lat}=2	 L=128,128	 J=1.000000,1.000000	 {/Symbol s}_J=0.000000,0.000000	 <J_{ij}>=0.000000,0.000000	 dim_{Spin}=2	 h=0.125000,0.000000	 {/Symbol s}_h=0.500000,0.000000	 <h_i>=0.005481,0.000000	 order=1.000000,0.000000	 order_h=0	 order_r=1	 (thermalizing-MCS,averaging-MCS)/{/Symbol D}T=(128000,12800)/0.010000	 
Cooling... 
2.000000	 0.125484	 0.120390	 -0.000296	 -0.635282	 
1.990000	 0.128283	 0.123493	 -0.001292	 -0.640325	 
1.980000	 0.129051	 0.124139	 -0.001051	 -0.644616	 
1.970000	 0.131765	 0.126829	 -0.002587	 -0.649390	 
1.960000	 0.133783	 0.129027	 -0.001180	 -0.653552	 
1.950000	 0.135346	 0.130693	 -0.000402	 -0.657106	 
1.940000	 0.135781	 0.130949	 0.000089	 -0.660478	 
1.930000	 0.137023	 0.132374	 0.000321	 -0.664120	 
1.920000	 0.140372	 0.135756	 -0.001507	 -0.669738	 
1.910000	 0.142162	 0.137510	 -0.000996	 -0.674707	 
1.900000	 0.144305	 0.139706	 -0.003224	 -0.679320	 
1.890000	 0.146135	 0.141652	 -0.002261	 -0.684048	 
1.880000	 0.148819	 0.144218	 -0.001841	 -0.688776	 
1.870000	 0.150536	 0.146116	 0.001666	 -0.692563	 
1.860000	 0.151915	 0.147575	 -0.000065	 -0.697013	 
1.850000	 0.153631	 0.149304	 -0.000667	 -0.701842	 
1.840000	 0.157529	 0.153324	 -0.001193	 -0.707937	 
1.830000	 0.158541	 0.154178	 -0.002820	 -0.712323	 
1.820000	 0.161232	 0.156911	 -0.002018	 -0.718205	 
1.810000	 0.166597	 0.162407	 -0.001227	 -0.724085	 
1.800000	 0.167959	 0.163740	 -0.000352	 -0.728210	 
1.790000	 0.168726	 0.164575	 -0.000178	 -0.733088	 
1.780000	 0.170750	 0.166526	 0.000730	 -0.737818	 
1.770000	 0.174384	 0.170388	 -0.002668	 -0.744036	 
1.760000	 0.177368	 0.173339	 -0.001196	 -0.750208	 
1.750000	 0.179581	 0.175467	 -0.003409	 -0.755918	 
1.740000	 0.182880	 0.178911	 -0.002773	 -0.762082	 
1.730000	 0.187956	 0.183963	 -0.000657	 -0.768516	 
1.720000	 0.189014	 0.185069	 0.000723	 -0.772585	 
1.710000	 0.192194	 0.188357	 -0.000474	 -0.778727	 
1.700000	 0.196475	 0.192613	 -0.000762	 -0.785554	 
1.690000	 0.199389	 0.195648	 -0.001140	 -0.791681	 
1.680000	 0.202473	 0.198697	 -0.003146	 -0.798697	 
1.670000	 0.206804	 0.203104	 -0.002146	 -0.805721	 
1.660000	 0.210777	 0.207004	 -0.002730	 -0.812573	 
1.650000	 0.215071	 0.211688	 0.000905	 -0.818676	 
1.640000	 0.217913	 0.214104	 0.001093	 -0.824821	 
1.630000	 0.220845	 0.217227	 -0.000948	 -0.831057	 
1.620000	 0.226749	 0.223091	 -0.001332	 -0.839181	 
1.610000	 0.229265	 0.225820	 -0.002217	 -0.846306	 
1.600000	 0.233734	 0.230022	 -0.003580	 -0.854864	 
1.590000	 0.238589	 0.234766	 -0.003207	 -0.862232	 
1.580000	 0.243773	 0.240380	 -0.000690	 -0.869809	 
1.570000	 0.247938	 0.244434	 0.000780	 -0.876343	 
1.560000	 0.252039	 0.248651	 0.001565	 -0.884070	 
1.550000	 0.257762	 0.254338	 0.000556	 -0.892779	 
1.540000	 0.262878	 0.259464	 -0.001020	 -0.901103	 
1.530000	 0.267569	 0.264097	 -0.002921	 -0.909710	 
1.520000	 0.272577	 0.269154	 -0.003458	 -0.918105	 
1.510000	 0.280178	 0.277009	 -0.000822	 -0.927862	 
1.500000	 0.284572	 0.281396	 0.002671	 -0.935377	 
1.490000	 0.289443	 0.286181	 0.001251	 -0.943380	 
1.480000	 0.294637	 0.291193	 0.001382	 -0.952163	 
1.470000	 0.302445	 0.299153	 -0.000986	 -0.962999	 
1.460000	 0.307587	 0.304213	 0.000873	 -0.972202	 
1.450000	 0.313707	 0.310414	 -0.005017	 -0.981996	 
1.440000	 0.319962	 0.316681	 -0.003788	 -0.991549	 
1.430000	 0.327383	 0.324274	 -0.000661	 -1.001132	 
1.420000	 0.333759	 0.330727	 -0.000544	 -1.010418	 
1.410000	 0.339251	 0.336021	 0.003037	 -1.018874	 
1.400000	 0.347748	 0.344492	 -0.003210	 -1.031468	 
1.390000	 0.353178	 0.349952	 -0.001259	 -1.041595	 
1.380000	 0.360634	 0.357440	 -0.006756	 -1.052458	 
1.370000	 0.367623	 0.364364	 -0.003273	 -1.063163	 
1.360000	 0.375653	 0.372378	 -0.004217	 -1.073869	 
1.350000	 0.384594	 0.381578	 0.003446	 -1.084337	 
1.340000	 0.389975	 0.387032	 -0.000554	 -1.094391	 
1.330000	 0.397831	 0.394994	 0.000325	 -1.105480	 
1.320000	 0.408499	 0.405666	 -0.001179	 -1.118872	 
1.310000	 0.415114	 0.412148	 -0.005522	 -1.130558	 
1.300000	 0.421871	 0.418790	 -0.004841	 -1.142095	 
1.290000	 0.433540	 0.430547	 -0.003253	 -1.155052	 
1.280000	 0.439714	 0.436850	 -0.001325	 -1.164926	 
1.270000	 0.448764	 0.445908	 -0.000939	 -1.176522	 
1.260000	 0.456815	 0.453829	 -0.000145	 -1.187769	 
1.250000	 0.463424	 0.460360	 -0.004070	 -1.199914	 
1.240000	 0.471995	 0.469036	 0.000938	 -1.212388	 
1.230000	 0.479569	 0.476402	 -0.006058	 -1.224804	 
1.220000	 0.487228	 0.483918	 -0.004475	 -1.235760	 
1.210000	 0.497988	 0.494842	 -0.007394	 -1.249331	 
1.200000	 0.505955	 0.503151	 0.001406	 -1.260289	 
1.190000	 0.513881	 0.511252	 -0.002102	 -1.271526	 
1.180000	 0.521001	 0.518098	 -0.000762	 -1.283676	 
1.170000	 0.530231	 0.527562	 0.003190	 -1.296832	 
1.160000	 0.537949	 0.534715	 -0.006551	 -1.309376	 
1.150000	 0.544140	 0.541063	 -0.009102	 -1.320004	 
1.140000	 0.554702	 0.551195	 -0.007388	 -1.333798	 
1.130000	 0.561944	 0.559161	 -0.005439	 -1.344886	 
1.120000	 0.570830	 0.568073	 -0.002789	 -1.355936	 
1.110000	 0.578546	 0.576046	 -0.000776	 -1.366919	 
1.100000	 0.584837	 0.581784	 -0.002839	 -1.378852	 
1.090000	 0.591619	 0.588818	 -0.006101	 -1.390942	 
1.080000	 0.597007	 0.593641	 -0.012882	 -1.401763	 
1.070000	 0.605942	 0.602921	 -0.007594	 -1.413348	 
1.060000	 0.613974	 0.610744	 -0.009954	 -1.425325	 
1.050000	 0.620603	 0.617694	 0.000726	 -1.435306	 
1.040000	 0.625788	 0.622956	 -0.002429	 -1.445455	 
1.030000	 0.632022	 0.629538	 0.000203	 -1.456542	 
1.020000	 0.636655	 0.634037	 0.008221	 -1.466178	 
1.010000	 0.645055	 0.641921	 -0.017288	 -1.478065	 
1.000000	 0.649262	 0.645918	 -0.005910	 -1.487021	 
0.990000	 0.658174	 0.654982	 -0.012892	 -1.498550	 
0.980000	 0.664396	 0.661265	 -0.002958	 -1.508492	 
0.970000	 0.669350	 0.665995	 0.003935	 -1.518127	 
0.960000	 0.674257	 0.671310	 0.002960	 -1.526710	 
0.950000	 0.677909	 0.675435	 -0.001811	 -1.536801	 
0.940000	 0.685127	 0.682321	 -0.009979	 -1.547098	 
0.930000	 0.688841	 0.685693	 -0.017773	 -1.555355	 
0.920000	 0.693993	 0.690987	 -0.010425	 -1.564740	 
0.910000	 0.699086	 0.696015	 -0.006785	 -1.573741	 
0.900000	 0.705264	 0.702826	 -0.005801	 -1.582559	 
0.890000	 0.706269	 0.703305	 0.003393	 -1.590223	 
0.880000	 0.711777	 0.708986	 -0.000594	 -1.599614	 
0.870000	 0.716761	 0.714528	 -0.002410	 -1.607807	 
0.860000	 0.720149	 0.716778	 -0.024965	 -1.616486	 
0.850000	 0.724083	 0.721582	 -0.013959	 -1.624191	 
0.840000	 0.727838	 0.724189	 0.002356	 -1.632463	 
0.830000	 0.734737	 0.732148	 0.003621	 -1.641045	 
0.820000	 0.738041	 0.734956	 -0.000314	 -1.648672	 
0.810000	 0.741677	 0.739634	 -0.000476	 -1.655761	 
0.800000	 0.743674	 0.741349	 -0.008028	 -1.664052	 
0.790000	 0.749333	 0.746467	 -0.008518	 -1.672100	 
0.780000	 0.751996	 0.748437	 0.005188	 -1.679041	 
0.770000	 0.755718	 0.753087	 -0.013581	 -1.686284	 
0.760000	 0.760367	 0.758445	 0.007035	 -1.693858	 
0.750000	 0.764140	 0.761842	 0.005677	 -1.701353	 
0.740000	 0.766418	 0.764238	 -0.010700	 -1.707911	 
0.730000	 0.770024	 0.767868	 0.008539	 -1.715189	 
0.720000	 0.774480	 0.772749	 0.002898	 -1.722417	 
0.710000	 0.778699	 0.776083	 -0.019004	 -1.729547	 
0.700000	 0.780542	 0.777581	 -0.023563	 -1.735666	 
0.690000	 0.782020	 0.778418	 -0.006321	 -1.742663	 
0.680000	 0.787463	 0.785047	 -0.001069	 -1.749865	 
0.670000	 0.790701	 0.787967	 -0.000849	 -1.756010	 
0.660000	 0.793842	 0.792101	 0.011117	 -1.762364	 
0.650000	 0.796639	 0.794692	 -0.011184	 -1.769356	 
0.640000	 0.799489	 0.797452	 -0.013801	 -1.775934	 
0.630000	 0.803177	 0.800275	 -0.016334	 -1.782150	 
0.620000	 0.804441	 0.802816	 0.003294	 -1.788527	 
0.610000	 0.809204	 0.807181	 0.005983	 -1.795228	 
0.600000	 0.811755	 0.809398	 0.015648	 -1.801716	 
0.590000	 0.814347	 0.812434	 0.004964	 -1.807656	 
0.580000	 0.817552	 0.815752	 -0.019176	 -1.813694	 
0.570000	 0.818739	 0.816977	 -0.002488	 -1.820200	 
0.560000	 0.822861	 0.820961	 -0.024941	 -1.826553	 
0.550000	 0.824850	 0.822932	 -0.005102	 -1.832093	 
0.540000	 0.827849	 0.825256	 0.012706	 -1.838067	 
0.530000	 0.831516	 0.828546	 0.030865	 -1.844379	 
0.520000	 0.835011	 0.832346	 -0.004054	 -1.850115	 
0.510000	 0.838703	 0.836758	 -0.028331	 -1.855971	 
0.500000	 0.840615	 0.838090	 -0.026011	 -1.862246	 
0.490000	 0.842128	 0.839601	 -0.016322	 -1.868369	 
0.480000	 0.844430	 0.841895	 -0.025752	 -1.873770	 
0.470000	 0.849219	 0.847717	 -0.009375	 -1.879554	 
0.460000	 0.853659	 0.851057	 0.026330	 -1.885348	 
0.450000	 0.852864	 0.851012	 -0.002360	 -1.891531	 
0.440000	 0.858315	 0.856848	 -0.002651	 -1.897197	 
0.430000	 0.861140	 0.857956	 -0.033637	 -1.902924	 
0.420000	 0.862886	 0.859940	 -0.048370	 -1.908695	 
0.410000	 0.864975	 0.862998	 -0.024114	 -1.914500	 
0.400000	 0.863161	 0.862195	 -0.011628	 -1.919929	 
0.390000	 0.867806	 0.865814	 -0.026403	 -1.925339	 
0.380000	 0.875377	 0.873307	 0.014908	 -1.931139	 
0.370000	 0.873989	 0.872052	 0.000691	 -1.936749	 
0.360000	 0.876337	 0.874838	 -0.017976	 -1.942319	 
0.350000	 0.878671	 0.877123	 -0.005282	 -1.947900	 
0.340000	 0.880718	 0.878417	 -0.036229	 -1.953493	 
0.330000	 0.882619	 0.881209	 -0.026555	 -1.958673	 
0.320000	 0.883184	 0.881818	 -0.003048	 -1.964265	 
0.310000	 0.890918	 0.887468	 -0.060159	 -1.969729	 
0.300000	 0.894128	 0.891979	 0.041439	 -1.975231	 
0.290000	 0.893013	 0.892307	 -0.004974	 -1.980686	 
0.280000	 0.893804	 0.893025	 0.001822	 -1.986155	 
0.270000	 0.901207	 0.898182	 -0.066762	 -1.991590	 
0.260000	 0.899085	 0.898352	 -0.010561	 -1.996927	 
0.250000	 0.904277	 0.903023	 0.036567	 -2.002217	 
0.240000	 0.908398	 0.906736	 0.030790	 -2.007428	 
0.230000	 0.905544	 0.904606	 0.019388	 -2.012974	 
0.220000	 0.912731	 0.909364	 -0.062589	 -2.018114	 
0.210000	 0.913316	 0.911355	 -0.051485	 -2.023458	 
0.200000	 0.914669	 0.913690	 -0.004251	 -2.028850	 
0.190000	 0.915755	 0.913715	 -0.053365	 -2.034148	 
0.180000	 0.921293	 0.918192	 -0.071784	 -2.039248	 
0.170000	 0.925795	 0.923144	 -0.061307	 -2.044523	 
0.160000	 0.925535	 0.925113	 -0.012145	 -2.049763	 
0.150000	 0.926774	 0.925626	 -0.038059	 -2.054817	 
0.140000	 0.926455	 0.925334	 -0.040542	 -2.060078	 
0.130000	 0.930285	 0.928671	 -0.043043	 -2.065191	 
0.120000	 0.933140	 0.932071	 -0.038823	 -2.070378	 
0.110000	 0.932173	 0.931351	 -0.036308	 -2.075583	 
0.100000	 0.937809	 0.936862	 -0.034691	 -2.080740	 
0.090000	 0.940173	 0.939510	 -0.031705	 -2.085821	 
0.080000	 0.940770	 0.939246	 -0.050906	 -2.090932	 
0.070000	 0.942450	 0.941103	 -0.046664	 -2.096044	 
0.060000	 0.946113	 0.944673	 -0.049243	 -2.101036	 
0.050000	 0.944922	 0.944862	 -0.001353	 -2.106144	 
0.040000	 0.948682	 0.948585	 -0.010503	 -2.111230	 
0.030000	 0.948523	 0.948004	 -0.030221	 -2.116293	 
0.020000	 0.953265	 0.952783	 -0.029800	 -2.121295	 
0.010000	 0.953497	 0.953165	 -0.024950	 -2.126306	 
