-2.313114 2.313114 
0.000000 0.500000 0.003231 
0.000000 0.000000 0.000000 

0.476461 0.000000 
0.345556 -0.000000 
-0.073008 -0.000000 
1.360681 0.000000 
0.112090 0.000000 
-0.040456 0.000000 
-0.070680 0.000000 
-0.299024 -0.000000 
0.319918 0.000000 
0.172418 -0.000000 
-0.471990 0.000000 
-0.290269 0.000000 
0.420107 0.000000 
0.524193 -0.000000 
0.371399 -0.000000 
1.024941 -0.000000 
-0.627829 0.000000 
-0.001354 0.000000 
0.358719 0.000000 
0.449801 0.000000 
0.342512 -0.000000 
0.092353 0.000000 
-1.161780 0.000000 
-0.069639 -0.000000 
0.595869 0.000000 
0.291753 0.000000 
0.531674 0.000000 
-0.017417 0.000000 
0.969049 -0.000000 
0.550973 0.000000 
-0.000555 -0.000000 
0.796698 -0.000000 
-0.442442 -0.000000 
-0.108876 0.000000 
-0.275403 -0.000000 
-0.150823 -0.000000 
-0.424830 -0.000000 
0.344119 -0.000000 
0.901907 -0.000000 
-0.044446 0.000000 
-0.201829 0.000000 
-0.386085 0.000000 
0.083364 0.000000 
0.018311 0.000000 
-0.583769 0.000000 
-0.100426 -0.000000 
0.113370 0.000000 
-0.480193 0.000000 
0.638018 0.000000 
-0.316548 0.000000 
0.058166 0.000000 
-0.334009 0.000000 
0.298599 -0.000000 
1.388228 -0.000000 
-0.013744 0.000000 
-0.782210 0.000000 
0.305991 -0.000000 
0.345048 0.000000 
0.234688 0.000000 
0.148944 -0.000000 
-0.419537 0.000000 
1.107680 0.000000 
-0.237896 -0.000000 
-0.611297 0.000000 
-1.064782 0.000000 
-0.117767 0.000000 
0.263273 -0.000000 
0.481627 -0.000000 
0.174332 0.000000 
0.085240 0.000000 
0.093350 0.000000 
0.461087 -0.000000 
0.321264 0.000000 
0.005905 0.000000 
-0.606848 -0.000000 
0.429286 0.000000 
-0.330823 0.000000 
-0.133171 0.000000 
-0.246549 0.000000 
0.522961 0.000000 
0.255534 0.000000 
0.458475 -0.000000 
0.297282 -0.000000 
-0.593328 0.000000 
-0.329164 0.000000 
0.208994 -0.000000 
0.397294 0.000000 
0.579779 0.000000 
-0.357729 0.000000 
-0.245886 0.000000 
-0.119008 0.000000 
0.816021 0.000000 
0.081566 0.000000 
-0.788103 0.000000 
-0.736440 -0.000000 
0.067998 0.000000 
-0.240085 -0.000000 
-0.336175 0.000000 
0.111264 0.000000 
-0.533900 0.000000 
-0.687219 0.000000 
0.031612 0.000000 
-0.337104 0.000000 
-0.495918 -0.000000 
0.096029 0.000000 
0.077619 0.000000 
0.327731 -0.000000 
-0.454667 0.000000 
0.205029 -0.000000 
0.494172 0.000000 
-0.301430 0.000000 
-0.315989 0.000000 
-0.060378 0.000000 
0.435826 -0.000000 
-0.058512 -0.000000 
-1.050533 -0.000000 
0.332853 0.000000 
-0.121429 0.000000 
0.769160 -0.000000 
0.558107 0.000000 
0.271557 -0.000000 
0.972050 0.000000 
0.360331 0.000000 
0.519357 0.000000 
-0.432310 -0.000000 
-0.331082 0.000000 
-0.088796 0.000000 
0.285926 0.000000 
0.195618 0.000000 
0.613756 -0.000000 
0.279182 0.000000 
0.119601 0.000000 
-0.072054 0.000000 
-0.862313 0.000000 
0.122785 0.000000 
0.890712 0.000000 
-0.469322 0.000000 
-0.626225 0.000000 
-0.041021 -0.000000 
0.526763 0.000000 
-0.379587 0.000000 
0.676059 0.000000 
0.589376 0.000000 
0.215044 0.000000 
-0.064489 0.000000 
0.993817 0.000000 
-0.084625 -0.000000 
0.518399 0.000000 
0.102414 0.000000 
-0.301686 0.000000 
0.394004 0.000000 
-0.453426 -0.000000 
0.351765 0.000000 
-0.433873 -0.000000 
0.196404 -0.000000 
1.762685 -0.000000 
-0.386726 -0.000000 
-0.463788 -0.000000 
0.031247 -0.000000 
0.262542 0.000000 
-0.503708 0.000000 
-0.266047 0.000000 
-0.157159 0.000000 
-1.440645 0.000000 
-0.132146 -0.000000 
0.610496 0.000000 
0.461054 0.000000 
0.165118 -0.000000 
0.745316 -0.000000 
0.189219 0.000000 
-0.142620 0.000000 
0.456983 0.000000 
0.511360 -0.000000 
0.188263 0.000000 
0.427680 0.000000 
-0.854042 0.000000 
1.106626 0.000000 
0.855866 0.000000 
-1.101479 0.000000 
-0.846593 0.000000 
0.341299 0.000000 
0.572156 0.000000 
0.218078 0.000000 
0.011173 0.000000 
0.550529 -0.000000 
0.610105 -0.000000 
0.695994 -0.000000 
0.285013 0.000000 
-0.423584 0.000000 
1.287637 -0.000000 
0.615873 0.000000 
0.374740 0.000000 
0.014855 0.000000 
0.469064 -0.000000 
-0.357987 -0.000000 
0.270631 0.000000 
-0.110342 -0.000000 
0.600367 0.000000 
0.032788 0.000000 
-0.036274 0.000000 
-1.080491 -0.000000 
-0.167450 -0.000000 
-0.135545 -0.000000 
0.330583 -0.000000 
-0.350711 0.000000 
0.085832 -0.000000 
0.782951 0.000000 
0.899392 0.000000 
-0.699268 -0.000000 
0.006494 0.000000 
0.236828 0.000000 
0.318670 0.000000 
0.451776 0.000000 
-0.401700 -0.000000 
0.324853 -0.000000 
-0.095007 0.000000 
-0.778557 0.000000 
0.938389 0.000000 
0.548195 -0.000000 
0.253988 0.000000 
0.180551 0.000000 
0.512734 0.000000 
0.594289 0.000000 
-0.117424 0.000000 
-0.928685 0.000000 
0.449497 0.000000 
-0.621447 0.000000 
-0.381077 0.000000 
0.328622 -0.000000 
-0.541876 -0.000000 
-0.072376 0.000000 
0.062352 0.000000 
0.129604 0.000000 
0.338064 0.000000 
0.346101 -0.000000 
0.134026 0.000000 
-0.022225 -0.000000 
-0.239847 0.000000 
-0.695125 -0.000000 
0.136203 0.000000 
0.157980 0.000000 
-0.509405 0.000000 
0.506274 0.000000 
-0.139457 -0.000000 
0.710379 -0.000000 
0.247132 0.000000 
0.170228 0.000000 
0.916586 -0.000000 
-0.151472 0.000000 
-0.017785 0.000000 
-0.419821 0.000000 
-0.387143 0.000000 
-0.127871 0.000000 
-0.612625 -0.000000 
0.093238 0.000000 
-0.375323 -0.000000 
0.346776 -0.000000 
0.860910 0.000000 
0.275097 -0.000000 
1.193400 0.000000 
-0.435945 -0.000000 
-0.239415 -0.000000 
-0.286942 0.000000 
-0.358196 -0.000000 
0.456096 0.000000 
0.498369 -0.000000 
-0.779583 0.000000 
-0.648514 0.000000 
-0.521341 -0.000000 
0.090740 0.000000 
-0.388993 0.000000 
-0.006050 -0.000000 
-0.240852 -0.000000 
-0.071398 0.000000 
1.066135 0.000000 
-0.082076 0.000000 
0.516480 0.000000 
-0.334016 0.000000 
0.412653 -0.000000 
-0.544010 0.000000 
0.072126 -0.000000 
0.775957 0.000000 
-0.480395 0.000000 
-0.407456 0.000000 
0.163585 -0.000000 
-0.288228 0.000000 
0.042046 0.000000 
-0.273411 -0.000000 
0.229808 -0.000000 
0.852552 0.000000 
-0.004926 0.000000 
1.153751 -0.000000 
-0.457839 -0.000000 
0.135634 0.000000 
-0.234704 0.000000 
-0.393797 0.000000 
1.181070 0.000000 
0.376556 0.000000 
1.394323 0.000000 
1.062882 0.000000 
0.486799 0.000000 
-0.331657 0.000000 
-0.214330 0.000000 
-0.348107 0.000000 
-0.095357 0.000000 
-0.807393 0.000000 
-0.271460 0.000000 
0.212624 -0.000000 
-0.565560 0.000000 
0.111849 0.000000 
-0.754275 -0.000000 
-0.514946 0.000000 
0.493823 0.000000 
0.201415 0.000000 
-0.522199 0.000000 
-0.087313 -0.000000 
-0.346098 0.000000 
-0.612266 0.000000 
0.064993 0.000000 
0.606105 0.000000 
0.171386 -0.000000 
-0.146003 0.000000 
-0.278601 -0.000000 
-0.007942 0.000000 
0.364671 -0.000000 
0.339741 -0.000000 
-1.004490 0.000000 
0.415426 0.000000 
0.019485 0.000000 
0.532141 0.000000 
0.379067 0.000000 
0.242748 0.000000 
-0.056675 -0.000000 
0.733404 0.000000 
0.577997 0.000000 
-0.370803 0.000000 
0.937765 0.000000 
-0.672960 0.000000 
-0.346507 0.000000 
0.270385 -0.000000 
0.041163 0.000000 
0.543585 -0.000000 
-0.087425 -0.000000 
-0.511791 -0.000000 
-0.107481 0.000000 
-0.128341 0.000000 
-0.386629 0.000000 
-1.164641 -0.000000 
-0.551841 -0.000000 
0.083118 -0.000000 
-0.524911 0.000000 
-0.472947 -0.000000 
0.244749 -0.000000 
-0.957092 0.000000 
0.183175 -0.000000 
-0.525936 0.000000 
0.215146 0.000000 
0.243509 0.000000 
0.325017 -0.000000 
0.576113 0.000000 
-0.981969 0.000000 
0.490654 0.000000 
-0.052852 -0.000000 
-1.110022 0.000000 
-0.499726 -0.000000 
-0.121463 0.000000 
-0.037250 -0.000000 
-1.213214 -0.000000 
0.412593 -0.000000 
0.687730 0.000000 
-0.023361 -0.000000 
-0.629151 0.000000 
-1.170737 0.000000 
0.566119 0.000000 
0.467479 0.000000 
-0.174282 0.000000 
-0.673748 -0.000000 
0.158533 -0.000000 
0.069482 0.000000 
-0.451574 -0.000000 
0.665713 0.000000 
-0.689326 0.000000 
-0.450426 0.000000 
0.268339 0.000000 
0.991263 -0.000000 
0.172531 0.000000 
-0.153548 -0.000000 
-0.453605 -0.000000 
0.186503 -0.000000 
0.966012 0.000000 
-0.720335 -0.000000 
-1.054202 0.000000 
0.407036 0.000000 
-0.663392 0.000000 
0.522539 -0.000000 
-0.315313 -0.000000 
0.641214 0.000000 
-0.272315 0.000000 
-0.448233 0.000000 
-0.606504 0.000000 
-0.562013 0.000000 
0.056317 0.000000 
-0.559278 0.000000 
-0.258116 0.000000 
0.272766 0.000000 
0.120955 -0.000000 
-0.228175 0.000000 
-0.462175 -0.000000 
-0.423082 0.000000 
-0.014740 0.000000 
0.640942 0.000000 
-0.128863 -0.000000 
0.947566 0.000000 
-0.426729 0.000000 
-0.612859 -0.000000 
0.527050 0.000000 
0.117100 0.000000 
0.086726 0.000000 
0.685735 0.000000 
0.571817 0.000000 
0.310097 -0.000000 
-0.067692 0.000000 
0.081065 0.000000 
0.274664 0.000000 
0.393342 0.000000 
-0.050089 -0.000000 
-0.468595 0.000000 
1.013867 -0.000000 
0.740583 0.000000 
0.830373 0.000000 
0.094555 0.000000 
0.021933 -0.000000 
0.821949 -0.000000 
0.121008 -0.000000 
-0.114117 0.000000 
-0.062473 0.000000 
0.333662 0.000000 
-0.152648 0.000000 
0.142101 0.000000 
0.487473 0.000000 
0.023242 0.000000 
-0.043537 0.000000 
-0.047281 -0.000000 
0.274769 0.000000 
0.445335 -0.000000 
-0.516531 0.000000 
-0.223379 0.000000 
-0.354854 -0.000000 
0.252768 0.000000 
-0.564436 -0.000000 
0.289157 -0.000000 
-0.099187 0.000000 
-0.230808 -0.000000 
-0.543226 0.000000 
0.529600 0.000000 
0.490885 0.000000 
-0.832098 0.000000 
0.288680 0.000000 
-0.220330 0.000000 
-0.006709 0.000000 
-1.100136 0.000000 
-0.004444 0.000000 
-0.704907 0.000000 
-0.531861 0.000000 
0.044811 -0.000000 
-0.227779 -0.000000 
-0.177916 0.000000 
0.394497 0.000000 
-0.349830 0.000000 
-0.478782 0.000000 
-0.203164 -0.000000 
-0.396851 -0.000000 
0.389653 0.000000 
-0.572248 0.000000 
-0.551867 0.000000 
1.290123 -0.000000 
-0.043603 -0.000000 
0.234195 -0.000000 
-0.429991 0.000000 
0.875151 -0.000000 
0.043003 0.000000 
-0.298397 0.000000 
0.537017 0.000000 
-0.892707 -0.000000 
-0.008600 0.000000 
-0.540362 -0.000000 
-0.330796 0.000000 
0.357042 0.000000 
0.586636 0.000000 
0.383764 -0.000000 
-0.495513 0.000000 
-0.701000 -0.000000 
-1.113504 0.000000 
0.793117 0.000000 
-0.170676 0.000000 
-0.396950 0.000000 
-0.557904 -0.000000 
-0.465803 -0.000000 
0.410371 -0.000000 
1.421691 0.000000 
0.204918 0.000000 
-1.043343 -0.000000 
0.468667 -0.000000 
0.531565 -0.000000 
-0.334196 0.000000 
0.927352 -0.000000 
-0.909689 0.000000 
0.233602 0.000000 
0.477251 0.000000 
-0.997163 0.000000 
0.388337 0.000000 
0.049677 0.000000 
-0.046939 0.000000 
0.302377 0.000000 
0.686271 -0.000000 
0.355860 -0.000000 
0.396349 -0.000000 
-0.170346 0.000000 
0.151555 -0.000000 
-1.037273 0.000000 
1.042698 -0.000000 
1.269603 0.000000 
0.088749 0.000000 
0.909198 0.000000 
0.337960 -0.000000 
0.240520 0.000000 
-0.108721 0.000000 
-0.914435 -0.000000 
0.327851 0.000000 
-0.732686 -0.000000 
-0.318408 -0.000000 
-1.123352 0.000000 
0.186509 0.000000 
0.380350 -0.000000 
-0.404907 0.000000 
-0.312515 0.000000 
-0.539360 -0.000000 
-0.103432 -0.000000 
0.903582 0.000000 
-0.680066 0.000000 
0.355505 0.000000 
-0.355409 0.000000 
0.860386 0.000000 
0.182316 0.000000 
-0.285425 -0.000000 
-0.847312 -0.000000 
-0.380983 -0.000000 
-0.583692 -0.000000 
-0.519328 0.000000 
-0.021031 0.000000 
-0.204337 -0.000000 
0.260835 -0.000000 
-0.115343 0.000000 
0.613839 -0.000000 
-1.014255 -0.000000 
0.162521 -0.000000 
-0.137178 -0.000000 
0.098505 0.000000 
-0.640899 -0.000000 
0.333568 0.000000 
0.407965 -0.000000 
-0.201051 0.000000 
-1.052255 0.000000 
0.141133 -0.000000 
0.555009 -0.000000 
0.478683 0.000000 
-0.227486 -0.000000 
0.349772 0.000000 
-0.397241 0.000000 
-0.041490 -0.000000 
0.623086 0.000000 
0.494561 -0.000000 
-0.259649 0.000000 
-0.428620 0.000000 
-0.068811 -0.000000 
-0.732593 -0.000000 
0.329153 0.000000 
-0.432368 0.000000 
-0.120059 0.000000 
0.414431 -0.000000 
0.070187 0.000000 
-0.149422 0.000000 
-0.354944 -0.000000 
0.857882 0.000000 
0.026863 0.000000 
0.971457 -0.000000 
-0.628212 -0.000000 
0.045318 0.000000 
-0.596934 0.000000 
-0.552306 0.000000 
-0.040882 0.000000 
0.068779 0.000000 
-0.103000 0.000000 
-0.085658 0.000000 
-0.234609 0.000000 
-0.049021 -0.000000 
0.446752 0.000000 
0.003685 0.000000 
-0.610118 0.000000 
-1.172494 0.000000 
-0.401456 0.000000 
-0.080806 -0.000000 
-0.736021 0.000000 
0.709119 0.000000 
0.680387 -0.000000 
-0.237658 0.000000 
0.760826 0.000000 
1.117316 0.000000 
0.036913 0.000000 
0.273245 0.000000 
-1.539319 -0.000000 
0.048631 -0.000000 
-1.057444 0.000000 
0.589794 0.000000 
0.391036 0.000000 
-0.143999 -0.000000 
-0.761210 0.000000 
0.806115 -0.000000 
0.094084 0.000000 
-0.799938 0.000000 
-0.823776 -0.000000 
-0.266499 -0.000000 
1.073682 0.000000 
-0.673259 0.000000 
-0.520416 0.000000 
-0.477197 0.000000 
-0.417589 -0.000000 
-0.069443 0.000000 
0.471543 -0.000000 
-0.451525 -0.000000 
-0.336382 -0.000000 
0.462540 -0.000000 
-0.373885 0.000000 
-0.134953 0.000000 
-0.131816 0.000000 
-0.254678 -0.000000 
-0.534916 0.000000 
-0.339997 -0.000000 
-1.031106 -0.000000 
0.393389 0.000000 
-0.012569 0.000000 
0.244998 0.000000 
0.046227 0.000000 
0.008098 -0.000000 
-0.537795 0.000000 
0.067110 0.000000 
-0.745384 -0.000000 
0.344611 0.000000 
0.105013 0.000000 
-0.779323 0.000000 
-0.389497 0.000000 
-0.286411 0.000000 
0.209650 0.000000 
0.244723 0.000000 
-1.068315 0.000000 
-0.214042 -0.000000 
0.236091 -0.000000 
-0.773851 0.000000 
0.461370 -0.000000 
0.698888 0.000000 
0.740393 0.000000 
-0.826626 -0.000000 
0.211695 0.000000 
-1.044890 -0.000000 
-0.155639 0.000000 
-0.116831 0.000000 
0.018870 0.000000 
0.736471 -0.000000 
0.527372 -0.000000 
0.244087 0.000000 
-0.147766 -0.000000 
0.080264 0.000000 
0.585107 0.000000 
-0.640488 -0.000000 
0.127061 -0.000000 
-0.562765 0.000000 
0.081075 0.000000 
0.175663 0.000000 
0.474144 -0.000000 
0.465751 -0.000000 
-0.348701 0.000000 
-0.917796 0.000000 
-0.106367 -0.000000 
0.259228 0.000000 
0.155822 0.000000 
0.438947 0.000000 
-0.296492 0.000000 
0.820080 0.000000 
-0.019556 -0.000000 
0.307870 0.000000 
0.554085 -0.000000 
-0.129898 -0.000000 
-0.941883 -0.000000 
1.283290 -0.000000 
-0.241370 -0.000000 
0.005296 0.000000 
-0.313726 -0.000000 
-0.053480 0.000000 
0.171226 -0.000000 
-0.693470 0.000000 
-0.770927 0.000000 
0.972068 0.000000 
0.192283 0.000000 
0.257244 0.000000 
-0.428216 -0.000000 
-0.007876 -0.000000 
-0.830821 0.000000 
0.580386 -0.000000 
-0.044179 0.000000 
-0.397726 0.000000 
-0.583027 0.000000 
0.596320 -0.000000 
0.552376 -0.000000 
0.024635 0.000000 
1.205268 -0.000000 
-0.292729 -0.000000 
-0.707526 -0.000000 
-0.159727 0.000000 
-0.517734 0.000000 
-0.511302 -0.000000 
-0.390379 0.000000 
0.965929 -0.000000 
0.401412 0.000000 
-0.442848 0.000000 
0.033653 0.000000 
1.108016 0.000000 
-0.910508 0.000000 
-0.458705 0.000000 
0.232137 0.000000 
0.410351 0.000000 
-0.003112 0.000000 
0.138680 0.000000 
-0.525151 0.000000 
-0.094963 0.000000 
-0.164905 0.000000 
0.196189 0.000000 
-0.307681 0.000000 
0.468188 0.000000 
-0.511474 0.000000 
-0.215095 0.000000 
0.061213 -0.000000 
1.308808 -0.000000 
0.531663 0.000000 
-0.801833 0.000000 
-0.198795 -0.000000 
0.535555 -0.000000 
-0.072499 0.000000 
0.022979 -0.000000 
-0.122575 0.000000 
-0.363716 0.000000 
0.651901 0.000000 
-0.209735 0.000000 
0.063396 0.000000 
-0.804408 0.000000 
-0.947619 -0.000000 
-0.086071 -0.000000 
-0.387442 -0.000000 
-0.911747 0.000000 
0.949234 0.000000 
0.341140 -0.000000 
0.880765 0.000000 
0.932676 -0.000000 
0.219910 0.000000 
-0.005368 0.000000 
0.312391 0.000000 
-1.096441 -0.000000 
-0.282866 0.000000 
0.272796 -0.000000 
-1.354757 0.000000 
-0.263785 0.000000 
-0.314198 0.000000 
-0.829951 -0.000000 
-0.536115 -0.000000 
1.182106 0.000000 
-0.663515 0.000000 
0.389736 0.000000 
-0.121579 -0.000000 
0.317623 0.000000 
1.278684 0.000000 
-0.272183 -0.000000 
0.208379 0.000000 
0.090140 0.000000 
-0.151843 0.000000 
-0.339868 0.000000 
0.034370 0.000000 
0.419232 0.000000 
0.247582 -0.000000 
-0.248447 0.000000 
0.175093 0.000000 
-0.763507 0.000000 
0.088569 0.000000 
0.647837 -0.000000 
0.247093 0.000000 
0.396450 0.000000 
0.137033 -0.000000 
-0.467438 0.000000 
-0.334936 -0.000000 
0.534089 0.000000 
0.055855 0.000000 
0.698778 0.000000 
0.622217 0.000000 
-0.054639 0.000000 
0.605100 0.000000 
0.082498 0.000000 
0.850548 0.000000 
0.468677 0.000000 
0.263664 0.000000 
0.100019 -0.000000 
-0.185304 0.000000 
0.713417 0.000000 
0.361502 0.000000 
0.418888 0.000000 
1.480309 0.000000 
0.022346 0.000000 
-0.215730 0.000000 
0.321482 -0.000000 
0.271138 0.000000 
0.716976 0.000000 
0.141675 0.000000 
-0.141389 0.000000 
0.285213 -0.000000 
0.088796 0.000000 
-0.373459 -0.000000 
0.816124 -0.000000 
0.374635 0.000000 
0.461553 0.000000 
0.716121 0.000000 
0.547436 0.000000 
-0.166654 0.000000 
-0.085760 0.000000 
-0.222010 0.000000 
0.126110 0.000000 
0.415652 0.000000 
0.348977 0.000000 
0.594341 -0.000000 
0.661116 0.000000 
0.402644 0.000000 
-0.803069 -0.000000 
-0.560910 -0.000000 
0.539095 0.000000 
0.266519 0.000000 
-0.301035 -0.000000 
-0.207527 -0.000000 
-0.277397 0.000000 
-0.482920 0.000000 
-0.530159 -0.000000 
0.208775 0.000000 
-0.082242 0.000000 
0.207135 -0.000000 
-0.440149 -0.000000 
-0.104385 -0.000000 
-0.187037 0.000000 
0.630943 0.000000 
0.088821 -0.000000 
-0.882373 0.000000 
0.110648 0.000000 
-0.080613 -0.000000 
-0.085809 -0.000000 
-0.089094 0.000000 
-0.157301 0.000000 
0.539478 0.000000 
0.289872 0.000000 
0.829144 0.000000 
-0.402340 0.000000 
-0.115636 0.000000 
-0.376453 -0.000000 
-0.421216 0.000000 
0.375437 0.000000 
0.174727 0.000000 
0.066111 -0.000000 
-0.103644 0.000000 
0.483585 0.000000 
-0.842856 -0.000000 
0.511812 -0.000000 
0.479290 -0.000000 
0.144278 0.000000 
-0.390740 0.000000 
0.154945 -0.000000 
-0.445169 0.000000 
0.366229 0.000000 
0.223024 -0.000000 
-0.171804 0.000000 
0.982173 0.000000 
-0.486058 -0.000000 
-0.243749 0.000000 
0.015502 -0.000000 
0.169044 0.000000 
0.696784 0.000000 
0.272315 -0.000000 
0.067451 0.000000 
0.560364 0.000000 
0.334180 0.000000 
0.509768 0.000000 
0.030800 0.000000 
0.077928 -0.000000 
-0.507321 0.000000 
0.572766 -0.000000 
0.708660 0.000000 
0.117795 0.000000 
0.007773 0.000000 
-0.033078 0.000000 
-0.065098 0.000000 
0.518943 0.000000 
-0.404438 0.000000 
-0.615351 0.000000 
-1.166078 0.000000 
-0.292668 0.000000 
0.494781 -0.000000 
-1.124373 0.000000 
0.148239 0.000000 
0.507281 0.000000 
-0.304237 0.000000 
-0.755009 0.000000 
0.694810 0.000000 
0.458371 -0.000000 
-0.420610 0.000000 
-0.067975 -0.000000 
-0.031489 -0.000000 
-0.091426 0.000000 
-0.667555 0.000000 
-0.084117 -0.000000 
-0.544939 0.000000 
0.303527 0.000000 
-0.436461 -0.000000 
0.261154 0.000000 
-0.372209 0.000000 
0.214092 0.000000 
-0.123963 -0.000000 
-0.479945 -0.000000 
-0.154458 0.000000 
0.007786 0.000000 
0.615600 0.000000 
-1.546426 0.000000 
0.261938 0.000000 
-0.296704 -0.000000 
0.347314 -0.000000 
-0.050736 0.000000 
0.227077 0.000000 
0.220791 0.000000 
-0.064737 0.000000 
0.467239 0.000000 
-0.892897 0.000000 
0.909015 0.000000 
0.436843 0.000000 
0.560845 0.000000 
0.692788 0.000000 
0.517828 0.000000 
0.209111 -0.000000 
-0.146229 0.000000 
0.401980 0.000000 
-0.536934 0.000000 
-0.526938 0.000000 
-0.166964 0.000000 
0.298215 0.000000 
-0.099186 0.000000 
0.485320 0.000000 
0.999644 0.000000 
-0.040875 0.000000 
0.659790 0.000000 
0.770705 0.000000 
-0.145365 0.000000 
0.274444 0.000000 
1.071312 -0.000000 
0.517451 0.000000 
0.345682 0.000000 
-0.073277 0.000000 
-0.109226 0.000000 
0.110158 0.000000 
-0.345840 0.000000 
0.178004 -0.000000 
-0.858620 -0.000000 
-0.495260 0.000000 
0.744738 0.000000 
-0.520935 0.000000 
0.520545 -0.000000 
-0.085548 0.000000 
-0.473584 0.000000 
-0.105426 0.000000 
-1.002633 0.000000 
0.537835 0.000000 
0.916045 0.000000 
-0.164160 0.000000 
0.577211 0.000000 
0.220260 0.000000 
-0.209261 0.000000 
-0.817934 -0.000000 
0.789968 0.000000 
-0.181487 0.000000 
-0.907468 -0.000000 
0.168739 0.000000 
-0.577775 0.000000 
0.125453 0.000000 
-0.029255 0.000000 
0.379298 0.000000 
0.811715 0.000000 
-0.673968 0.000000 
-0.060937 -0.000000 
1.041024 0.000000 
-0.104853 -0.000000 
-0.584555 0.000000 
-0.269363 -0.000000 
-0.425067 0.000000 
0.320377 0.000000 
0.944474 -0.000000 
-0.151293 -0.000000 
0.501075 0.000000 
-0.221236 0.000000 
0.111144 -0.000000 
0.506051 -0.000000 
-0.197615 0.000000 
-0.093741 -0.000000 
-0.455138 0.000000 
0.037942 0.000000 
-0.063144 -0.000000 
-0.405090 -0.000000 
0.041086 0.000000 
0.093486 0.000000 
-0.790736 -0.000000 
0.319599 -0.000000 
-0.031801 0.000000 
0.185252 0.000000 
-0.440720 0.000000 
-0.341904 0.000000 
-0.106120 0.000000 
0.637172 -0.000000 
0.192038 0.000000 
-0.246592 0.000000 
-0.510884 -0.000000 
-0.820325 -0.000000 
-0.264143 0.000000 
0.613011 0.000000 
0.333952 0.000000 
0.114550 0.000000 
-0.202853 0.000000 
-0.436999 0.000000 
-0.403266 0.000000 
-0.255093 -0.000000 
-0.167977 0.000000 
-0.078216 -0.000000 
-0.106935 0.000000 
0.290965 0.000000 
-0.273607 0.000000 
0.435520 -0.000000 
0.337486 0.000000 
1.282681 -0.000000 
0.613423 0.000000 
-0.044186 -0.000000 
-0.037950 0.000000 
-0.079215 0.000000 
0.541521 -0.000000 
0.688084 0.000000 
-0.344487 0.000000 
-0.365571 0.000000 
0.001740 -0.000000 
0.011063 0.000000 
1.027082 -0.000000 
-0.862382 0.000000 
-0.101680 0.000000 
0.826406 0.000000 
-1.284165 0.000000 
0.062826 0.000000 
-0.160181 0.000000 
0.018176 0.000000 
-0.188839 -0.000000 
-0.009941 0.000000 
0.117212 0.000000 
0.165609 -0.000000 
-0.162490 -0.000000 
-0.345726 0.000000 
0.675328 0.000000 
0.455962 0.000000 
-0.106041 -0.000000 
-0.163361 -0.000000 
0.650304 0.000000 
-0.221114 -0.000000 
-0.449863 0.000000 
-0.427664 0.000000 
-0.737068 0.000000 
-0.395407 0.000000 
-0.328298 0.000000 
0.158515 0.000000 
0.061588 -0.000000 
0.172040 0.000000 
0.323462 -0.000000 
-0.715387 0.000000 
-0.010497 0.000000 
0.003006 0.000000 
-0.128570 -0.000000 
0.113403 0.000000 
1.007052 0.000000 
-0.612022 0.000000 
-0.679982 0.000000 
0.016443 0.000000 
0.280750 0.000000 
-0.147338 0.000000 
-0.266299 0.000000 
0.051616 -0.000000 
0.132035 -0.000000 
-0.778485 0.000000 
-0.672369 0.000000 
0.624270 0.000000 
0.003942 0.000000 
-0.455691 -0.000000 
0.347240 0.000000 
0.016716 0.000000 
-0.595122 -0.000000 
0.605983 0.000000 
0.767528 0.000000 
0.628058 0.000000 
-0.614314 -0.000000 
-0.000090 0.000000 
0.152263 0.000000 
0.220243 0.000000 
-0.299911 0.000000 
-0.265211 0.000000 
0.062604 -0.000000 
-0.082532 0.000000 
-0.329303 -0.000000 
0.614148 0.000000 
-0.363093 0.000000 
-0.447942 0.000000 
-0.833337 0.000000 
-0.042501 0.000000 
0.833753 0.000000 
-0.468330 0.000000 
-0.413622 0.000000 
-0.067862 0.000000 
-0.551326 0.000000 
-0.779598 0.000000 
-0.439066 0.000000 
-0.183178 0.000000 
-0.072416 0.000000 
0.130385 -0.000000 
-0.046579 0.000000 
-0.309103 0.000000 
-0.303459 0.000000 
-0.263836 0.000000 
-0.126854 0.000000 
-0.208914 0.000000 
0.335888 0.000000 
0.951676 -0.000000 
-0.258061 0.000000 
0.126154 0.000000 
0.435264 0.000000 
0.255361 -0.000000 
0.740944 0.000000 
-0.496552 -0.000000 
0.580010 0.000000 
-0.181096 -0.000000 
0.282588 -0.000000 
-0.351292 0.000000 
-0.636485 -0.000000 
-0.072773 0.000000 
-0.943192 -0.000000 
0.240088 0.000000 
0.697323 0.000000 
-0.608313 -0.000000 
0.043196 0.000000 
0.714614 0.000000 
0.508353 0.000000 
-0.086905 0.000000 
-0.011439 0.000000 
0.299542 0.000000 
-0.012192 0.000000 
0.652050 0.000000 
0.081096 -0.000000 
-0.320350 0.000000 
0.017046 -0.000000 
0.690403 -0.000000 
-0.918426 -0.000000 
-0.246998 0.000000 
0.829231 -0.000000 
0.449685 -0.000000 
0.410288 -0.000000 
0.119328 0.000000 
0.365501 -0.000000 
-0.249749 0.000000 
-0.233478 0.000000 
-0.331265 0.000000 
-0.333022 0.000000 
0.541786 0.000000 
-0.386555 0.000000 
0.840617 -0.000000 
0.629517 0.000000 
-0.044004 0.000000 
-0.220062 0.000000 
0.455377 0.000000 
0.575126 0.000000 
-0.736587 0.000000 
1.020112 0.000000 
-0.516237 0.000000 
-0.909131 0.000000 
-0.839704 -0.000000 
-0.565164 -0.000000 
0.161292 0.000000 
-0.642714 -0.000000 
-0.341346 0.000000 
0.296089 0.000000 
-0.535259 -0.000000 
-0.054950 -0.000000 
-0.092508 0.000000 
-0.183239 0.000000 
-0.117468 -0.000000 
0.069404 -0.000000 
0.802867 -0.000000 
-0.421379 0.000000 
0.045370 0.000000 
0.185587 -0.000000 
-0.173077 0.000000 
-0.236823 0.000000 
-0.632229 0.000000 
-0.672344 0.000000 
0.210850 0.000000 
0.572832 -0.000000 
0.291154 -0.000000 
0.678250 -0.000000 
0.170961 0.000000 
-0.364639 0.000000 
-0.415691 0.000000 
-1.095867 0.000000 
0.073199 0.000000 
0.186230 0.000000 
-0.320529 0.000000 
0.152078 0.000000 
0.439988 0.000000 
-0.170968 -0.000000 
1.140811 -0.000000 
0.246890 -0.000000 
-0.264372 0.000000 
-0.129888 -0.000000 
-0.683294 0.000000 
-0.278973 0.000000 
-0.130806 0.000000 
-0.021652 -0.000000 
0.352385 0.000000 
-0.321794 0.000000 
0.926258 0.000000 
0.263868 0.000000 
-0.270502 0.000000 
0.035079 -0.000000 
0.054468 -0.000000 
0.290684 0.000000 
-0.379877 -0.000000 
-0.100131 0.000000 
-0.166760 0.000000 
0.571833 0.000000 
0.013393 0.000000 
0.220605 0.000000 
-0.423444 -0.000000 
-0.040104 0.000000 
-0.290249 0.000000 
-0.705512 -0.000000 
0.546092 0.000000 
-0.581537 -0.000000 
0.141542 0.000000 
0.267541 -0.000000 
0.050983 0.000000 
0.012727 -0.000000 
0.047027 0.000000 
0.314300 -0.000000 
-0.117838 0.000000 
-0.226312 -0.000000 
-1.069436 0.000000 
-0.123905 0.000000 
0.165065 -0.000000 
-0.530740 -0.000000 
0.515773 -0.000000 
-0.560311 0.000000 
-0.651123 0.000000 
0.019878 0.000000 
-0.066170 -0.000000 
0.414807 -0.000000 
-0.514992 0.000000 
-0.139419 -0.000000 
-0.107609 0.000000 
0.890853 0.000000 
0.245719 0.000000 
-0.345333 0.000000 
-0.610646 0.000000 
0.306725 0.000000 
0.001278 0.000000 
0.676096 0.000000 
-0.026606 0.000000 
-0.872931 0.000000 
-0.535577 0.000000 
0.817091 0.000000 
-0.150345 0.000000 
0.328527 0.000000 
0.117973 0.000000 
0.202303 0.000000 
-0.502125 -0.000000 
-0.681746 0.000000 
-0.113415 0.000000 
0.198747 0.000000 
0.398516 -0.000000 
0.311306 -0.000000 
0.784304 -0.000000 
-0.645929 0.000000 
0.012949 -0.000000 
0.437341 0.000000 
-0.731842 -0.000000 
-0.449436 0.000000 
0.157606 0.000000 
1.214172 -0.000000 
-1.060231 0.000000 
-0.858427 0.000000 
0.043005 0.000000 
-1.054558 0.000000 
-0.686935 0.000000 
1.100327 0.000000 
0.261220 0.000000 
0.143677 0.000000 
0.229312 0.000000 
-0.754861 0.000000 
0.023132 0.000000 
0.051407 0.000000 
0.669136 0.000000 
-0.401144 0.000000 
0.503595 0.000000 
0.192756 0.000000 
-0.810493 0.000000 
-0.440875 0.000000 
-0.175125 -0.000000 
0.466534 0.000000 
-0.091543 0.000000 
0.384885 -0.000000 
0.090233 0.000000 
-0.061274 0.000000 
0.297327 0.000000 
0.675568 0.000000 
0.317008 0.000000 
-0.160211 0.000000 
-0.862393 -0.000000 
-0.414638 -0.000000 
-0.238793 0.000000 
0.280966 0.000000 
-0.500506 0.000000 
-0.112246 0.000000 
-0.106908 0.000000 
-0.712384 -0.000000 
-0.695059 0.000000 
0.264170 0.000000 
-0.226674 0.000000 
-0.519554 0.000000 
-0.191513 0.000000 
-0.601326 0.000000 
-0.736763 -0.000000 
0.404706 0.000000 
-0.306763 0.000000 
0.375120 0.000000 
-0.196586 -0.000000 
0.235725 0.000000 
0.822308 0.000000 
0.806935 -0.000000 
0.322585 0.000000 
-0.438664 -0.000000 
0.380550 0.000000 
-0.275189 0.000000 
-0.068538 0.000000 
-0.995458 0.000000 
0.647113 0.000000 
-0.518726 0.000000 
-0.264445 0.000000 
0.130127 0.000000 
-0.326034 0.000000 
-0.452871 0.000000 
-0.712057 -0.000000 
-0.280603 0.000000 
0.940815 -0.000000 
0.219317 0.000000 
0.225093 0.000000 
0.383215 0.000000 
-0.463824 -0.000000 
-0.224743 0.000000 
-0.551425 -0.000000 
0.307359 -0.000000 
-0.024196 -0.000000 
0.316955 -0.000000 
-0.494899 -0.000000 
-0.162064 -0.000000 
-0.763253 0.000000 
0.258057 -0.000000 
-0.559740 0.000000 
-1.169169 0.000000 
-0.446220 0.000000 
0.573024 -0.000000 
-0.666330 0.000000 
-0.063462 0.000000 
-0.251123 -0.000000 
-0.118485 0.000000 
0.602611 -0.000000 
-0.238230 0.000000 
-0.681446 0.000000 
-0.161457 0.000000 
-0.487883 -0.000000 
0.857940 0.000000 
-0.478254 0.000000 
-0.223456 -0.000000 
0.638997 -0.000000 
0.585728 0.000000 
-0.296979 0.000000 
-0.011703 0.000000 
0.316908 0.000000 
-0.497405 0.000000 
0.280325 -0.000000 
-0.396309 -0.000000 
-0.372209 -0.000000 
0.763911 0.000000 
0.288793 -0.000000 
-0.095066 -0.000000 
-1.028141 0.000000 
0.474367 0.000000 
-0.805986 0.000000 
0.034587 0.000000 
-0.381256 -0.000000 
0.127933 0.000000 
-0.531944 0.000000 
-0.276773 -0.000000 
1.134576 -0.000000 
0.617509 0.000000 
-0.693431 0.000000 
-0.714043 -0.000000 
-0.653069 0.000000 
0.733691 0.000000 
0.280110 -0.000000 
-0.513304 0.000000 
-0.241799 -0.000000 
0.410122 -0.000000 
-0.653750 0.000000 
0.140498 0.000000 
1.428770 0.000000 
0.951224 -0.000000 
-0.294063 -0.000000 
-0.037462 0.000000 
-1.485779 -0.000000 
-0.139851 -0.000000 
0.811974 -0.000000 
0.209250 0.000000 
0.391831 0.000000 
-0.010532 0.000000 
0.554485 0.000000 
0.333696 -0.000000 
0.353125 0.000000 
0.109392 0.000000 
-0.060499 0.000000 
-0.438439 -0.000000 
0.543125 -0.000000 
1.000978 0.000000 
0.408277 -0.000000 
0.900980 -0.000000 
0.192818 -0.000000 
-0.727422 0.000000 
-0.783132 0.000000 
-0.066289 -0.000000 
0.410896 0.000000 
-0.585334 0.000000 
0.387443 0.000000 
-0.226359 0.000000 
0.250844 0.000000 
0.977469 0.000000 
-1.160628 0.000000 
-0.237083 0.000000 
0.227511 -0.000000 
0.002404 0.000000 
0.254603 0.000000 
0.926798 0.000000 
0.661780 0.000000 
-0.340455 -0.000000 
0.102472 0.000000 
0.576164 0.000000 
0.219556 0.000000 
0.276957 0.000000 
0.513609 0.000000 
0.139634 -0.000000 
-0.487280 0.000000 
-0.144336 0.000000 
0.337350 -0.000000 
0.866309 0.000000 
0.109918 -0.000000 
-0.003621 0.000000 
-0.468975 0.000000 
-0.028844 -0.000000 
0.609626 0.000000 
-0.038270 0.000000 
0.698093 0.000000 
0.500728 0.000000 
-0.363814 0.000000 
-1.303298 0.000000 
0.124244 -0.000000 
0.269822 -0.000000 
-0.233712 -0.000000 
0.136735 0.000000 
0.202240 0.000000 
0.592193 0.000000 
-0.872608 -0.000000 
0.299415 -0.000000 
0.255710 -0.000000 
-0.280634 0.000000 
-0.917784 0.000000 
-0.541798 0.000000 
-0.077694 0.000000 
0.182770 0.000000 
0.699044 0.000000 
0.544348 0.000000 
0.269221 0.000000 
0.561475 0.000000 
0.094008 0.000000 
-0.069819 0.000000 
0.321192 0.000000 
0.109573 0.000000 
-0.582237 0.000000 
0.524377 0.000000 
0.124963 0.000000 
-0.426315 0.000000 
0.387533 0.000000 
-1.571473 -0.000000 
-0.189165 0.000000 
-0.155524 -0.000000 
0.022340 0.000000 
-0.127082 -0.000000 
-0.753241 -0.000000 
0.016812 0.000000 
-0.241170 -0.000000 
-0.312534 0.000000 
0.304844 -0.000000 
-0.261162 0.000000 
-0.790020 0.000000 
0.652688 0.000000 
0.277319 -0.000000 
0.387262 0.000000 
0.447803 -0.000000 
0.070639 0.000000 
0.143467 0.000000 
1.530560 0.000000 
0.338634 0.000000 
0.470906 -0.000000 
-0.913876 0.000000 
0.283219 0.000000 
-0.458048 0.000000 
-0.353894 0.000000 
-0.231980 0.000000 
0.537163 0.000000 
-0.169885 -0.000000 
-0.587733 0.000000 
-0.282285 0.000000 
-0.317104 0.000000 
0.209075 0.000000 
0.658936 -0.000000 
-0.192449 0.000000 
0.858772 -0.000000 
0.496264 0.000000 
0.682938 -0.000000 
-0.631626 0.000000 
0.199454 0.000000 
0.210039 -0.000000 
0.504398 0.000000 
-0.457667 0.000000 
0.037640 0.000000 
-0.198339 0.000000 
-1.338425 0.000000 
-0.474745 0.000000 
-1.304852 0.000000 
0.302159 0.000000 
0.085437 -0.000000 
-0.715122 0.000000 
-0.647491 0.000000 
-0.552047 0.000000 
0.069886 0.000000 
-0.250939 0.000000 
0.025563 0.000000 
-0.398493 0.000000 
0.259890 0.000000 
0.252450 0.000000 
-0.018358 0.000000 
0.443727 -0.000000 
-0.368459 -0.000000 
-0.063485 0.000000 
-0.131118 0.000000 
0.544222 0.000000 
-0.050682 -0.000000 
-0.678847 -0.000000 
-0.228060 -0.000000 
0.451020 0.000000 
1.740450 -0.000000 
0.420112 0.000000 
0.067013 0.000000 
-0.325440 0.000000 
-0.679043 0.000000 
0.272866 0.000000 
-0.302744 0.000000 
0.415374 0.000000 
0.457423 -0.000000 
0.115880 -0.000000 
0.136867 0.000000 
0.472667 0.000000 
0.140253 -0.000000 
-0.383161 0.000000 
0.269725 -0.000000 
-0.431231 -0.000000 
0.480896 -0.000000 
0.067587 0.000000 
-0.836371 0.000000 
-0.126803 0.000000 
-0.803580 0.000000 
-0.335654 0.000000 
0.479108 0.000000 
0.273469 0.000000 
0.390605 0.000000 
-0.138704 0.000000 
-0.232457 0.000000 
-0.173976 -0.000000 
0.019995 0.000000 
0.088638 0.000000 
0.007943 0.000000 
-0.013464 0.000000 
0.211504 0.000000 
-0.360863 0.000000 
0.344274 0.000000 
-0.123185 0.000000 
0.979579 0.000000 
-0.452980 0.000000 
-0.379677 -0.000000 
0.344629 -0.000000 
-0.184936 -0.000000 
0.414652 0.000000 
-0.065420 0.000000 
-0.878591 0.000000 
-0.423335 0.000000 
-0.127488 0.000000 
-0.197916 -0.000000 
0.978704 0.000000 
-0.423486 0.000000 
-0.562934 0.000000 
-0.482715 -0.000000 
-0.015158 0.000000 
-0.107615 -0.000000 
0.367903 0.000000 
0.223941 0.000000 
2.001442 0.000000 
-0.114704 0.000000 
-0.459726 -0.000000 
0.150361 0.000000 
0.664487 -0.000000 
-0.227792 0.000000 
-0.190677 0.000000 
-0.101415 0.000000 
0.127732 0.000000 
0.549420 0.000000 
-0.356396 -0.000000 
-0.063781 -0.000000 
0.068881 0.000000 
-0.556941 0.000000 
1.096790 -0.000000 
0.256662 0.000000 
0.212089 -0.000000 
0.282608 -0.000000 
0.214433 0.000000 
-0.799553 0.000000 
-0.129098 0.000000 
-0.630757 -0.000000 
0.312980 0.000000 
0.167205 0.000000 
0.118841 0.000000 
0.027670 -0.000000 
-0.389428 0.000000 
-0.182568 -0.000000 
0.605206 0.000000 
-0.490769 -0.000000 
-0.616723 0.000000 
-0.962444 0.000000 
0.284393 0.000000 
-0.030174 0.000000 
-0.320294 -0.000000 
-0.299454 0.000000 
-0.725844 0.000000 
-0.030000 -0.000000 
0.103652 0.000000 
-0.281864 0.000000 
-0.131583 0.000000 
0.085574 -0.000000 
-0.739986 0.000000 
0.582304 0.000000 
-0.827004 0.000000 
0.016191 0.000000 
0.762404 0.000000 
0.302488 -0.000000 
0.624763 0.000000 
0.084540 0.000000 
0.180478 -0.000000 
-0.176191 -0.000000 
0.286637 0.000000 
0.510128 -0.000000 
0.610417 0.000000 
-0.104943 -0.000000 
0.101755 0.000000 
0.523631 0.000000 
-0.190961 0.000000 
-0.161301 0.000000 
-0.122490 -0.000000 
-0.780269 0.000000 
-0.123489 0.000000 
0.007543 0.000000 
-0.259086 0.000000 
-0.117953 0.000000 
0.557924 0.000000 
-0.136483 0.000000 
-0.007744 0.000000 
-0.546097 0.000000 
-0.683430 0.000000 
0.990401 0.000000 
0.570756 0.000000 
0.017407 0.000000 
-0.183541 0.000000 
-1.046902 0.000000 
0.244804 0.000000 
0.338698 -0.000000 
-0.526786 -0.000000 
0.778271 0.000000 
0.839569 -0.000000 
0.239297 -0.000000 
-0.105863 0.000000 
-0.376822 -0.000000 
0.979486 0.000000 
0.289328 -0.000000 
0.000162 -0.000000 
-0.032354 0.000000 
0.097207 0.000000 
-0.932080 -0.000000 
-0.061284 0.000000 
-0.306233 0.000000 
0.169637 0.000000 
-0.659990 0.000000 
-0.096257 0.000000 
0.110117 0.000000 
0.840679 -0.000000 
-0.768006 0.000000 
-0.370508 0.000000 
-0.244908 0.000000 
-0.619669 -0.000000 
-0.133097 -0.000000 
-0.931775 0.000000 
0.258904 0.000000 
0.072194 0.000000 
0.373595 0.000000 
0.625821 0.000000 
0.001594 0.000000 
-0.139487 0.000000 
0.383164 0.000000 
0.176921 -0.000000 
-0.317281 0.000000 
-0.355358 0.000000 
0.610604 0.000000 
0.196715 0.000000 
-0.049964 -0.000000 
0.155604 -0.000000 
0.862486 -0.000000 
0.141960 0.000000 
0.625219 0.000000 
0.360665 0.000000 
0.536813 0.000000 
0.109600 0.000000 
-0.063420 0.000000 
0.234846 0.000000 
-0.291477 -0.000000 
0.469666 0.000000 
0.044033 -0.000000 
-0.213625 0.000000 
0.236289 -0.000000 
0.028950 0.000000 
-0.045311 0.000000 
-0.045860 0.000000 
-0.518970 0.000000 
-0.544691 0.000000 
0.326793 -0.000000 
-0.172131 -0.000000 
0.016624 -0.000000 
-0.872337 0.000000 
-0.546414 0.000000 
-1.079331 -0.000000 
0.362702 0.000000 
0.393265 0.000000 
0.132540 0.000000 
0.344146 0.000000 
-0.677092 -0.000000 
0.881158 0.000000 
0.037734 0.000000 
-0.375147 0.000000 
-0.569268 0.000000 
0.423711 0.000000 
0.503341 -0.000000 
0.158418 -0.000000 
0.307923 0.000000 
-0.496031 0.000000 
0.095754 0.000000 
-0.472400 -0.000000 
0.261587 -0.000000 
-0.030717 0.000000 
0.417689 0.000000 
0.199681 0.000000 
0.044093 0.000000 
-0.369037 0.000000 
-0.119766 0.000000 
-0.910682 0.000000 
-0.299143 0.000000 
0.547486 0.000000 
0.012780 0.000000 
-0.153225 0.000000 
-0.002638 -0.000000 
-0.006092 0.000000 
-0.168121 0.000000 
0.023622 0.000000 
0.413941 0.000000 
-0.716926 0.000000 
0.048503 0.000000 
-0.286427 0.000000 
0.140294 -0.000000 
-0.189777 0.000000 
0.277169 -0.000000 
0.371327 -0.000000 
0.694395 0.000000 
-0.012433 -0.000000 
-0.651809 0.000000 
-0.192899 0.000000 
-0.139349 -0.000000 
0.739210 0.000000 
0.919203 0.000000 
-0.592879 0.000000 
-0.147750 0.000000 
-0.310401 0.000000 
0.141112 0.000000 
0.164164 0.000000 
1.163769 0.000000 
-0.820233 0.000000 
-1.058572 -0.000000 
0.003027 0.000000 
-0.030353 -0.000000 
0.093029 0.000000 
-0.237546 0.000000 
0.720860 0.000000 
-1.098921 0.000000 
0.124420 -0.000000 
0.275069 0.000000 
0.307250 0.000000 
0.327429 0.000000 
0.180182 -0.000000 
0.124880 0.000000 
0.192539 0.000000 
0.399101 0.000000 
0.596255 -0.000000 
-0.446422 0.000000 
0.493536 0.000000 
-0.154862 -0.000000 
-0.237644 0.000000 
0.058826 0.000000 
0.102435 0.000000 
-0.207275 -0.000000 
0.295000 -0.000000 
-0.501809 0.000000 
0.135740 0.000000 
0.185043 0.000000 
1.202665 0.000000 
-0.228586 -0.000000 
0.737087 0.000000 
0.537128 0.000000 
0.201324 -0.000000 
1.430470 -0.000000 
-0.453831 0.000000 
-0.010326 0.000000 
0.116460 -0.000000 
0.250774 -0.000000 
0.496652 -0.000000 
-0.090956 0.000000 
-0.075082 0.000000 
-0.159281 0.000000 
-0.225037 0.000000 
-0.480565 0.000000 
0.603003 -0.000000 
-0.317979 0.000000 
0.226622 0.000000 
0.177800 0.000000 
0.241378 0.000000 
-0.110272 -0.000000 
0.192698 0.000000 
-0.765764 0.000000 
-0.521817 0.000000 
-0.269685 0.000000 
0.317843 -0.000000 
0.701216 0.000000 
0.409310 0.000000 
-0.667115 -0.000000 
0.322925 0.000000 
-0.547864 0.000000 
0.871206 -0.000000 
-0.140846 0.000000 
-0.081151 0.000000 
0.174819 0.000000 
0.298143 0.000000 
0.283875 -0.000000 
0.457153 0.000000 
0.329695 -0.000000 
0.556471 0.000000 
-0.366848 0.000000 
0.146419 0.000000 
1.331164 -0.000000 
-0.125079 0.000000 
-0.739933 0.000000 
0.499139 0.000000 
0.590188 0.000000 
-0.148021 0.000000 
0.848897 0.000000 
-0.408269 0.000000 
0.132400 -0.000000 
0.394477 0.000000 
-0.505958 0.000000 
0.080823 0.000000 
-0.460653 0.000000 
-0.139280 0.000000 
0.476410 -0.000000 
-1.754810 -0.000000 
0.700769 0.000000 
-0.329883 0.000000 
-0.271517 -0.000000 
-0.585115 0.000000 
1.032369 0.000000 
0.675968 0.000000 
0.121470 0.000000 
-0.166684 0.000000 
-0.985602 0.000000 
0.059329 0.000000 
-0.073647 -0.000000 
0.538394 0.000000 
-0.687986 0.000000 
0.857075 0.000000 
0.056114 0.000000 
-0.446484 0.000000 
-0.437114 -0.000000 
0.429081 0.000000 
-0.001662 0.000000 
-0.844559 0.000000 
0.198309 -0.000000 
0.297991 0.000000 
-0.325064 0.000000 
-0.513569 0.000000 
0.349867 -0.000000 
0.498559 -0.000000 
-0.066914 -0.000000 
1.075646 0.000000 
0.348281 0.000000 
-1.097089 0.000000 
0.283144 0.000000 
-0.499506 0.000000 
0.045544 0.000000 
0.766727 -0.000000 
0.386015 -0.000000 
0.337939 0.000000 
0.014300 0.000000 
0.188795 0.000000 
0.202357 0.000000 
0.221947 0.000000 
-0.228770 0.000000 
1.150018 0.000000 
-0.297127 0.000000 
0.229117 0.000000 
0.110736 -0.000000 
0.355774 0.000000 
-0.041941 0.000000 
-0.647233 0.000000 
0.810308 0.000000 
0.294799 0.000000 
-0.518746 0.000000 
1.006617 0.000000 
-0.150624 0.000000 
-0.740119 0.000000 
0.235733 0.000000 
-0.593863 0.000000 
0.077016 0.000000 
0.302410 -0.000000 
-0.050192 -0.000000 
-0.722314 0.000000 
0.040764 -0.000000 
-0.575124 0.000000 
-0.677119 -0.000000 
-1.031412 -0.000000 
-0.486134 0.000000 
-0.081795 -0.000000 
-0.006510 0.000000 
-0.106794 0.000000 
-0.387721 0.000000 
-0.480349 0.000000 
0.005594 -0.000000 
-0.268366 -0.000000 
0.243841 -0.000000 
0.026454 0.000000 
-0.359418 0.000000 
-0.122715 0.000000 
0.156945 -0.000000 
-0.248338 -0.000000 
0.413889 0.000000 
0.646015 -0.000000 
-0.640223 0.000000 
0.292049 0.000000 
0.551642 0.000000 
-0.097211 0.000000 
-0.300788 0.000000 
0.096613 -0.000000 
0.069715 0.000000 
0.277343 0.000000 
-0.890283 0.000000 
-0.179686 0.000000 
-0.590711 0.000000 
0.678767 0.000000 
-0.377290 0.000000 
-0.533010 0.000000 
-0.779499 0.000000 
1.329204 0.000000 
0.304139 -0.000000 
-0.344141 0.000000 
0.596973 0.000000 
0.184139 0.000000 
-0.729502 -0.000000 
-0.000084 -0.000000 
0.700137 0.000000 
-0.878447 0.000000 
-0.237714 -0.000000 
-0.857098 0.000000 
-0.366094 0.000000 
-0.160402 -0.000000 
-0.794029 -0.000000 
-0.221705 -0.000000 
0.097379 0.000000 
-0.122348 0.000000 
-0.525311 -0.000000 
0.156213 0.000000 
0.768064 -0.000000 
0.692951 0.000000 
0.711421 0.000000 
-0.630245 0.000000 
-0.129976 0.000000 
-0.435337 0.000000 
0.560863 0.000000 
-0.528552 0.000000 
0.250197 0.000000 
-0.606990 0.000000 
-0.907652 -0.000000 
0.506360 -0.000000 
-0.477345 0.000000 
-0.558752 0.000000 
0.064007 -0.000000 
-1.054144 0.000000 
0.837849 0.000000 
0.361758 0.000000 
-0.165270 0.000000 
0.686897 0.000000 
-0.254910 0.000000 
-0.725130 0.000000 
0.496961 -0.000000 
1.246262 0.000000 
0.265066 0.000000 
-0.882906 0.000000 
-0.434292 0.000000 
0.495898 0.000000 
0.388660 0.000000 
-0.291632 -0.000000 
-0.959523 0.000000 
-0.680556 0.000000 
0.055513 0.000000 
0.064318 0.000000 
0.130517 -0.000000 
-0.242507 0.000000 
0.127144 0.000000 
0.782544 0.000000 
-0.715186 0.000000 
-0.144293 0.000000 
0.024094 0.000000 
-0.250425 0.000000 
-0.937741 -0.000000 
-0.273649 -0.000000 
0.819821 0.000000 
0.009061 0.000000 
-0.980344 0.000000 
-1.162527 0.000000 
0.406925 0.000000 
-0.075691 0.000000 
0.952653 -0.000000 
0.157585 0.000000 
0.081085 0.000000 
0.028309 0.000000 
-0.052606 0.000000 
0.481451 0.000000 
0.459133 0.000000 
0.250171 -0.000000 
-0.404219 0.000000 
-0.632446 0.000000 
0.056151 0.000000 
0.282288 0.000000 
0.330216 0.000000 
0.032709 0.000000 
-0.185999 0.000000 
-0.126310 0.000000 
0.651244 -0.000000 
0.020267 -0.000000 
0.253752 0.000000 
-0.024028 0.000000 
-0.579946 -0.000000 
0.993862 0.000000 
-0.658278 -0.000000 
-0.572106 -0.000000 
0.266218 0.000000 
0.872414 0.000000 
0.110840 -0.000000 
0.041356 -0.000000 
-0.155910 0.000000 
-0.146081 0.000000 
-0.755341 0.000000 
0.156470 -0.000000 
0.256881 0.000000 
0.155906 -0.000000 
0.434010 -0.000000 
0.016383 -0.000000 
-0.800094 0.000000 
0.280568 0.000000 
-0.685520 0.000000 
0.356854 -0.000000 
-0.440289 0.000000 
0.634424 0.000000 
-0.108264 0.000000 
0.546253 0.000000 
-0.627639 0.000000 
-0.200125 0.000000 
0.695076 0.000000 
0.204586 0.000000 
-0.478068 0.000000 
0.454857 0.000000 
0.316102 0.000000 
0.197668 0.000000 
-0.083956 0.000000 
-0.043432 0.000000 
0.495533 0.000000 
-0.587241 0.000000 
0.387088 -0.000000 
0.159825 -0.000000 
-0.036601 0.000000 
-0.087548 0.000000 
-0.150953 0.000000 
0.322458 0.000000 
-0.252466 0.000000 
0.351299 0.000000 
0.796264 0.000000 
-0.756395 0.000000 
-0.036506 0.000000 
0.053009 0.000000 
-0.539847 0.000000 
-0.315069 -0.000000 
0.189675 0.000000 
0.177915 -0.000000 
0.035858 0.000000 
-0.765138 0.000000 
0.148989 0.000000 
-0.118161 0.000000 
0.541739 -0.000000 
0.385864 0.000000 
0.495634 0.000000 
-0.521678 0.000000 
-0.379907 0.000000 
-0.257380 -0.000000 
0.214732 0.000000 
-0.313455 0.000000 
0.484278 0.000000 
-0.787199 -0.000000 
-0.102847 0.000000 
-0.322033 0.000000 
0.042181 0.000000 
-0.267850 -0.000000 
-0.053510 -0.000000 
0.180465 0.000000 
-0.354466 0.000000 
0.288325 0.000000 
-0.098582 -0.000000 
-0.338448 0.000000 
0.382084 0.000000 
-0.302172 -0.000000 
0.611838 0.000000 
-0.475511 -0.000000 
-0.840824 0.000000 
0.104229 0.000000 
0.141614 0.000000 
-0.038927 -0.000000 
1.153239 0.000000 
-0.420491 0.000000 
-0.300193 -0.000000 
0.367543 0.000000 
0.153381 0.000000 
0.153559 -0.000000 
0.452491 0.000000 
-0.790017 0.000000 
0.228668 0.000000 
-0.112396 -0.000000 
-0.048816 0.000000 
-0.180210 0.000000 
0.199170 -0.000000 
-0.900041 0.000000 
-0.259251 0.000000 
0.199934 -0.000000 
-0.182434 0.000000 
-0.191560 0.000000 
-0.865356 0.000000 
1.343595 0.000000 
-0.778782 -0.000000 
-0.234619 0.000000 
-0.776280 0.000000 
0.960611 0.000000 
0.177491 0.000000 
-0.638219 0.000000 
0.630903 -0.000000 
0.634341 -0.000000 
0.277608 -0.000000 
0.388023 0.000000 
-0.702616 -0.000000 
-0.574864 0.000000 
-0.107268 -0.000000 
-0.021103 -0.000000 
-0.604046 0.000000 
0.777063 -0.000000 
0.159319 -0.000000 
0.286622 0.000000 
-0.070453 0.000000 
-0.478773 0.000000 
-0.131635 0.000000 
0.139196 0.000000 
0.287520 0.000000 
-0.809943 0.000000 
0.364585 0.000000 
-0.458123 -0.000000 
-0.094594 0.000000 
0.098765 -0.000000 
-0.525867 -0.000000 
-0.232630 0.000000 
0.167082 0.000000 
-0.113083 0.000000 
-0.316457 0.000000 
-0.318630 0.000000 
-0.528421 0.000000 
0.474460 -0.000000 
-0.513161 0.000000 
0.001461 0.000000 
-1.033328 0.000000 
-0.591100 0.000000 
-0.339818 0.000000 
0.154058 0.000000 
0.485547 0.000000 
-0.207983 0.000000 
-0.224447 0.000000 
-1.039314 0.000000 
0.370683 0.000000 
0.062057 -0.000000 
0.179496 0.000000 
0.177276 0.000000 
-0.522818 0.000000 
0.435914 0.000000 
0.662939 0.000000 
-0.421681 0.000000 
0.277354 0.000000 
0.450301 0.000000 
0.212843 -0.000000 
0.610097 0.000000 
0.244429 0.000000 
0.123626 0.000000 
0.135449 -0.000000 
-0.184386 0.000000 
0.151752 0.000000 
0.306506 -0.000000 
-0.630412 0.000000 
-0.066304 -0.000000 
0.243881 0.000000 
0.512946 0.000000 
-1.076636 0.000000 
0.057056 0.000000 
0.834548 0.000000 
0.170487 -0.000000 
-0.057496 0.000000 
0.227470 -0.000000 
-0.065170 0.000000 
-0.250739 0.000000 
-0.663653 0.000000 
-0.371073 -0.000000 
0.535454 0.000000 
-0.430392 0.000000 
0.191523 0.000000 
0.530290 -0.000000 
-0.120583 -0.000000 
0.811634 -0.000000 
0.327181 -0.000000 
-0.237605 -0.000000 
0.056748 0.000000 
-0.098363 0.000000 
0.284800 -0.000000 
0.039257 0.000000 
-0.655471 0.000000 
-0.210421 -0.000000 
-0.414166 -0.000000 
-1.671961 0.000000 
-0.217456 0.000000 
0.029649 0.000000 
0.812709 0.000000 
-0.030975 -0.000000 
0.269710 -0.000000 
-1.249226 0.000000 
-0.055868 -0.000000 
-0.493923 0.000000 
0.344061 0.000000 
0.022883 0.000000 
0.704570 0.000000 
-0.872068 0.000000 
-0.522575 0.000000 
0.000551 0.000000 
0.246331 0.000000 
0.436683 -0.000000 
0.250174 0.000000 
-0.619521 0.000000 
0.188339 0.000000 
0.072256 0.000000 
-0.276835 0.000000 
0.028781 0.000000 
-0.230230 -0.000000 
0.145639 0.000000 
-0.447070 0.000000 
0.709827 0.000000 
0.025889 0.000000 
0.159369 0.000000 
-0.165697 0.000000 
-0.073533 0.000000 
-0.682593 0.000000 
0.604722 0.000000 
-0.029408 0.000000 
0.077850 -0.000000 
0.016095 0.000000 
0.198368 -0.000000 
-0.962886 0.000000 
0.442016 -0.000000 
-1.343812 0.000000 
-0.208416 -0.000000 
-0.695694 0.000000 
0.547564 0.000000 
0.366331 -0.000000 
-0.073137 0.000000 
0.140334 0.000000 
0.063453 -0.000000 
0.171813 0.000000 
-0.168705 0.000000 
0.409243 0.000000 
-0.126597 0.000000 
0.503153 -0.000000 
-0.069174 0.000000 
0.552044 0.000000 
-0.374484 -0.000000 
0.520509 0.000000 
0.103639 0.000000 
-0.430226 -0.000000 
0.117624 -0.000000 
-0.327064 -0.000000 
-0.404627 0.000000 
0.719737 0.000000 
0.064495 0.000000 
-0.461195 -0.000000 
-0.325314 0.000000 
-0.046985 0.000000 
0.070927 0.000000 
-0.111343 0.000000 
0.035459 0.000000 
-0.796183 0.000000 
-0.079088 0.000000 
0.070988 -0.000000 
0.001870 0.000000 
-0.042044 -0.000000 
-0.237705 -0.000000 
0.018229 0.000000 
-0.597614 0.000000 
0.214016 0.000000 
-1.316396 0.000000 
0.183074 0.000000 
0.557895 0.000000 
0.368567 0.000000 
0.017054 0.000000 
0.302867 -0.000000 
-0.564601 0.000000 
0.364970 0.000000 
-0.876530 -0.000000 
0.312951 0.000000 
0.685673 0.000000 
0.834377 -0.000000 
-0.102494 -0.000000 
-0.340698 0.000000 
0.066317 0.000000 
0.882896 0.000000 
-0.098321 0.000000 
-0.228631 0.000000 
0.717642 0.000000 
-0.433275 -0.000000 
-0.673080 -0.000000 
0.420702 0.000000 
-0.064775 0.000000 
0.372708 -0.000000 
0.023887 0.000000 
-0.216147 -0.000000 
-0.790944 0.000000 
0.156184 0.000000 
0.771637 0.000000 
0.157947 0.000000 
-0.090025 -0.000000 
-0.065806 0.000000 
-0.092289 -0.000000 
0.235244 0.000000 
0.395720 0.000000 
0.117370 -0.000000 
0.529062 -0.000000 
0.469253 0.000000 
-0.240490 0.000000 
-0.442135 0.000000 
-0.591123 0.000000 
-0.127945 0.000000 
0.542064 0.000000 
-1.127175 0.000000 
1.280531 0.000000 
0.243096 -0.000000 
0.028710 0.000000 
-0.167867 0.000000 
0.219815 -0.000000 
-0.299881 0.000000 
0.588165 0.000000 
0.470883 0.000000 
0.745330 -0.000000 
0.588610 -0.000000 
0.611982 -0.000000 
0.423065 -0.000000 
-0.431230 0.000000 
-0.427970 -0.000000 
0.147319 0.000000 
0.738745 -0.000000 
-1.019379 -0.000000 
-0.574136 -0.000000 
-1.255330 -0.000000 
-0.422510 0.000000 
0.458576 0.000000 
0.226830 -0.000000 
-1.669815 -0.000000 
0.088634 -0.000000 
-0.198703 -0.000000 
0.495780 0.000000 
0.373911 -0.000000 
0.685661 0.000000 
-0.112627 0.000000 
-1.063327 0.000000 
-0.571938 0.000000 
-0.151569 0.000000 
-0.575432 0.000000 
0.320569 -0.000000 
-0.802539 0.000000 
0.801123 0.000000 
0.982159 0.000000 
0.496853 0.000000 
0.674915 -0.000000 
-0.179390 0.000000 
0.672017 -0.000000 
-0.749935 -0.000000 
-0.377401 0.000000 
-0.875142 0.000000 
0.120700 0.000000 
0.407437 0.000000 
-0.840001 0.000000 
0.513682 0.000000 
0.140531 -0.000000 
0.211764 -0.000000 
0.559653 0.000000 
0.046591 -0.000000 
-0.959289 0.000000 
0.161139 -0.000000 
0.151240 -0.000000 
-0.426091 -0.000000 
0.358000 0.000000 
0.626160 -0.000000 
0.701082 0.000000 
0.094385 0.000000 
0.494310 0.000000 
-0.217212 0.000000 
0.152443 -0.000000 
-1.077765 0.000000 
-0.062219 0.000000 
-0.516513 0.000000 
-0.177337 0.000000 
0.097627 -0.000000 
0.180214 -0.000000 
0.252028 -0.000000 
-1.150783 0.000000 
-0.752894 -0.000000 
-0.018872 -0.000000 
-0.017965 -0.000000 
0.386716 0.000000 
0.728438 -0.000000 
0.188106 0.000000 
-0.013929 0.000000 
0.872971 0.000000 
-0.037390 -0.000000 
-0.705557 -0.000000 
-0.236502 -0.000000 
0.610842 0.000000 
0.191291 -0.000000 
0.125440 0.000000 
-0.462242 0.000000 
-0.666851 -0.000000 
-0.506071 0.000000 
0.608839 0.000000 
-0.350675 0.000000 
-0.146980 -0.000000 
0.109748 0.000000 
0.028405 0.000000 
-0.588064 0.000000 
-0.069103 0.000000 
-0.026259 0.000000 
-0.586889 0.000000 
-0.223108 -0.000000 
0.289233 -0.000000 
-0.025073 -0.000000 
0.273118 -0.000000 
0.166535 0.000000 
-0.142274 0.000000 
-0.130538 -0.000000 
0.982458 0.000000 
0.833389 0.000000 
0.661986 -0.000000 
0.104686 -0.000000 
0.072430 0.000000 
0.238876 -0.000000 
0.175568 -0.000000 
-0.318369 0.000000 
0.705766 0.000000 
-0.260237 -0.000000 
0.317881 0.000000 
-0.228044 0.000000 
0.100298 0.000000 
-0.301547 0.000000 
-0.011608 -0.000000 
0.223668 -0.000000 
0.155705 0.000000 
0.611349 0.000000 
0.226707 -0.000000 
0.207263 -0.000000 
-0.290817 0.000000 
-0.377176 0.000000 
0.141458 -0.000000 
-0.068488 0.000000 
0.816906 0.000000 
-1.117385 0.000000 
-0.450872 0.000000 
0.536376 -0.000000 
1.135844 0.000000 
1.299902 0.000000 
0.068274 -0.000000 
-0.121793 0.000000 
0.266899 -0.000000 
-0.181033 0.000000 
0.145429 -0.000000 
-0.048726 0.000000 
0.310007 0.000000 
0.266243 0.000000 
-0.222776 0.000000 
0.391460 0.000000 
1.272253 0.000000 
-0.005254 0.000000 
0.281834 0.000000 
0.159606 0.000000 
0.919650 0.000000 
0.147349 0.000000 
0.017148 0.000000 
-0.606309 0.000000 
-0.047150 0.000000 
-0.171315 -0.000000 
0.331915 -0.000000 
0.222393 0.000000 
-0.102324 -0.000000 
0.164457 -0.000000 
0.018829 -0.000000 
0.558420 -0.000000 
0.330639 0.000000 
-0.135303 0.000000 
-1.528680 -0.000000 
-0.424585 0.000000 
-0.572936 -0.000000 
0.408186 -0.000000 
0.337381 0.000000 
-0.482351 0.000000 
-0.705329 -0.000000 
-0.950741 0.000000 
0.333880 0.000000 
0.616990 0.000000 
-0.366732 0.000000 
0.193671 0.000000 
0.860570 0.000000 
-0.200596 0.000000 
-0.084014 0.000000 
-0.582813 0.000000 
0.181930 -0.000000 
-0.166831 0.000000 
0.838496 0.000000 
-0.234017 0.000000 
0.340128 0.000000 
-0.519432 0.000000 
0.684514 0.000000 
0.185939 -0.000000 
0.416876 0.000000 
0.182840 0.000000 
0.560710 -0.000000 
-0.469704 0.000000 
-0.689419 0.000000 
-0.838816 0.000000 
0.158242 -0.000000 
0.491948 -0.000000 
-0.219688 -0.000000 
0.421181 0.000000 
-0.188606 0.000000 
-0.189716 0.000000 
-0.677612 -0.000000 
-0.298559 0.000000 
0.680202 0.000000 
-0.511287 0.000000 
0.358998 0.000000 
-0.604729 0.000000 
0.135449 -0.000000 
-0.581526 0.000000 
-0.025190 0.000000 
0.450182 -0.000000 
-0.250791 -0.000000 
-0.133008 0.000000 
-0.014259 0.000000 
0.010928 0.000000 
0.061431 -0.000000 
0.458683 0.000000 
0.364641 0.000000 
0.822720 0.000000 
0.321333 0.000000 
-0.204332 0.000000 
0.117856 -0.000000 
-0.087491 0.000000 
-0.511845 0.000000 
-0.231497 0.000000 
-0.382545 0.000000 
-0.773112 0.000000 
0.726703 0.000000 
-0.462694 0.000000 
-0.836437 0.000000 
-0.293493 0.000000 
0.106685 0.000000 
0.835526 0.000000 
-0.027896 0.000000 
-0.372065 -0.000000 
0.019700 0.000000 
0.315121 0.000000 
0.006737 0.000000 
0.219699 0.000000 
0.228391 0.000000 
-0.301836 -0.000000 
-0.458625 -0.000000 
0.255801 0.000000 
-0.199826 -0.000000 
0.751370 -0.000000 
0.195644 0.000000 
-0.633054 -0.000000 
-0.071038 0.000000 
-0.028874 0.000000 
0.706111 0.000000 
-0.085479 0.000000 
-0.302587 0.000000 
0.204720 -0.000000 
0.026110 0.000000 
-0.716321 0.000000 
-0.155541 -0.000000 
0.165637 0.000000 
-0.846085 -0.000000 
-0.630661 0.000000 
0.107348 0.000000 
0.109229 0.000000 
-0.624733 0.000000 
-0.459113 0.000000 
-0.168171 0.000000 
0.254500 0.000000 
-1.040966 0.000000 
-0.020355 0.000000 
-0.102467 0.000000 
-0.886446 0.000000 
-0.123223 0.000000 
1.131199 0.000000 
0.032686 -0.000000 
-0.204283 -0.000000 
-0.272551 -0.000000 
-0.539879 -0.000000 
0.687881 0.000000 
-0.254381 0.000000 
0.081655 0.000000 
0.855214 -0.000000 
-0.690553 -0.000000 
0.530465 0.000000 
-0.075677 0.000000 
0.928314 -0.000000 
0.129816 -0.000000 
0.359024 0.000000 
0.049212 0.000000 
-0.231258 0.000000 
-0.086453 0.000000 
-1.538814 -0.000000 
0.400954 0.000000 
0.344847 0.000000 
0.128291 -0.000000 
-0.039803 0.000000 
0.244299 0.000000 
-0.078384 0.000000 
0.384838 0.000000 
-0.192665 0.000000 
0.225964 -0.000000 
-0.146110 0.000000 
0.919719 0.000000 
-0.378420 0.000000 
-0.664183 0.000000 
0.308555 0.000000 
0.146842 0.000000 
0.598213 0.000000 
-0.127465 0.000000 
-0.436725 0.000000 
-0.775260 0.000000 
-0.106854 0.000000 
0.904374 -0.000000 
-0.401844 0.000000 
-0.776983 -0.000000 
-0.514294 0.000000 
-1.125784 0.000000 
1.204886 -0.000000 
-0.463461 0.000000 
-0.425642 0.000000 
0.281958 0.000000 
-0.323776 0.000000 
-0.236387 0.000000 
-0.800468 0.000000 
0.058494 0.000000 
-0.037654 -0.000000 
-0.341548 -0.000000 
0.727769 0.000000 
0.248276 -0.000000 
0.487029 0.000000 
0.792645 0.000000 
0.372338 0.000000 
0.169562 0.000000 
-1.336156 0.000000 
0.857486 0.000000 
0.224011 -0.000000 
-0.078147 0.000000 
-0.075970 0.000000 
-0.125951 0.000000 
1.176417 -0.000000 
0.283700 0.000000 
0.703183 0.000000 
-0.837308 -0.000000 
-0.005705 0.000000 
0.232225 0.000000 
0.243241 0.000000 
-1.980680 0.000000 
0.765170 -0.000000 
-0.090816 0.000000 
0.401376 -0.000000 
0.192839 0.000000 
-0.810095 -0.000000 
0.135645 0.000000 
-0.569365 0.000000 
0.417190 0.000000 
-1.036873 0.000000 
-0.184431 0.000000 
0.802818 -0.000000 
-0.842687 -0.000000 
0.485328 -0.000000 
0.224015 0.000000 
-0.276925 0.000000 
-0.142648 0.000000 
0.559452 0.000000 
0.402106 0.000000 
0.437742 0.000000 
0.060145 -0.000000 
-0.292229 0.000000 
-0.144486 0.000000 
0.424354 0.000000 
-0.457184 -0.000000 
0.776234 -0.000000 
-0.123734 -0.000000 
0.703320 0.000000 
0.063509 0.000000 
0.411842 0.000000 
0.197461 -0.000000 
-1.235261 -0.000000 
-0.327439 0.000000 
0.255967 0.000000 
0.227217 0.000000 
0.070330 0.000000 
-0.664408 -0.000000 
-0.689605 0.000000 
0.876098 0.000000 
-0.320469 0.000000 
0.248838 0.000000 
0.993487 -0.000000 
0.704131 0.000000 
0.247427 0.000000 
0.275201 -0.000000 
0.079333 0.000000 
0.083056 0.000000 
-0.310260 -0.000000 
-0.462248 0.000000 
-0.615797 0.000000 
0.966599 -0.000000 
0.081673 0.000000 
-0.313226 0.000000 
0.598575 -0.000000 
0.096762 0.000000 
-0.336939 -0.000000 
0.007389 -0.000000 
0.501532 0.000000 
-0.728679 0.000000 
0.219734 0.000000 
-0.238000 -0.000000 
-0.033151 -0.000000 
-0.659087 -0.000000 
-0.676481 -0.000000 
-0.235239 0.000000 
0.674405 0.000000 
-0.623513 0.000000 
0.231780 0.000000 
-0.531715 0.000000 
-0.400975 -0.000000 
0.070938 0.000000 
-0.562526 0.000000 
0.957641 0.000000 
0.066873 0.000000 
-0.623499 0.000000 
0.759268 -0.000000 
-0.058809 -0.000000 
-0.445856 0.000000 
-0.160204 0.000000 
-0.402360 -0.000000 
0.602969 0.000000 
0.652385 0.000000 
0.158093 -0.000000 
0.327318 0.000000 
0.028393 0.000000 
-0.361703 -0.000000 
-0.221766 0.000000 
-0.694942 0.000000 
-0.747404 0.000000 
0.308438 0.000000 
-0.206521 0.000000 
0.441142 0.000000 
-0.262769 0.000000 
0.374624 0.000000 
-0.404289 0.000000 
-0.632501 0.000000 
0.576929 0.000000 
-0.213474 0.000000 
0.949590 -0.000000 
0.404023 0.000000 
-0.161008 0.000000 
-0.628838 0.000000 
-0.025533 -0.000000 
-0.008570 -0.000000 
-0.014426 0.000000 
0.377535 0.000000 
-0.517771 -0.000000 
-0.163990 0.000000 
-0.925623 0.000000 
0.259266 0.000000 
0.833789 0.000000 
0.155321 0.000000 
-0.475118 0.000000 
0.600874 0.000000 
-1.002405 0.000000 
-0.718992 -0.000000 
-0.246484 0.000000 
0.072624 0.000000 
-0.289394 0.000000 
-0.815164 0.000000 
0.023864 0.000000 
-0.142676 -0.000000 
0.020854 0.000000 
-0.266908 -0.000000 
-0.063587 0.000000 
-0.575457 0.000000 
-0.703595 -0.000000 
0.242011 0.000000 
0.350117 -0.000000 
0.041013 0.000000 
-0.655519 0.000000 
0.259326 0.000000 
-0.427117 0.000000 
0.480461 0.000000 
0.637547 0.000000 
-0.010277 0.000000 
0.605723 0.000000 
-0.343026 -0.000000 
0.283237 0.000000 
-0.075263 0.000000 
0.636741 -0.000000 
0.493736 0.000000 
0.119484 0.000000 
0.069039 -0.000000 
0.429136 0.000000 
0.029252 -0.000000 
-0.323547 0.000000 
-0.636840 0.000000 
0.046185 -0.000000 
0.776600 0.000000 
0.781893 0.000000 
0.222588 0.000000 
0.644480 -0.000000 
-0.503006 0.000000 
-0.569871 0.000000 
-0.205313 0.000000 
0.103647 -0.000000 
0.544712 0.000000 
-0.053161 0.000000 
0.117825 0.000000 
-0.068717 -0.000000 
-0.602503 -0.000000 
-0.371121 -0.000000 
0.878862 0.000000 
0.249802 0.000000 
-0.542696 0.000000 
-0.130673 -0.000000 
0.945002 0.000000 
0.419437 -0.000000 
0.329181 0.000000 
0.482757 0.000000 
0.106197 0.000000 
-0.282543 0.000000 
0.056840 0.000000 
-0.245183 0.000000 
-0.456569 0.000000 
0.454527 -0.000000 
0.079276 0.000000 
-0.284383 0.000000 
-0.025054 -0.000000 
0.310841 0.000000 
0.298417 0.000000 
-0.341168 0.000000 
-0.006397 0.000000 
-0.720445 -0.000000 
-0.728348 0.000000 
-0.187383 -0.000000 
-0.843827 -0.000000 
-0.376253 -0.000000 
0.102410 -0.000000 
-0.135950 -0.000000 
-0.301785 -0.000000 
0.230933 -0.000000 
0.102295 0.000000 
0.118948 0.000000 
-1.081868 -0.000000 
1.038682 0.000000 
0.466700 0.000000 
-0.779822 -0.000000 
0.093235 0.000000 
0.482831 -0.000000 
0.212027 0.000000 
-0.845736 0.000000 
0.326890 0.000000 
0.360436 0.000000 
0.430764 -0.000000 
0.644715 -0.000000 
0.099095 0.000000 
-1.247898 0.000000 
0.664245 0.000000 
-0.214060 0.000000 
0.023315 -0.000000 
0.293254 0.000000 
0.000098 0.000000 
0.744188 0.000000 
0.220174 0.000000 
-0.300834 -0.000000 
-0.348338 -0.000000 
-0.620897 -0.000000 
0.459589 -0.000000 
-0.948235 0.000000 
0.732831 0.000000 
0.053589 -0.000000 
0.227440 0.000000 
0.120672 0.000000 
0.446687 -0.000000 
-1.041439 -0.000000 
0.772632 -0.000000 
0.050450 0.000000 
0.068768 0.000000 
-0.094254 0.000000 
-0.255107 -0.000000 
0.459120 0.000000 
0.250495 0.000000 
-0.290396 -0.000000 
0.110898 0.000000 
-0.002310 0.000000 
0.555293 -0.000000 
0.056813 0.000000 
-0.818845 0.000000 
-0.525955 0.000000 
-0.074046 -0.000000 
0.230401 0.000000 
0.275692 -0.000000 
-0.277809 0.000000 
-0.067914 0.000000 
-0.367466 0.000000 
0.041794 -0.000000 
-1.031659 0.000000 
0.347692 0.000000 
-0.590703 0.000000 
1.141882 -0.000000 
-0.411259 0.000000 
0.882603 0.000000 
-0.613684 0.000000 
0.575072 0.000000 
0.320506 -0.000000 
0.453911 -0.000000 
-0.106613 0.000000 
-0.862493 0.000000 
0.626813 0.000000 
-0.855036 0.000000 
-0.621513 -0.000000 
0.595665 -0.000000 
0.007308 0.000000 
0.009129 0.000000 
0.331318 -0.000000 
0.227379 0.000000 
0.130472 0.000000 
-0.480378 -0.000000 
0.029491 0.000000 
0.427176 -0.000000 
0.465195 0.000000 
-0.124005 0.000000 
-0.184262 -0.000000 
0.698113 -0.000000 
0.574183 0.000000 
0.110659 0.000000 
0.102683 0.000000 
0.946833 0.000000 
0.059775 0.000000 
-0.293686 0.000000 
-0.058696 -0.000000 
-0.272036 0.000000 
0.805055 0.000000 
0.098520 0.000000 
0.108490 -0.000000 
0.423630 0.000000 
0.052602 0.000000 
-0.570019 0.000000 
-0.126796 -0.000000 
-0.137189 0.000000 
-0.010054 0.000000 
-0.494834 0.000000 
0.193969 0.000000 
-0.441655 0.000000 
-0.149677 -0.000000 
0.264081 0.000000 
-0.002745 -0.000000 
-0.014814 0.000000 
-0.083516 -0.000000 
0.532556 0.000000 
0.284566 0.000000 
-0.468750 0.000000 
-0.144082 0.000000 
0.758767 0.000000 
-0.414615 0.000000 
0.027078 -0.000000 
0.801986 0.000000 
-0.164520 0.000000 
0.094148 0.000000 
-0.327925 -0.000000 
0.917576 0.000000 
0.453811 0.000000 
1.225927 -0.000000 
-0.037650 0.000000 
0.228700 0.000000 
0.104093 0.000000 
1.035032 -0.000000 
0.238176 0.000000 
-0.336307 -0.000000 
0.175535 -0.000000 
-0.723960 0.000000 
0.224456 -0.000000 
-1.177776 -0.000000 
0.199160 -0.000000 
0.017600 0.000000 
-0.819626 0.000000 
-0.446501 0.000000 
0.514479 0.000000 
-0.144427 -0.000000 
0.257823 0.000000 
-0.995951 -0.000000 
0.940072 0.000000 
0.897657 0.000000 
0.941527 -0.000000 
-0.189174 -0.000000 
-0.348369 0.000000 
0.325067 0.000000 
0.300781 0.000000 
0.171932 -0.000000 
0.690775 0.000000 
-0.141271 0.000000 
0.639043 -0.000000 
-0.383148 0.000000 
0.756147 -0.000000 
0.129226 0.000000 
0.806394 0.000000 
0.310981 -0.000000 
-0.363201 0.000000 
0.190801 -0.000000 
0.731886 0.000000 
0.093009 -0.000000 
-0.077686 0.000000 
0.306262 0.000000 
-0.398766 -0.000000 
-0.667699 0.000000 
0.006209 0.000000 
0.816423 -0.000000 
0.098536 0.000000 
0.742615 -0.000000 
-0.281110 -0.000000 
0.021173 0.000000 
0.172850 0.000000 
-0.011179 -0.000000 
-0.397781 0.000000 
-0.259861 0.000000 
0.106324 0.000000 
-0.045620 0.000000 
-0.418919 0.000000 
0.361388 -0.000000 
0.115956 0.000000 
1.179970 0.000000 
0.473308 0.000000 
-0.555536 0.000000 
0.168136 0.000000 
0.048881 0.000000 
0.154443 0.000000 
-0.014421 -0.000000 
0.394565 0.000000 
0.361288 0.000000 
-0.499168 0.000000 
0.234661 0.000000 
0.570771 0.000000 
0.120296 0.000000 
-0.447991 0.000000 
0.100881 0.000000 
-0.425004 0.000000 
-0.310152 0.000000 
-0.275128 0.000000 
-0.421115 0.000000 
0.072151 -0.000000 
0.197956 0.000000 
-0.438480 0.000000 
0.704676 0.000000 
0.344350 0.000000 
-0.171258 0.000000 
-0.361531 0.000000 
-0.597181 0.000000 
-0.904484 -0.000000 
-0.357376 0.000000 
0.165579 0.000000 
-0.388748 0.000000 
0.507016 0.000000 
0.505966 -0.000000 
0.064699 0.000000 
0.248558 0.000000 
0.540602 -0.000000 
-0.389816 0.000000 
-0.830501 0.000000 
-0.239227 -0.000000 
0.404384 0.000000 
-0.361111 0.000000 
-0.258186 0.000000 
0.027253 -0.000000 
0.175805 -0.000000 
0.088474 0.000000 
0.088699 0.000000 
0.705235 0.000000 
0.274778 -0.000000 
-0.722937 0.000000 
-0.474898 0.000000 
0.744006 -0.000000 
-0.508056 0.000000 
0.377935 0.000000 
-0.918110 0.000000 
0.142011 0.000000 
-0.588823 -0.000000 
0.550106 0.000000 
0.054173 0.000000 
0.202396 -0.000000 
-0.474100 -0.000000 
-0.413268 0.000000 
0.222470 0.000000 
-0.338302 0.000000 
-0.769475 0.000000 
0.421565 0.000000 
-0.751773 0.000000 
0.270348 -0.000000 
-0.784783 -0.000000 
-0.433027 -0.000000 
-0.941450 0.000000 
0.397232 0.000000 
-0.143086 -0.000000 
0.446231 0.000000 
-0.354041 -0.000000 
1.088478 0.000000 
0.162031 0.000000 
0.024444 -0.000000 
0.804867 0.000000 
-0.401661 0.000000 
-0.019597 -0.000000 
0.034041 -0.000000 
-1.212996 0.000000 
0.291409 0.000000 
0.053178 -0.000000 
-0.238177 0.000000 
0.082139 0.000000 
-0.578151 0.000000 
0.317222 0.000000 
-0.423272 -0.000000 
0.278570 0.000000 
0.413309 -0.000000 
-0.114363 0.000000 
0.655279 -0.000000 
0.119110 -0.000000 
-0.454714 0.000000 
-0.358355 -0.000000 
-0.477171 0.000000 
0.275879 -0.000000 
-0.368963 -0.000000 
-1.053010 0.000000 
-0.041406 -0.000000 
0.061356 -0.000000 
-0.153168 -0.000000 
-0.510418 0.000000 
0.687200 -0.000000 
0.363019 0.000000 
0.126891 0.000000 
0.216754 0.000000 
-0.516383 0.000000 
-0.092103 -0.000000 
0.047028 0.000000 
0.809885 0.000000 
0.027306 0.000000 
0.495817 0.000000 
-1.240992 0.000000 
0.339119 -0.000000 
-0.261766 -0.000000 
0.354748 0.000000 
-0.140594 -0.000000 
-0.052376 0.000000 
-0.203566 0.000000 
0.416314 -0.000000 
-0.415428 0.000000 
0.137365 0.000000 
0.130432 0.000000 
0.717197 0.000000 
-0.483623 -0.000000 
-0.233965 -0.000000 
-0.500283 0.000000 
-0.023730 0.000000 
-0.249743 -0.000000 
-0.060593 0.000000 
-0.445058 0.000000 
0.470243 -0.000000 
0.087581 -0.000000 
-0.063664 0.000000 
0.243099 0.000000 
0.203813 0.000000 
-0.476589 -0.000000 
0.792793 -0.000000 
0.283534 0.000000 
-0.545264 -0.000000 
0.301651 0.000000 
-0.400475 0.000000 
-0.235347 0.000000 
0.207846 -0.000000 
-0.095793 -0.000000 
0.413087 0.000000 
-0.280016 0.000000 
0.142875 0.000000 
0.221459 0.000000 
0.345407 -0.000000 
-0.252770 -0.000000 
0.360280 -0.000000 
-0.234447 0.000000 
0.430700 -0.000000 
0.035523 0.000000 
-0.203662 0.000000 
-0.300362 -0.000000 
0.031126 0.000000 
0.148000 -0.000000 
0.510920 0.000000 
-0.754461 0.000000 
0.090256 -0.000000 
-0.191934 0.000000 
0.057262 0.000000 
0.151475 0.000000 
0.471570 0.000000 
0.001883 0.000000 
-0.009724 0.000000 
0.244879 0.000000 
0.772162 0.000000 
-0.323840 0.000000 
-0.022143 0.000000 
0.232045 0.000000 
-0.102720 0.000000 
0.303196 0.000000 
0.088496 0.000000 
-0.275842 -0.000000 
0.476111 0.000000 
0.095191 -0.000000 
-0.231249 0.000000 
-0.249301 0.000000 
0.748214 0.000000 
0.497733 0.000000 
0.209907 0.000000 
-0.498652 0.000000 
0.310102 0.000000 
0.678499 0.000000 
-1.149681 0.000000 
-0.047589 0.000000 
-0.106744 -0.000000 
0.053465 0.000000 
-0.017523 -0.000000 
0.173074 0.000000 
0.891153 0.000000 
0.336064 0.000000 
-0.231023 0.000000 
-0.513311 0.000000 
-1.024304 0.000000 
1.036486 0.000000 
-1.006663 0.000000 
0.722271 0.000000 
0.650508 0.000000 
-1.284245 -0.000000 
0.818037 0.000000 
-1.425281 0.000000 
0.077647 0.000000 
0.522288 -0.000000 
-0.222766 0.000000 
0.302191 0.000000 
-0.992821 -0.000000 
-0.365844 0.000000 
0.090685 -0.000000 
-0.054626 0.000000 
0.769693 0.000000 
0.330329 0.000000 
-0.179471 0.000000 
-0.219070 0.000000 
-0.082731 0.000000 
-0.601723 -0.000000 
-0.363225 0.000000 
0.155898 0.000000 
0.175138 0.000000 
0.227918 0.000000 
0.086581 0.000000 
-0.091037 -0.000000 
-0.069636 0.000000 
0.371098 -0.000000 
-0.956649 -0.000000 
1.644829 0.000000 
0.871788 0.000000 
-0.486075 0.000000 
0.678112 0.000000 
-0.033224 -0.000000 
-0.171162 0.000000 
0.116636 0.000000 
0.175540 0.000000 
-0.329345 0.000000 
-0.282630 0.000000 
-1.040743 0.000000 
-0.296797 -0.000000 
0.558648 0.000000 
-0.898344 0.000000 
0.007979 0.000000 
-0.387782 -0.000000 
-0.168739 -0.000000 
0.097526 0.000000 
0.194148 0.000000 
-0.646410 0.000000 
-0.021851 0.000000 
0.613457 0.000000 
-0.548306 -0.000000 
-0.640756 0.000000 
-0.155174 0.000000 
-0.405411 0.000000 
1.953968 0.000000 
-0.468984 -0.000000 
-0.597744 0.000000 
0.077238 0.000000 
0.687360 0.000000 
-0.238168 0.000000 
0.400692 -0.000000 
0.425585 -0.000000 
-0.148581 0.000000 
0.245867 0.000000 
0.277994 -0.000000 
0.836288 -0.000000 
0.745708 -0.000000 
0.019107 -0.000000 
0.092587 -0.000000 
0.246368 0.000000 
-0.135842 0.000000 
-0.165216 0.000000 
0.463328 -0.000000 
0.104574 -0.000000 
0.131461 0.000000 
0.084756 0.000000 
0.298920 -0.000000 
0.188547 -0.000000 
0.971941 0.000000 
-0.584539 0.000000 
0.410399 0.000000 
-0.693600 0.000000 
-0.144233 0.000000 
-0.054107 0.000000 
0.328932 0.000000 
0.421317 0.000000 
0.117248 -0.000000 
-0.408689 -0.000000 
-0.320866 0.000000 
-0.208099 -0.000000 
-0.310225 -0.000000 
0.320297 0.000000 
-0.361118 0.000000 
-0.030409 -0.000000 
-0.765350 -0.000000 
0.405182 -0.000000 
-1.108536 -0.000000 
0.091685 -0.000000 
0.183269 -0.000000 
-0.798453 0.000000 
-0.135163 0.000000 
0.567830 0.000000 
0.215545 0.000000 
-0.188810 0.000000 
0.240100 0.000000 
-0.132061 -0.000000 
-0.862964 0.000000 
0.651131 0.000000 
-0.406135 0.000000 
-0.024866 0.000000 
-0.357033 0.000000 
0.081834 -0.000000 
0.624807 -0.000000 
-0.070169 -0.000000 
-0.297885 0.000000 
-0.122492 -0.000000 
-0.859901 0.000000 
-0.063081 0.000000 
0.266666 -0.000000 
-0.470254 -0.000000 
0.534839 -0.000000 
1.151534 -0.000000 
0.194023 0.000000 
-0.032141 0.000000 
0.047561 0.000000 
-0.014820 -0.000000 
-0.670409 0.000000 
-0.100287 0.000000 
0.294155 0.000000 
0.025645 0.000000 
-0.047371 0.000000 
-0.438244 0.000000 
-0.175381 -0.000000 
0.435176 0.000000 
-0.510830 -0.000000 
0.010606 0.000000 
-0.206337 0.000000 
-0.265067 -0.000000 
0.717744 -0.000000 
-0.436056 0.000000 
-0.082830 -0.000000 
0.508313 0.000000 
-0.518836 -0.000000 
-0.192336 0.000000 
0.327425 0.000000 
-0.672767 -0.000000 
0.276256 -0.000000 
0.156514 0.000000 
0.260539 0.000000 
-0.581679 0.000000 
-0.642128 -0.000000 
0.242113 -0.000000 
-0.266691 0.000000 
0.750021 0.000000 
0.014087 -0.000000 
0.318781 -0.000000 
1.196951 -0.000000 
-0.742881 0.000000 
-0.006102 -0.000000 
-0.176058 0.000000 
-0.201580 0.000000 
-0.534421 -0.000000 
0.130182 0.000000 
0.330798 0.000000 
-0.259982 0.000000 
0.582721 0.000000 
-0.345909 -0.000000 
-0.651816 -0.000000 
0.240485 0.000000 
-0.141039 0.000000 
0.299953 0.000000 
-0.175396 -0.000000 
-0.033672 0.000000 
0.698147 0.000000 
-0.142965 0.000000 
0.613151 0.000000 
0.522781 -0.000000 
0.473355 0.000000 
-0.381288 -0.000000 
0.885648 0.000000 
-0.238665 -0.000000 
0.349033 0.000000 
0.148968 0.000000 
-0.493579 0.000000 
-0.487130 -0.000000 
-0.568354 -0.000000 
-0.449723 -0.000000 
-0.087953 0.000000 
0.252284 -0.000000 
0.558235 -0.000000 
0.036691 0.000000 
-1.339451 0.000000 
-0.022537 -0.000000 
-0.271125 0.000000 
0.448628 0.000000 
0.090913 -0.000000 
-0.884261 0.000000 
0.777441 -0.000000 
-0.128473 0.000000 
0.565750 -0.000000 
0.057727 0.000000 
0.294252 0.000000 
0.390647 0.000000 
0.251399 0.000000 
0.005786 -0.000000 
0.386420 -0.000000 
-0.360810 0.000000 
0.131762 0.000000 
0.048528 0.000000 
-0.565134 0.000000 
0.605265 -0.000000 
-0.147703 0.000000 
0.256514 0.000000 
0.038946 0.000000 
-0.564266 -0.000000 
0.336548 0.000000 
-0.234374 0.000000 
0.135275 0.000000 
-0.640202 0.000000 
0.298163 0.000000 
-0.289926 -0.000000 
-0.019704 -0.000000 
0.861365 -0.000000 
-0.356737 -0.000000 
0.138540 0.000000 
-0.235325 0.000000 
-0.028620 -0.000000 
-0.766233 0.000000 
0.861223 -0.000000 
-0.013607 -0.000000 
-0.439553 -0.000000 
0.551865 0.000000 
0.983455 -0.000000 
0.043447 0.000000 
-0.042614 -0.000000 
0.464517 -0.000000 
0.792025 0.000000 
0.594956 -0.000000 
-0.224628 0.000000 
0.942425 -0.000000 
0.512667 -0.000000 
0.445366 0.000000 
0.546200 -0.000000 
-0.365255 -0.000000 
-0.262249 0.000000 
-0.731644 -0.000000 
0.386386 0.000000 
0.721627 -0.000000 
0.171667 0.000000 
0.616426 0.000000 
0.746279 0.000000 
-1.007496 0.000000 
-0.046151 0.000000 
0.148002 0.000000 
0.245885 0.000000 
-0.026027 0.000000 
0.022097 0.000000 
-0.857259 0.000000 
-0.237823 -0.000000 
-0.307070 0.000000 
0.524761 0.000000 
-0.239703 0.000000 
-0.284788 0.000000 
0.246008 -0.000000 
0.404998 0.000000 
-0.135180 -0.000000 
0.150631 -0.000000 
0.479090 -0.000000 
-0.215349 0.000000 
-0.146269 0.000000 
0.460470 -0.000000 
0.741786 -0.000000 
-0.234266 -0.000000 
0.322384 0.000000 
-0.039669 0.000000 
-0.446586 -0.000000 
0.787814 -0.000000 
0.112969 0.000000 
-0.267631 0.000000 
0.511343 0.000000 
-0.219010 -0.000000 
0.319054 0.000000 
-0.596863 0.000000 
1.022623 0.000000 
-0.165338 -0.000000 
-1.061075 -0.000000 
-0.387642 -0.000000 
-0.114565 0.000000 
-0.112853 -0.000000 
0.448199 0.000000 
-0.672825 0.000000 
-0.508692 -0.000000 
-0.470423 0.000000 
0.207968 -0.000000 
-0.199030 -0.000000 
-0.866455 0.000000 
0.778652 0.000000 
-0.418217 0.000000 
-0.152574 0.000000 
0.083090 -0.000000 
-0.220094 0.000000 
-0.198021 0.000000 
0.008927 0.000000 
0.466113 -0.000000 
0.283599 0.000000 
-0.480239 -0.000000 
-0.366828 0.000000 
0.101003 0.000000 
0.032915 -0.000000 
-0.052149 0.000000 
-0.111706 -0.000000 
-0.615185 0.000000 
0.689167 -0.000000 
0.930321 0.000000 
0.147196 0.000000 
-0.134857 -0.000000 
-0.201942 0.000000 
0.414930 0.000000 
-0.037201 0.000000 
0.769742 -0.000000 
0.175250 0.000000 
0.603905 0.000000 
0.009069 -0.000000 
0.290618 0.000000 
0.034842 0.000000 
0.288867 -0.000000 
-0.344994 0.000000 
0.585376 0.000000 
-0.512864 0.000000 
-0.481228 0.000000 
-0.583730 0.000000 
-0.457557 0.000000 
0.206464 -0.000000 
-0.251388 -0.000000 
0.366006 0.000000 
-0.537088 -0.000000 
-0.265139 0.000000 
0.468123 -0.000000 
-1.055092 0.000000 
-0.347145 -0.000000 
0.346206 0.000000 
-0.686525 0.000000 
-0.567933 0.000000 
0.063612 0.000000 
1.031768 0.000000 
-1.440110 -0.000000 
-0.075031 0.000000 
0.290519 0.000000 
0.721218 -0.000000 
-0.471572 0.000000 
0.127784 0.000000 
0.575552 -0.000000 
-0.320916 -0.000000 
0.770227 -0.000000 
0.527762 0.000000 
-0.305958 -0.000000 
-0.489392 0.000000 
-0.405685 -0.000000 
0.549868 0.000000 
0.248748 0.000000 
0.391469 -0.000000 
-0.642394 0.000000 
-0.197178 0.000000 
0.334930 -0.000000 
-0.238019 0.000000 
-0.022951 0.000000 
-0.403248 0.000000 
0.453325 0.000000 
-0.459355 0.000000 
0.162627 0.000000 
-0.157833 0.000000 
0.115445 -0.000000 
-1.185360 0.000000 
-1.281221 0.000000 
-0.108230 0.000000 
-0.706196 0.000000 
0.250802 0.000000 
-0.282004 0.000000 
-0.761674 0.000000 
0.115253 0.000000 
-0.537384 0.000000 
0.394336 -0.000000 
0.274923 0.000000 
1.016519 -0.000000 
0.920707 0.000000 
0.242603 0.000000 
-0.464161 0.000000 
-0.153107 0.000000 
-0.212642 -0.000000 
0.280952 0.000000 
-0.740849 0.000000 
-0.352543 -0.000000 
0.014532 -0.000000 
-0.792718 -0.000000 
-0.744459 -0.000000 
-0.249120 -0.000000 
-0.180959 -0.000000 
0.254550 0.000000 
0.772892 0.000000 
-0.028840 0.000000 
1.014441 0.000000 
0.217180 0.000000 
0.160772 0.000000 
-0.154902 0.000000 
0.715413 -0.000000 
0.184605 0.000000 
-0.390673 -0.000000 
-0.245641 0.000000 
-0.536842 -0.000000 
0.279821 0.000000 
-0.246482 0.000000 
-0.158207 -0.000000 
-0.137712 -0.000000 
-0.137759 0.000000 
-0.470633 0.000000 
-0.454825 0.000000 
-0.631686 -0.000000 
0.044039 0.000000 
0.297601 -0.000000 
0.753508 0.000000 
-0.034870 0.000000 
0.322579 -0.000000 
-0.355343 -0.000000 
1.064099 0.000000 
-0.063985 0.000000 
-0.436670 -0.000000 
0.531019 0.000000 
0.409723 -0.000000 
0.191367 0.000000 
-0.184373 0.000000 
-0.224926 0.000000 
-0.357214 0.000000 
0.149403 0.000000 
-0.839044 0.000000 
-0.201567 -0.000000 
0.322930 -0.000000 
0.310836 0.000000 
0.575211 -0.000000 
-0.805625 0.000000 
0.531522 0.000000 
0.266427 -0.000000 
-0.514561 0.000000 
0.217736 0.000000 
0.380064 0.000000 
0.648678 0.000000 
0.804252 0.000000 
-0.206809 0.000000 
-0.159684 0.000000 
-1.091481 0.000000 
0.132932 -0.000000 
-0.487147 0.000000 
-0.251316 0.000000 
-0.242938 0.000000 
-0.292847 0.000000 
0.095755 0.000000 
0.568340 0.000000 
-0.854586 0.000000 
0.752228 -0.000000 
0.821988 0.000000 
0.000596 0.000000 
0.332344 0.000000 
0.065975 -0.000000 
-0.012867 0.000000 
-0.121179 0.000000 
-0.193727 -0.000000 
0.443244 0.000000 
0.183155 0.000000 
-0.562684 0.000000 
-1.007240 0.000000 
-0.318732 -0.000000 
1.208202 0.000000 
-0.188854 0.000000 
0.505172 -0.000000 
0.192584 0.000000 
-0.378341 0.000000 
-0.383871 0.000000 
-0.055760 0.000000 
0.294836 0.000000 
-0.137275 -0.000000 
0.073309 -0.000000 
-0.255423 0.000000 
-0.065100 0.000000 
-0.627228 0.000000 
0.887459 -0.000000 
0.149690 0.000000 
-0.501523 -0.000000 
0.923023 -0.000000 
0.609392 0.000000 
-0.272803 0.000000 
-0.039791 -0.000000 
-0.681239 -0.000000 
0.557070 -0.000000 
-0.080117 -0.000000 
1.461389 -0.000000 
-0.002006 -0.000000 
0.361563 0.000000 
-0.910841 0.000000 
0.153460 0.000000 
0.421878 -0.000000 
-0.080304 0.000000 
0.412794 0.000000 
0.382132 0.000000 
0.578792 0.000000 
-0.369008 -0.000000 
-0.514052 0.000000 
0.970410 -0.000000 
0.345905 0.000000 
0.106100 0.000000 
-0.185972 0.000000 
-0.436727 0.000000 
0.103104 -0.000000 
0.141474 0.000000 
0.238665 0.000000 
-0.024865 -0.000000 
0.094446 0.000000 
-0.290526 0.000000 
0.327002 -0.000000 
-0.679954 0.000000 
0.687829 -0.000000 
0.722933 0.000000 
1.036005 -0.000000 
0.618563 0.000000 
-0.536114 0.000000 
-0.766128 0.000000 
0.250414 0.000000 
-0.124285 0.000000 
-0.027352 0.000000 
0.372019 0.000000 
-0.463472 0.000000 
0.040418 0.000000 
0.193013 -0.000000 
-0.734968 0.000000 
0.086738 -0.000000 
-0.700343 0.000000 
0.631508 0.000000 
0.568730 -0.000000 
-0.647101 0.000000 
-0.089684 0.000000 
-0.152545 0.000000 
1.156649 0.000000 
0.065604 -0.000000 
0.119374 -0.000000 
1.099907 0.000000 
-0.226119 0.000000 
-0.304499 0.000000 
-0.310358 0.000000 
-0.094395 0.000000 
-0.208351 0.000000 
-0.043454 0.000000 
-0.270102 -0.000000 
-0.143313 0.000000 
-0.307930 -0.000000 
-0.227474 0.000000 
0.046517 0.000000 
0.292808 0.000000 
0.349548 0.000000 
-0.282886 0.000000 
0.088277 0.000000 
0.214801 0.000000 
0.181683 -0.000000 
0.371555 0.000000 
0.094944 0.000000 
-1.190544 -0.000000 
-0.388639 0.000000 
0.366901 -0.000000 
0.206342 0.000000 
-0.320057 0.000000 
-0.646481 -0.000000 
-1.476219 0.000000 
-0.070825 -0.000000 
0.384707 -0.000000 
-0.558550 -0.000000 
-0.464052 -0.000000 
-0.193372 0.000000 
0.197518 0.000000 
-1.540138 0.000000 
-0.917450 0.000000 
0.645120 0.000000 
-0.059955 -0.000000 
-0.777698 -0.000000 
0.129984 0.000000 
0.014656 0.000000 
-0.644500 0.000000 
0.333684 0.000000 
0.277446 0.000000 
-0.458485 0.000000 
0.285577 0.000000 
0.019527 0.000000 
0.271698 -0.000000 
-0.256736 0.000000 
-0.197095 0.000000 
-0.291821 0.000000 
0.325346 -0.000000 
-0.606585 0.000000 
-0.433496 -0.000000 
-0.239095 0.000000 
-0.655461 0.000000 
-0.388842 0.000000 
1.225831 0.000000 
0.423588 0.000000 
0.235586 -0.000000 
-0.168139 0.000000 
-0.617677 0.000000 
0.047636 0.000000 
-0.274908 -0.000000 
0.230691 -0.000000 
0.465847 -0.000000 
0.223730 -0.000000 
-0.015022 0.000000 
-0.389973 0.000000 
-0.062382 0.000000 
0.879294 0.000000 
-0.240042 0.000000 
-0.569413 0.000000 
0.417678 -0.000000 
-0.040263 0.000000 
-0.306257 0.000000 
0.864451 0.000000 
-0.346049 0.000000 
0.512652 -0.000000 
0.410649 0.000000 
-0.592396 0.000000 
-0.138124 0.000000 
0.164617 0.000000 
-0.179687 -0.000000 
0.825464 0.000000 
-0.604877 0.000000 
0.831706 0.000000 
-0.877055 -0.000000 
-0.073666 0.000000 
0.082446 0.000000 
-0.140325 0.000000 
0.711397 0.000000 
0.430124 -0.000000 
0.167393 0.000000 
0.347311 0.000000 
0.673738 0.000000 
-0.077843 0.000000 
-0.552783 0.000000 
0.153313 0.000000 
0.952811 0.000000 
0.074851 0.000000 
-0.584566 0.000000 
0.012423 0.000000 
0.273255 -0.000000 
0.438085 -0.000000 
-0.156776 -0.000000 
0.427246 0.000000 
-0.016973 0.000000 
-0.390112 0.000000 
0.340273 -0.000000 
-0.650549 -0.000000 
0.011002 -0.000000 
0.318575 -0.000000 
0.162722 -0.000000 
-0.903524 -0.000000 
0.196222 0.000000 
0.367642 0.000000 
0.082043 0.000000 
-0.269809 -0.000000 
-0.592516 0.000000 
-0.096352 0.000000 
0.249215 0.000000 
-0.494437 -0.000000 
-0.246209 0.000000 
0.814183 -0.000000 
1.520532 0.000000 
-0.300572 0.000000 
0.005747 0.000000 
0.019195 -0.000000 
-0.067286 0.000000 
-0.774717 0.000000 
0.363605 0.000000 
-0.770582 0.000000 
0.223195 0.000000 
0.134477 0.000000 
0.357496 0.000000 
0.499614 -0.000000 
0.148247 0.000000 
0.039895 0.000000 
-0.146761 0.000000 
0.118516 0.000000 
-0.104498 0.000000 
0.078449 0.000000 
-0.266700 0.000000 
0.657655 -0.000000 
0.344571 0.000000 
0.025406 -0.000000 
-0.329346 0.000000 
-0.177656 -0.000000 
-0.106995 0.000000 
0.480076 -0.000000 
-0.832448 -0.000000 
-0.051273 0.000000 
0.594370 0.000000 
-0.612937 -0.000000 
0.133921 0.000000 
-0.101516 -0.000000 
0.116986 -0.000000 
0.152690 0.000000 
-0.979373 0.000000 
0.154349 0.000000 
-0.458490 0.000000 
-0.681568 0.000000 
-0.149943 0.000000 
-0.242507 0.000000 
0.740900 -0.000000 
0.999401 -0.000000 
0.742405 0.000000 
-0.180684 -0.000000 
0.363269 -0.000000 
0.431854 0.000000 
-0.304652 0.000000 
-0.154991 -0.000000 
0.773575 -0.000000 
-0.881053 0.000000 
0.025949 0.000000 
-0.051654 -0.000000 
0.569793 -0.000000 
-0.116734 0.000000 
-0.584494 0.000000 
0.546112 0.000000 
0.230345 -0.000000 
0.069592 0.000000 
-1.133222 0.000000 
0.370447 -0.000000 
-1.409752 0.000000 
-0.366905 -0.000000 
-0.828029 0.000000 
-0.222418 0.000000 
0.912267 0.000000 
0.549819 0.000000 
1.015926 0.000000 
-0.364481 -0.000000 
-0.019363 -0.000000 
0.454670 0.000000 
-0.108691 -0.000000 
1.277394 0.000000 
-0.507516 0.000000 
0.045712 0.000000 
-0.020700 0.000000 
-0.007683 0.000000 
0.608882 0.000000 
0.671535 0.000000 
-0.017934 0.000000 
-0.684433 0.000000 
0.209397 0.000000 
-0.165372 -0.000000 
0.259800 -0.000000 
-0.405223 0.000000 
-0.887451 -0.000000 
0.333347 0.000000 
-0.439085 0.000000 
-0.710287 0.000000 
0.107632 -0.000000 
-0.044325 -0.000000 
-0.373079 0.000000 
-0.002155 0.000000 
-0.372058 0.000000 
0.064869 0.000000 
