T	 |m|	 <m[0]>	 <m[1]>	 <E>	 dim_{Lat}=2	 L=128,128	 J=1.000000,1.000000	 {/Symbol s}_J=0.000000,0.000000	 <J_{ij}>=0.000000,0.000000	 dim_{Spin}=2	 h=0.000000,0.000000	 {/Symbol s}_h=0.500000,0.000000	 <h_i>=-0.004916,0.000000	 order=1.000000,0.000000	 order_h=0	 order_r=1	 (thermalizing-MCS,averaging-MCS)/{/Symbol D}T=(128000,12800)/0.010000	 
Cooling... 
2.000000	 0.042284	 -0.005466	 -0.000137	 -0.607999	 
1.990000	 0.042597	 -0.004005	 -0.001712	 -0.612433	 
1.980000	 0.042914	 -0.005942	 -0.000939	 -0.616531	 
1.970000	 0.043382	 -0.005494	 -0.002161	 -0.620478	 
1.960000	 0.042084	 -0.004385	 -0.000697	 -0.623132	 
1.950000	 0.042249	 -0.003798	 -0.000737	 -0.626875	 
1.940000	 0.042922	 -0.005926	 0.000087	 -0.630526	 
1.930000	 0.043461	 -0.006832	 0.000930	 -0.633420	 
1.920000	 0.043620	 -0.005769	 -0.001404	 -0.638020	 
1.910000	 0.043443	 -0.006052	 -0.001097	 -0.642194	 
1.900000	 0.043819	 -0.006495	 -0.002473	 -0.646276	 
1.890000	 0.043998	 -0.006027	 -0.002186	 -0.650054	 
1.880000	 0.044770	 -0.004951	 -0.001089	 -0.654214	 
1.870000	 0.043402	 -0.005520	 0.002087	 -0.657714	 
1.860000	 0.044754	 -0.007440	 -0.000456	 -0.661977	 
1.850000	 0.044882	 -0.007047	 -0.000428	 -0.665844	 
1.840000	 0.045050	 -0.005531	 -0.001244	 -0.670491	 
1.830000	 0.045375	 -0.007722	 -0.002455	 -0.675363	 
1.820000	 0.045347	 -0.006747	 -0.002327	 -0.679963	 
1.810000	 0.044989	 -0.005002	 -0.002058	 -0.683862	 
1.800000	 0.044697	 -0.006003	 0.000070	 -0.687551	 
1.790000	 0.045395	 -0.007555	 0.000470	 -0.692384	 
1.780000	 0.046234	 -0.008245	 0.000416	 -0.696375	 
1.770000	 0.045844	 -0.006610	 -0.002538	 -0.701465	 
1.760000	 0.045632	 -0.007231	 -0.000711	 -0.706598	 
1.750000	 0.046714	 -0.008718	 -0.002883	 -0.711404	 
1.740000	 0.046167	 -0.007416	 -0.002664	 -0.716563	 
1.730000	 0.046333	 -0.006592	 -0.000894	 -0.721009	 
1.720000	 0.046237	 -0.008514	 0.000822	 -0.724921	 
1.710000	 0.047066	 -0.008625	 -0.000109	 -0.730153	 
1.700000	 0.048141	 -0.008534	 -0.000503	 -0.735802	 
1.690000	 0.048374	 -0.008087	 -0.000736	 -0.740960	 
1.680000	 0.048219	 -0.009794	 -0.002803	 -0.746717	 
1.670000	 0.048272	 -0.008859	 -0.000725	 -0.752396	 
1.660000	 0.048673	 -0.007952	 -0.001936	 -0.757310	 
1.650000	 0.046774	 -0.008475	 0.001452	 -0.761962	 
1.640000	 0.049498	 -0.010007	 0.001516	 -0.767390	 
1.630000	 0.049102	 -0.009880	 0.000869	 -0.772985	 
1.620000	 0.049554	 -0.009554	 -0.000772	 -0.779133	 
1.610000	 0.049600	 -0.011229	 -0.002207	 -0.785634	 
1.600000	 0.050375	 -0.011766	 -0.004111	 -0.791787	 
1.590000	 0.050811	 -0.010957	 -0.002032	 -0.797978	 
1.580000	 0.049294	 -0.008723	 -0.000311	 -0.803596	 
1.570000	 0.051412	 -0.011043	 -0.000400	 -0.808903	 
1.560000	 0.050342	 -0.011657	 0.001312	 -0.814698	 
1.550000	 0.053180	 -0.011167	 0.000498	 -0.821597	 
1.540000	 0.052968	 -0.011203	 -0.000872	 -0.828634	 
1.530000	 0.053177	 -0.012485	 -0.003918	 -0.835930	 
1.520000	 0.052537	 -0.012583	 -0.002496	 -0.842154	 
1.510000	 0.052857	 -0.009415	 -0.001200	 -0.848810	 
1.500000	 0.052102	 -0.011311	 0.004383	 -0.854564	 
1.490000	 0.053491	 -0.013419	 0.001532	 -0.861472	 
1.480000	 0.057225	 -0.017334	 0.003089	 -0.868539	 
1.470000	 0.055258	 -0.012584	 -0.000074	 -0.876506	 
1.460000	 0.055243	 -0.014322	 -0.002259	 -0.884500	 
1.450000	 0.056832	 -0.013844	 -0.007203	 -0.892235	 
1.440000	 0.056867	 -0.012245	 -0.005729	 -0.899233	 
1.430000	 0.055554	 -0.012390	 0.000705	 -0.905639	 
1.420000	 0.057461	 -0.014960	 0.000267	 -0.913047	 
1.410000	 0.058393	 -0.017991	 0.004313	 -0.920807	 
1.400000	 0.060076	 -0.017143	 -0.001013	 -0.930563	 
1.390000	 0.060428	 -0.018472	 -0.003449	 -0.939004	 
1.380000	 0.059319	 -0.018524	 -0.007570	 -0.947582	 
1.370000	 0.060273	 -0.019105	 -0.007180	 -0.955236	 
1.360000	 0.059625	 -0.015097	 -0.003000	 -0.963240	 
1.350000	 0.061186	 -0.015976	 0.004709	 -0.970874	 
1.340000	 0.063354	 -0.022077	 0.004564	 -0.979985	 
1.330000	 0.066205	 -0.022760	 0.001014	 -0.989838	 
1.320000	 0.062886	 -0.016768	 -0.003963	 -0.999017	 
1.310000	 0.065178	 -0.021958	 -0.008925	 -1.008780	 
1.300000	 0.066372	 -0.021991	 -0.009372	 -1.018818	 
1.290000	 0.065421	 -0.018566	 -0.006156	 -1.028311	 
1.280000	 0.066181	 -0.023014	 0.004039	 -1.035618	 
1.270000	 0.066819	 -0.022911	 0.002697	 -1.044713	 
1.260000	 0.073061	 -0.025424	 0.007127	 -1.055510	 
1.250000	 0.070617	 -0.025649	 -0.005789	 -1.067207	 
1.240000	 0.070425	 -0.028081	 -0.000484	 -1.077413	 
1.230000	 0.071991	 -0.027689	 -0.013667	 -1.088250	 
1.220000	 0.077601	 -0.030831	 -0.013526	 -1.098264	 
1.210000	 0.073181	 -0.025875	 -0.006534	 -1.108282	 
1.200000	 0.079635	 -0.030984	 0.001583	 -1.118444	 
1.190000	 0.082183	 -0.031844	 0.008314	 -1.129111	 
1.180000	 0.082788	 -0.031103	 0.000664	 -1.140294	 
1.170000	 0.079698	 -0.033762	 0.005059	 -1.151689	 
1.160000	 0.083675	 -0.036392	 -0.018051	 -1.164269	 
1.150000	 0.087042	 -0.035716	 -0.017417	 -1.176218	 
1.140000	 0.090047	 -0.031350	 -0.012038	 -1.186751	 
1.130000	 0.093613	 -0.038250	 0.002631	 -1.197385	 
1.120000	 0.089794	 -0.039096	 0.004904	 -1.208590	 
1.110000	 0.090714	 -0.040544	 0.008957	 -1.219445	 
1.100000	 0.091879	 -0.037307	 0.011619	 -1.233022	 
1.090000	 0.100669	 -0.041334	 -0.020632	 -1.246612	 
1.080000	 0.106090	 -0.047121	 -0.047558	 -1.257266	 
1.070000	 0.125003	 -0.044243	 -0.043853	 -1.271907	 
1.060000	 0.114736	 -0.042847	 0.003241	 -1.282891	 
1.050000	 0.114419	 -0.053741	 -0.048048	 -1.292755	 
1.040000	 0.130873	 -0.059217	 0.065294	 -1.306046	 
1.030000	 0.128093	 -0.050225	 -0.035625	 -1.317527	 
1.020000	 0.119158	 -0.049273	 -0.068707	 -1.329644	 
1.010000	 0.216127	 -0.055573	 -0.200730	 -1.350101	 
1.000000	 0.238208	 -0.055862	 -0.182882	 -1.361715	 
0.990000	 0.193345	 -0.043912	 -0.157115	 -1.373344	 
0.980000	 0.226750	 -0.050745	 -0.213745	 -1.383903	 
0.970000	 0.170853	 -0.056057	 -0.154566	 -1.393011	 
0.960000	 0.363958	 -0.051998	 -0.357120	 -1.412014	 
0.950000	 0.378292	 -0.062210	 -0.370577	 -1.425133	 
0.940000	 0.501275	 -0.055671	 -0.496162	 -1.444659	 
0.930000	 0.531466	 -0.052488	 -0.526967	 -1.457777	 
0.920000	 0.549248	 -0.048159	 -0.545523	 -1.469371	 
0.910000	 0.550343	 -0.036190	 -0.547361	 -1.478001	 
0.900000	 0.462830	 -0.054488	 -0.457788	 -1.483842	 
0.890000	 0.569036	 -0.054139	 -0.564842	 -1.498174	 
0.880000	 0.585896	 -0.050852	 -0.581839	 -1.509596	 
0.870000	 0.597548	 -0.057500	 -0.592787	 -1.519971	 
0.860000	 0.604621	 -0.057435	 -0.600341	 -1.529948	 
0.850000	 0.615867	 -0.053214	 -0.612106	 -1.539149	 
0.840000	 0.622554	 -0.042645	 -0.619675	 -1.548276	 
0.830000	 0.625057	 -0.054031	 -0.621556	 -1.556341	 
0.820000	 0.630289	 -0.052081	 -0.626875	 -1.564511	 
0.810000	 0.640457	 -0.048565	 -0.637299	 -1.573782	 
0.800000	 0.642279	 -0.053788	 -0.638704	 -1.582148	 
0.790000	 0.651996	 -0.051528	 -0.648831	 -1.591119	 
0.780000	 0.661141	 -0.054520	 -0.657617	 -1.599373	 
0.770000	 0.661126	 -0.045808	 -0.658272	 -1.606866	 
0.760000	 0.665890	 -0.051606	 -0.662831	 -1.614000	 
0.750000	 0.671919	 -0.048892	 -0.668712	 -1.621460	 
0.740000	 0.673524	 -0.057415	 -0.669891	 -1.628568	 
0.730000	 0.680986	 -0.045759	 -0.678250	 -1.636643	 
0.720000	 0.685920	 -0.057239	 -0.682467	 -1.644077	 
0.710000	 0.688670	 -0.062625	 -0.684859	 -1.651494	 
0.700000	 0.696429	 -0.050836	 -0.693555	 -1.659001	 
0.690000	 0.700948	 -0.047466	 -0.698459	 -1.665915	 
0.680000	 0.699953	 -0.048954	 -0.697209	 -1.672290	 
0.670000	 0.705061	 -0.045925	 -0.702615	 -1.678902	 
0.660000	 0.708423	 -0.052479	 -0.705309	 -1.685692	 
0.650000	 0.710309	 -0.052153	 -0.707264	 -1.693134	 
0.640000	 0.719212	 -0.054689	 -0.716250	 -1.700422	 
0.630000	 0.724532	 -0.053300	 -0.721774	 -1.706891	 
0.620000	 0.726408	 -0.045232	 -0.724284	 -1.713401	 
0.610000	 0.726297	 -0.048548	 -0.723900	 -1.719325	 
0.600000	 0.730002	 -0.053922	 -0.727189	 -1.725545	 
0.590000	 0.732352	 -0.042024	 -0.729918	 -1.731951	 
0.580000	 0.735841	 -0.052869	 -0.733267	 -1.738631	 
0.570000	 0.743286	 -0.051895	 -0.740846	 -1.745320	 
0.560000	 0.748859	 -0.053736	 -0.746230	 -1.751757	 
0.550000	 0.751690	 -0.051926	 -0.749197	 -1.757934	 
0.540000	 0.751296	 -0.047752	 -0.749153	 -1.763791	 
0.530000	 0.751009	 -0.053907	 -0.748315	 -1.769799	 
0.520000	 0.755635	 -0.049038	 -0.753433	 -1.775211	 
0.510000	 0.759315	 -0.053854	 -0.756745	 -1.781721	 
0.500000	 0.765081	 -0.053193	 -0.762476	 -1.788204	 
0.490000	 0.769300	 -0.058151	 -0.766635	 -1.794295	 
0.480000	 0.770338	 -0.052255	 -0.767964	 -1.800026	 
0.470000	 0.775163	 -0.049766	 -0.773195	 -1.805895	 
0.460000	 0.775351	 -0.052994	 -0.773028	 -1.811551	 
0.450000	 0.776066	 -0.053218	 -0.773637	 -1.817441	 
0.440000	 0.781200	 -0.044041	 -0.779412	 -1.823184	 
0.430000	 0.785203	 -0.054724	 -0.782869	 -1.829179	 
0.420000	 0.787604	 -0.058056	 -0.784935	 -1.835186	 
0.410000	 0.792159	 -0.052130	 -0.790017	 -1.840946	 
0.400000	 0.796247	 -0.052056	 -0.794106	 -1.846603	 
0.390000	 0.796161	 -0.054657	 -0.793901	 -1.852155	 
0.380000	 0.797650	 -0.055033	 -0.795244	 -1.857702	 
0.370000	 0.802900	 -0.050923	 -0.800885	 -1.863252	 
0.360000	 0.803072	 -0.053815	 -0.800795	 -1.869046	 
0.350000	 0.807792	 -0.051121	 -0.805801	 -1.874709	 
0.340000	 0.813155	 -0.054673	 -0.811082	 -1.880446	 
0.330000	 0.814985	 -0.046903	 -0.813320	 -1.885899	 
0.320000	 0.817353	 -0.051495	 -0.815406	 -1.891326	 
0.310000	 0.815965	 -0.051155	 -0.814095	 -1.896743	 
0.300000	 0.819362	 -0.052527	 -0.817330	 -1.902421	 
0.290000	 0.822133	 -0.046056	 -0.820534	 -1.907783	 
0.280000	 0.827185	 -0.053003	 -0.825112	 -1.913173	 
0.270000	 0.831327	 -0.054610	 -0.829305	 -1.918791	 
0.260000	 0.834088	 -0.047838	 -0.832507	 -1.924170	 
0.250000	 0.833901	 -0.052836	 -0.832066	 -1.929563	 
0.240000	 0.836777	 -0.049269	 -0.835163	 -1.934758	 
0.230000	 0.840817	 -0.055072	 -0.838786	 -1.940131	 
0.220000	 0.842422	 -0.052411	 -0.840578	 -1.945472	 
0.210000	 0.845324	 -0.052292	 -0.843460	 -1.950733	 
0.200000	 0.848776	 -0.049387	 -0.847175	 -1.956153	 
0.190000	 0.850041	 -0.050957	 -0.848416	 -1.961536	 
0.180000	 0.854325	 -0.051117	 -0.852694	 -1.966726	 
0.170000	 0.855749	 -0.052184	 -0.854031	 -1.971931	 
0.160000	 0.857749	 -0.051787	 -0.856117	 -1.977124	 
0.150000	 0.860707	 -0.049902	 -0.859187	 -1.982321	 
0.140000	 0.863006	 -0.053247	 -0.861267	 -1.987539	 
0.130000	 0.865541	 -0.057675	 -0.863496	 -1.992710	 
0.120000	 0.869137	 -0.051012	 -0.867586	 -1.997959	 
0.110000	 0.870302	 -0.050076	 -0.868806	 -2.003103	 
0.100000	 0.873366	 -0.053693	 -0.871664	 -2.008279	 
0.090000	 0.874665	 -0.052632	 -0.873052	 -2.013351	 
0.080000	 0.878776	 -0.054009	 -0.877080	 -2.018463	 
0.070000	 0.880372	 -0.049057	 -0.878963	 -2.023501	 
0.060000	 0.882990	 -0.054212	 -0.881289	 -2.028627	 
0.050000	 0.884791	 -0.051515	 -0.883269	 -2.033704	 
0.040000	 0.887549	 -0.054791	 -0.885827	 -2.038760	 
0.030000	 0.890019	 -0.054769	 -0.888322	 -2.043795	 
0.020000	 0.891517	 -0.053888	 -0.889873	 -2.048823	 
0.010000	 0.894875	 -0.050591	 -0.893440	 -2.053839	 
