-2.313114 2.313114 
0.000000 0.500000 0.002306 
0.000000 0.000000 0.000000 

-0.194084 0.000000 
-0.254421 0.000000 
-0.217095 0.000000 
0.081735 0.000000 
0.195445 -0.000000 
0.341254 -0.000000 
0.583094 -0.000000 
0.204746 -0.000000 
-0.380328 0.000000 
-0.337548 0.000000 
-0.314928 0.000000 
0.254696 -0.000000 
0.109682 0.000000 
0.517089 -0.000000 
-0.278954 0.000000 
0.200503 0.000000 
0.002601 0.000000 
-0.408817 -0.000000 
0.100883 0.000000 
0.011276 0.000000 
-0.287561 0.000000 
-0.398219 -0.000000 
0.434669 0.000000 
0.301804 0.000000 
0.020261 -0.000000 
0.463933 0.000000 
1.030503 0.000000 
0.618763 -0.000000 
-0.305449 0.000000 
0.645105 0.000000 
-1.172890 0.000000 
0.410419 0.000000 
0.240515 0.000000 
0.425704 -0.000000 
-0.009729 0.000000 
0.878524 0.000000 
0.358445 -0.000000 
0.525139 0.000000 
0.432843 0.000000 
0.091030 -0.000000 
0.280421 0.000000 
-0.021998 0.000000 
-0.088201 0.000000 
-0.472111 -0.000000 
-0.733882 0.000000 
0.340734 0.000000 
-0.138092 -0.000000 
0.398002 -0.000000 
0.163159 -0.000000 
0.033481 0.000000 
-0.227001 -0.000000 
-0.053849 -0.000000 
-0.348757 -0.000000 
0.505451 0.000000 
-0.514856 0.000000 
0.007425 0.000000 
-0.302531 0.000000 
-0.451084 0.000000 
-0.771391 0.000000 
0.423089 0.000000 
-0.328039 0.000000 
0.169430 0.000000 
0.061799 -0.000000 
0.209235 0.000000 
0.436252 0.000000 
0.135645 0.000000 
-0.264135 -0.000000 
-0.442049 0.000000 
0.031933 0.000000 
0.115250 -0.000000 
0.077005 0.000000 
-0.085909 0.000000 
0.371749 0.000000 
-0.696961 0.000000 
0.090611 0.000000 
0.301943 -0.000000 
0.132510 0.000000 
0.271666 0.000000 
-0.414751 0.000000 
0.487553 0.000000 
0.075439 0.000000 
-0.875269 0.000000 
-0.217936 -0.000000 
0.245296 -0.000000 
0.302171 0.000000 
0.675208 -0.000000 
0.173419 -0.000000 
0.717074 -0.000000 
0.605115 0.000000 
0.946013 0.000000 
0.646900 0.000000 
0.051888 -0.000000 
-0.226181 -0.000000 
-0.852485 0.000000 
-0.243999 0.000000 
0.140748 0.000000 
-0.828008 0.000000 
-0.058464 0.000000 
0.537959 0.000000 
0.155272 0.000000 
0.130171 0.000000 
-0.105413 -0.000000 
-0.002609 0.000000 
-0.475931 0.000000 
0.295795 0.000000 
-0.034162 -0.000000 
0.262901 -0.000000 
-0.094574 0.000000 
0.501878 -0.000000 
-0.366946 -0.000000 
-0.483607 -0.000000 
-1.086167 0.000000 
-0.204436 0.000000 
1.081091 0.000000 
0.325735 -0.000000 
-0.071704 0.000000 
-0.524652 0.000000 
0.775245 0.000000 
-0.945482 0.000000 
0.577424 0.000000 
-0.239628 -0.000000 
0.001124 0.000000 
0.364438 0.000000 
-0.367371 -0.000000 
-0.076228 0.000000 
0.138272 -0.000000 
-0.034380 0.000000 
-0.093919 -0.000000 
0.496013 -0.000000 
0.804073 0.000000 
-0.316817 -0.000000 
-0.123984 -0.000000 
-0.129787 0.000000 
0.230669 -0.000000 
-0.315854 0.000000 
0.895291 0.000000 
-0.325000 0.000000 
0.377469 -0.000000 
0.658809 0.000000 
-0.603963 -0.000000 
0.220415 -0.000000 
0.040281 0.000000 
-0.594637 -0.000000 
-1.182627 0.000000 
0.623452 0.000000 
-0.279477 -0.000000 
0.139721 0.000000 
-1.032172 -0.000000 
-0.046909 0.000000 
0.109874 -0.000000 
-0.100903 0.000000 
-0.093425 0.000000 
-0.159755 -0.000000 
-0.106867 -0.000000 
-0.227076 -0.000000 
0.214902 -0.000000 
-0.104700 0.000000 
0.509687 0.000000 
0.062216 0.000000 
0.257650 -0.000000 
0.177412 0.000000 
0.940410 0.000000 
-0.518234 -0.000000 
0.045059 0.000000 
0.706967 0.000000 
-0.722906 -0.000000 
0.869223 0.000000 
0.002076 0.000000 
0.708125 -0.000000 
0.493839 0.000000 
0.301271 -0.000000 
-0.287354 0.000000 
-0.325435 0.000000 
-0.398039 0.000000 
0.031124 0.000000 
0.282287 0.000000 
0.230382 0.000000 
-0.320125 0.000000 
-0.085198 0.000000 
-0.506995 0.000000 
0.436014 -0.000000 
0.248038 0.000000 
-0.395361 0.000000 
0.120950 -0.000000 
-0.263854 -0.000000 
-0.187043 0.000000 
0.721496 0.000000 
-0.989188 0.000000 
0.001345 0.000000 
-0.247896 0.000000 
-0.106623 -0.000000 
0.023574 0.000000 
-0.465816 0.000000 
0.456932 -0.000000 
-0.050925 -0.000000 
0.299287 -0.000000 
0.055177 0.000000 
0.477997 0.000000 
0.405114 0.000000 
-0.100365 -0.000000 
-0.097690 0.000000 
-0.818007 0.000000 
-0.227919 0.000000 
-0.391543 0.000000 
-0.114752 -0.000000 
0.345694 0.000000 
0.027027 0.000000 
0.373292 0.000000 
0.487033 0.000000 
-0.552481 0.000000 
-0.721435 0.000000 
-0.006978 -0.000000 
-0.640054 0.000000 
-0.365451 0.000000 
0.013992 0.000000 
-0.536393 0.000000 
0.245814 -0.000000 
-0.271576 -0.000000 
0.089561 0.000000 
-0.032591 0.000000 
0.969295 0.000000 
-0.476933 0.000000 
0.239842 0.000000 
0.843728 0.000000 
0.812052 0.000000 
-0.646812 0.000000 
0.066239 -0.000000 
1.011668 -0.000000 
-0.531828 0.000000 
-0.505499 0.000000 
-1.352760 0.000000 
0.193246 0.000000 
-0.353467 -0.000000 
-0.029673 -0.000000 
-0.373443 0.000000 
0.179901 -0.000000 
0.184301 0.000000 
-0.801323 0.000000 
0.325767 0.000000 
-0.034013 0.000000 
-0.277765 0.000000 
-0.062964 0.000000 
0.066087 -0.000000 
0.650834 -0.000000 
-0.949275 -0.000000 
-0.524370 -0.000000 
-0.637918 -0.000000 
0.243764 -0.000000 
-1.127028 0.000000 
-0.269685 0.000000 
-0.384413 0.000000 
-0.042556 0.000000 
0.337027 0.000000 
0.886267 0.000000 
0.059459 -0.000000 
0.789426 0.000000 
0.259591 -0.000000 
-0.007016 0.000000 
-0.344276 0.000000 
-1.188909 -0.000000 
-1.089518 -0.000000 
0.320875 0.000000 
0.083318 0.000000 
-0.272922 0.000000 
0.139220 -0.000000 
0.404565 0.000000 
-0.196450 0.000000 
0.255889 0.000000 
0.044689 -0.000000 
0.008699 0.000000 
-0.219002 0.000000 
-0.118622 0.000000 
-0.386101 0.000000 
0.367872 0.000000 
-0.095981 0.000000 
-1.209783 0.000000 
0.025378 0.000000 
-0.548734 -0.000000 
0.342579 0.000000 
-0.254525 0.000000 
-0.270187 0.000000 
0.333298 0.000000 
0.432739 -0.000000 
0.239838 -0.000000 
0.265619 -0.000000 
0.148528 0.000000 
-0.773528 0.000000 
-0.030073 -0.000000 
1.156136 0.000000 
-0.195566 0.000000 
-0.250041 0.000000 
-0.391970 -0.000000 
-0.232919 0.000000 
0.269700 0.000000 
-0.285721 0.000000 
0.264950 0.000000 
0.173575 0.000000 
-0.509445 0.000000 
0.654686 0.000000 
0.225116 -0.000000 
-0.776168 0.000000 
0.277756 -0.000000 
0.547201 0.000000 
0.397485 0.000000 
0.068133 0.000000 
0.845388 -0.000000 
-0.166969 0.000000 
0.195642 -0.000000 
0.013956 0.000000 
0.064125 0.000000 
-0.373249 0.000000 
-0.110492 0.000000 
-0.111072 -0.000000 
0.859233 0.000000 
0.054544 0.000000 
-0.452999 0.000000 
0.318343 -0.000000 
0.338193 -0.000000 
-0.144023 0.000000 
-0.037205 -0.000000 
-0.712797 -0.000000 
0.173492 0.000000 
-0.761733 -0.000000 
0.529883 0.000000 
0.128629 0.000000 
-0.570831 0.000000 
-0.227030 -0.000000 
0.100791 -0.000000 
0.838927 0.000000 
-0.299078 0.000000 
-0.933206 -0.000000 
0.756016 -0.000000 
-0.374287 0.000000 
-0.087255 -0.000000 
0.052394 0.000000 
-0.720747 0.000000 
0.015906 0.000000 
-0.444472 0.000000 
-0.004536 0.000000 
0.405125 0.000000 
0.168451 0.000000 
0.030567 0.000000 
0.202726 -0.000000 
-0.680358 0.000000 
0.304775 0.000000 
0.081520 0.000000 
0.181122 0.000000 
0.254199 0.000000 
-0.151466 0.000000 
0.536468 0.000000 
0.445863 0.000000 
0.332882 0.000000 
-1.750237 0.000000 
0.896871 0.000000 
-0.603323 -0.000000 
-0.020736 0.000000 
-0.742207 -0.000000 
-0.730617 0.000000 
0.163257 -0.000000 
-0.347942 0.000000 
-0.390536 0.000000 
-0.329581 -0.000000 
0.140598 0.000000 
-0.528837 -0.000000 
-0.579048 -0.000000 
0.378291 0.000000 
0.032130 0.000000 
-0.374676 0.000000 
0.308126 -0.000000 
0.139953 0.000000 
0.672168 0.000000 
-0.681419 0.000000 
-0.289984 0.000000 
0.087553 0.000000 
-0.038529 0.000000 
0.433422 -0.000000 
-0.263452 0.000000 
-0.084789 0.000000 
-0.343498 0.000000 
-1.342568 -0.000000 
0.262266 0.000000 
-0.053036 0.000000 
0.234732 0.000000 
-0.170361 -0.000000 
0.097089 0.000000 
0.278963 0.000000 
0.197259 0.000000 
-0.256767 0.000000 
0.242965 0.000000 
0.252501 -0.000000 
-0.144408 0.000000 
0.223600 -0.000000 
-0.126561 0.000000 
-0.350040 -0.000000 
-0.405065 0.000000 
-0.133255 -0.000000 
0.450213 0.000000 
0.136810 -0.000000 
-0.930634 0.000000 
0.594697 0.000000 
-0.424604 -0.000000 
-0.443473 -0.000000 
0.650516 0.000000 
-0.241494 0.000000 
-0.034130 -0.000000 
0.538705 0.000000 
0.177344 0.000000 
-0.425832 -0.000000 
-0.138014 0.000000 
-0.319671 0.000000 
-0.260803 0.000000 
-0.244758 0.000000 
0.032469 0.000000 
-0.214088 -0.000000 
-0.534987 0.000000 
-0.186693 0.000000 
0.061072 0.000000 
-0.014903 -0.000000 
-0.110974 0.000000 
0.041713 -0.000000 
-0.223190 0.000000 
-0.133132 0.000000 
-0.276414 0.000000 
0.864379 0.000000 
0.346969 -0.000000 
0.218029 0.000000 
-0.216048 -0.000000 
0.243647 -0.000000 
-0.392761 -0.000000 
0.240397 0.000000 
0.217741 0.000000 
-0.017959 0.000000 
0.271041 0.000000 
-0.371260 -0.000000 
-1.026618 0.000000 
1.086552 0.000000 
-0.745125 -0.000000 
0.564749 -0.000000 
-0.639094 0.000000 
1.039673 0.000000 
0.217398 0.000000 
0.215963 0.000000 
-0.154221 0.000000 
-0.617266 -0.000000 
-0.467506 0.000000 
0.520864 0.000000 
-0.058480 0.000000 
-0.209776 0.000000 
-1.096720 0.000000 
-0.571601 0.000000 
1.659350 0.000000 
-0.590606 -0.000000 
-0.028440 0.000000 
-0.017412 0.000000 
-0.317737 0.000000 
0.240935 0.000000 
0.012649 -0.000000 
-1.050984 -0.000000 
-0.436071 0.000000 
-0.998978 -0.000000 
-0.162832 0.000000 
-0.388011 0.000000 
0.489777 -0.000000 
0.517050 0.000000 
0.640378 -0.000000 
0.714915 0.000000 
0.405597 0.000000 
-1.046260 0.000000 
0.818963 0.000000 
-0.419118 0.000000 
-0.242301 0.000000 
0.031185 0.000000 
0.495083 0.000000 
-0.352424 0.000000 
-0.204749 -0.000000 
0.014587 0.000000 
0.504529 -0.000000 
-0.248309 0.000000 
-0.056438 0.000000 
-0.236738 0.000000 
-0.638403 0.000000 
-1.123337 0.000000 
0.256388 0.000000 
-0.474095 0.000000 
-0.402296 0.000000 
0.579521 0.000000 
-0.452822 0.000000 
-0.160654 0.000000 
0.283549 0.000000 
0.320958 0.000000 
0.202969 0.000000 
-1.637124 0.000000 
-0.907798 0.000000 
0.167437 0.000000 
0.752857 0.000000 
-0.344266 -0.000000 
-0.542774 0.000000 
-0.716033 0.000000 
0.059917 0.000000 
0.344844 -0.000000 
0.620891 0.000000 
-0.790839 0.000000 
-0.146523 0.000000 
-0.324157 0.000000 
0.425709 0.000000 
-0.277537 0.000000 
0.096553 0.000000 
-0.304452 0.000000 
-0.244984 0.000000 
0.575266 0.000000 
-0.969043 0.000000 
0.675919 0.000000 
-0.639418 0.000000 
-0.013516 0.000000 
0.129279 0.000000 
0.724592 0.000000 
-0.090985 0.000000 
0.300764 -0.000000 
-0.787790 0.000000 
-0.666120 0.000000 
-0.162053 0.000000 
0.317817 0.000000 
-0.164924 -0.000000 
1.263266 0.000000 
-0.088232 0.000000 
-0.643900 0.000000 
0.891176 0.000000 
-0.415959 0.000000 
0.494758 0.000000 
0.309970 0.000000 
1.165925 -0.000000 
-0.708284 -0.000000 
0.658154 0.000000 
-0.460815 0.000000 
-0.685385 0.000000 
0.168758 0.000000 
0.784620 0.000000 
1.633876 -0.000000 
0.772271 -0.000000 
0.624803 0.000000 
0.850336 0.000000 
-0.100729 0.000000 
0.165411 0.000000 
-0.345435 0.000000 
-0.582024 0.000000 
0.279928 -0.000000 
-0.039904 0.000000 
0.262577 -0.000000 
-0.153002 0.000000 
0.392562 0.000000 
-0.145342 -0.000000 
-0.162590 0.000000 
0.276057 -0.000000 
-0.173461 -0.000000 
-0.413040 0.000000 
0.458018 0.000000 
-0.141673 -0.000000 
0.244686 0.000000 
0.358748 0.000000 
-0.312851 0.000000 
0.006600 0.000000 
-0.339623 -0.000000 
0.350113 -0.000000 
-1.017180 0.000000 
0.143954 0.000000 
-0.678319 0.000000 
-0.871295 0.000000 
0.848814 0.000000 
-0.433973 0.000000 
0.600674 -0.000000 
-0.195419 0.000000 
-0.217461 0.000000 
-0.205027 -0.000000 
-0.089630 0.000000 
-0.201095 0.000000 
-0.109709 0.000000 
-0.259310 0.000000 
0.017727 -0.000000 
-0.123352 0.000000 
-0.545536 -0.000000 
-0.597518 0.000000 
0.343108 0.000000 
0.882083 0.000000 
0.387863 0.000000 
0.110467 -0.000000 
0.060059 0.000000 
-1.320291 -0.000000 
0.612153 -0.000000 
-0.195147 -0.000000 
-0.224372 0.000000 
0.163422 0.000000 
-0.478249 0.000000 
-0.591200 0.000000 
-0.658087 -0.000000 
-0.118447 0.000000 
-0.280624 -0.000000 
0.115616 -0.000000 
0.474068 0.000000 
0.556570 0.000000 
0.010150 -0.000000 
-1.443868 -0.000000 
-1.014321 0.000000 
-0.493362 0.000000 
0.236681 0.000000 
0.099288 -0.000000 
-0.333211 -0.000000 
1.243357 0.000000 
0.226172 -0.000000 
-0.101791 0.000000 
-0.345051 0.000000 
-0.810498 -0.000000 
0.119732 0.000000 
0.533359 0.000000 
-0.951565 -0.000000 
0.289589 0.000000 
-0.304751 0.000000 
-0.135655 0.000000 
0.325850 -0.000000 
0.211685 -0.000000 
0.223522 -0.000000 
-0.401322 0.000000 
-0.240004 0.000000 
0.235908 0.000000 
-0.427000 0.000000 
0.472093 0.000000 
-0.486111 0.000000 
-0.089936 0.000000 
0.232404 -0.000000 
0.001569 -0.000000 
-0.020824 -0.000000 
0.341041 -0.000000 
0.587536 -0.000000 
0.323102 -0.000000 
0.657054 0.000000 
0.346545 0.000000 
-1.066361 0.000000 
-0.994452 -0.000000 
0.226567 0.000000 
-0.181290 -0.000000 
0.081068 0.000000 
-0.264383 0.000000 
1.144707 0.000000 
0.067948 -0.000000 
0.140157 -0.000000 
-0.341009 -0.000000 
0.737140 0.000000 
-0.258992 -0.000000 
0.235970 -0.000000 
0.391296 0.000000 
-0.705956 -0.000000 
-0.226762 0.000000 
0.026832 0.000000 
-0.394349 0.000000 
-0.065989 0.000000 
0.056889 -0.000000 
0.975088 0.000000 
0.988783 -0.000000 
0.019301 -0.000000 
-0.533283 -0.000000 
-0.387048 -0.000000 
-0.046694 -0.000000 
-1.085069 -0.000000 
0.354724 -0.000000 
-1.202153 0.000000 
0.662756 -0.000000 
-0.066882 -0.000000 
-0.290498 0.000000 
1.239739 0.000000 
-0.592467 -0.000000 
0.078066 -0.000000 
-0.085381 0.000000 
0.363211 -0.000000 
-0.099139 0.000000 
-0.400595 0.000000 
0.740740 0.000000 
0.210690 0.000000 
-0.018078 0.000000 
0.085401 -0.000000 
0.655757 0.000000 
1.236806 0.000000 
-0.707079 -0.000000 
0.075548 0.000000 
-0.726258 0.000000 
-0.499093 0.000000 
-0.373806 0.000000 
-0.527907 0.000000 
0.332168 -0.000000 
-0.570775 0.000000 
-0.569783 -0.000000 
-0.595842 0.000000 
0.300141 0.000000 
-0.319461 0.000000 
0.203352 0.000000 
0.777090 -0.000000 
0.062476 0.000000 
0.106209 0.000000 
-0.646183 0.000000 
0.173980 -0.000000 
1.351385 -0.000000 
0.283522 0.000000 
0.372336 0.000000 
-0.109856 0.000000 
0.506113 -0.000000 
-0.369574 0.000000 
-0.414556 0.000000 
-0.136153 -0.000000 
0.183457 0.000000 
-0.452994 0.000000 
-0.105040 0.000000 
0.057644 0.000000 
-0.527881 0.000000 
1.027717 0.000000 
0.515693 0.000000 
0.282572 0.000000 
0.657118 0.000000 
0.015119 -0.000000 
-0.573388 0.000000 
-0.374738 -0.000000 
-0.157028 0.000000 
0.855334 0.000000 
0.185665 0.000000 
0.613540 0.000000 
0.049808 0.000000 
0.104818 0.000000 
-1.234205 0.000000 
-0.061542 0.000000 
0.201740 0.000000 
-0.212472 -0.000000 
-0.639222 0.000000 
0.742430 0.000000 
0.664808 -0.000000 
-0.688447 0.000000 
-0.193277 0.000000 
0.205815 0.000000 
0.045578 0.000000 
-0.501948 -0.000000 
0.979766 0.000000 
-0.589831 0.000000 
-0.405100 -0.000000 
0.445967 -0.000000 
0.899504 0.000000 
-0.012244 0.000000 
-0.724422 0.000000 
0.086328 -0.000000 
0.722820 0.000000 
0.375704 -0.000000 
-0.262324 0.000000 
0.642605 0.000000 
0.415753 0.000000 
-1.196013 -0.000000 
1.055983 0.000000 
-0.284072 -0.000000 
0.259446 0.000000 
0.202757 -0.000000 
0.553448 0.000000 
0.333558 0.000000 
-0.062196 -0.000000 
-0.615055 -0.000000 
0.247898 -0.000000 
-0.962505 0.000000 
0.017564 0.000000 
0.680750 0.000000 
-0.430436 0.000000 
-0.055373 0.000000 
-0.382327 0.000000 
0.402714 -0.000000 
-0.168493 0.000000 
-0.625145 0.000000 
0.499566 -0.000000 
-1.119574 -0.000000 
0.223643 0.000000 
0.185248 0.000000 
-0.277644 0.000000 
-0.631451 0.000000 
0.114821 0.000000 
0.156031 0.000000 
-0.180451 0.000000 
-0.647382 0.000000 
-0.144843 -0.000000 
-0.091147 -0.000000 
-1.225931 -0.000000 
-0.009451 0.000000 
0.465397 0.000000 
-0.413881 -0.000000 
-0.175775 -0.000000 
-0.375569 0.000000 
0.570841 -0.000000 
0.107910 0.000000 
-0.430695 -0.000000 
0.156142 0.000000 
-0.224564 -0.000000 
0.967219 0.000000 
-0.509829 -0.000000 
-0.349749 -0.000000 
0.362059 -0.000000 
0.832699 0.000000 
-0.823495 0.000000 
0.230735 -0.000000 
0.421502 0.000000 
-0.644494 -0.000000 
-0.141162 0.000000 
-0.225239 0.000000 
-0.026560 0.000000 
-0.297486 0.000000 
0.435359 0.000000 
0.229631 0.000000 
-0.386749 0.000000 
0.348830 -0.000000 
-0.196930 0.000000 
-1.243586 -0.000000 
0.134711 -0.000000 
1.022589 -0.000000 
0.930440 0.000000 
-0.206664 0.000000 
0.019050 -0.000000 
-0.158640 0.000000 
-0.259249 0.000000 
0.265532 -0.000000 
0.395351 0.000000 
0.000515 -0.000000 
-0.239817 0.000000 
-0.137256 0.000000 
-0.104797 0.000000 
0.633537 0.000000 
-0.239195 0.000000 
0.212948 0.000000 
-0.095586 0.000000 
0.280353 -0.000000 
0.268823 -0.000000 
-0.290992 0.000000 
-0.180095 0.000000 
0.010127 0.000000 
0.122090 0.000000 
0.230425 0.000000 
-0.220176 0.000000 
0.355464 -0.000000 
0.213604 0.000000 
0.179642 0.000000 
0.121015 0.000000 
0.208209 0.000000 
0.172399 0.000000 
-0.644492 0.000000 
0.031292 0.000000 
0.209136 -0.000000 
-0.093563 0.000000 
-0.334484 0.000000 
-0.693667 0.000000 
-0.036784 -0.000000 
-0.361498 0.000000 
1.246440 0.000000 
0.839263 -0.000000 
-1.540120 -0.000000 
-0.089928 0.000000 
-0.227284 0.000000 
0.292371 0.000000 
0.542035 0.000000 
0.112431 -0.000000 
0.128463 0.000000 
0.255895 0.000000 
-0.059817 -0.000000 
-0.647046 0.000000 
-0.447326 0.000000 
0.611859 0.000000 
0.549187 0.000000 
-0.071478 -0.000000 
-0.435662 0.000000 
-0.452402 0.000000 
0.544823 -0.000000 
-0.478779 0.000000 
-0.820445 -0.000000 
-0.558891 0.000000 
-0.774637 -0.000000 
0.596288 0.000000 
-0.210132 -0.000000 
-0.103497 -0.000000 
-0.617478 0.000000 
0.597076 0.000000 
0.401022 -0.000000 
0.242494 -0.000000 
-0.349959 -0.000000 
0.118666 0.000000 
0.358075 0.000000 
0.458571 -0.000000 
0.072471 0.000000 
0.102433 0.000000 
0.273722 0.000000 
-0.246292 0.000000 
-0.231174 -0.000000 
-0.699314 -0.000000 
-0.280363 0.000000 
0.169587 -0.000000 
-0.143418 -0.000000 
-0.226135 0.000000 
0.414015 0.000000 
-1.055037 -0.000000 
0.235347 -0.000000 
0.239012 0.000000 
0.408615 0.000000 
-0.491542 0.000000 
-1.201482 -0.000000 
-0.401789 0.000000 
-0.827117 0.000000 
-0.269512 0.000000 
-0.321158 -0.000000 
-0.482146 -0.000000 
0.182266 -0.000000 
0.457238 -0.000000 
-0.766389 0.000000 
-0.328862 0.000000 
0.003737 0.000000 
0.472763 0.000000 
0.530951 0.000000 
0.054801 0.000000 
0.701917 0.000000 
0.343453 0.000000 
-0.050265 0.000000 
-0.453228 -0.000000 
-0.070248 0.000000 
0.376339 0.000000 
-0.432388 0.000000 
0.616284 0.000000 
-0.040240 -0.000000 
-0.481862 0.000000 
0.218944 0.000000 
-0.345315 0.000000 
-0.040802 0.000000 
0.208979 -0.000000 
-0.749804 0.000000 
-0.184105 0.000000 
-0.461469 0.000000 
-0.136655 0.000000 
-0.259459 0.000000 
-0.640723 0.000000 
0.218440 0.000000 
-0.732657 -0.000000 
-0.464019 0.000000 
0.406742 -0.000000 
0.053804 -0.000000 
0.283780 0.000000 
-0.357041 0.000000 
-0.321077 -0.000000 
-0.065004 0.000000 
-0.222244 0.000000 
0.389759 0.000000 
0.038026 0.000000 
0.455378 0.000000 
1.439908 0.000000 
0.115408 -0.000000 
-0.459430 -0.000000 
0.013275 -0.000000 
0.781153 0.000000 
0.108078 0.000000 
-0.272177 0.000000 
0.056739 0.000000 
-1.234061 0.000000 
0.167961 -0.000000 
1.265107 0.000000 
0.249464 0.000000 
-0.937187 0.000000 
-0.654364 -0.000000 
-0.345395 0.000000 
0.419460 0.000000 
0.125120 0.000000 
-0.179379 0.000000 
-0.230817 0.000000 
0.432878 0.000000 
0.557847 0.000000 
-0.438857 -0.000000 
-0.584573 0.000000 
-0.310134 0.000000 
-0.535735 -0.000000 
0.442835 -0.000000 
0.446000 0.000000 
-0.035619 -0.000000 
0.032270 -0.000000 
-0.550645 0.000000 
-0.125920 0.000000 
0.209842 0.000000 
-0.118196 0.000000 
-0.452729 0.000000 
0.724300 0.000000 
1.082263 0.000000 
-0.525467 0.000000 
-0.457345 0.000000 
0.409390 0.000000 
0.585002 0.000000 
0.172085 0.000000 
0.175994 0.000000 
0.672336 -0.000000 
-0.450538 -0.000000 
0.451819 0.000000 
0.667262 -0.000000 
0.632629 -0.000000 
-0.485755 0.000000 
-0.095570 0.000000 
-0.318921 0.000000 
0.585788 0.000000 
-0.012935 0.000000 
-0.445689 0.000000 
-0.145194 0.000000 
0.123514 0.000000 
0.100390 -0.000000 
0.623113 0.000000 
0.009041 0.000000 
0.099029 0.000000 
-0.492097 0.000000 
-0.649019 -0.000000 
0.333028 0.000000 
0.177460 0.000000 
0.994744 0.000000 
0.635417 -0.000000 
-0.063281 0.000000 
0.415428 0.000000 
-0.355226 0.000000 
-0.468731 0.000000 
0.654968 0.000000 
-0.250795 0.000000 
-0.121318 -0.000000 
0.167633 0.000000 
-0.146503 -0.000000 
-0.530157 0.000000 
-0.033672 -0.000000 
-0.059558 0.000000 
-0.821040 0.000000 
-0.435457 -0.000000 
0.524306 -0.000000 
-0.633967 -0.000000 
-0.235572 0.000000 
-0.698146 0.000000 
1.109200 -0.000000 
-0.430623 0.000000 
0.514919 0.000000 
0.094315 -0.000000 
-0.557462 0.000000 
0.272700 -0.000000 
-0.031017 -0.000000 
-0.418035 -0.000000 
0.537901 0.000000 
0.195412 -0.000000 
-0.327763 0.000000 
-0.236565 0.000000 
-0.227851 0.000000 
-0.575122 0.000000 
0.555645 0.000000 
-0.474957 0.000000 
-0.488125 -0.000000 
-0.250242 0.000000 
0.865597 0.000000 
1.157045 0.000000 
-0.592933 -0.000000 
0.100558 0.000000 
1.024199 0.000000 
-0.049466 0.000000 
0.539614 -0.000000 
0.156788 -0.000000 
0.241375 0.000000 
0.089190 -0.000000 
-0.174762 0.000000 
0.492252 0.000000 
0.553313 0.000000 
0.015457 0.000000 
0.532373 -0.000000 
0.374974 0.000000 
0.383128 -0.000000 
-0.354376 -0.000000 
-0.272301 0.000000 
-0.325624 -0.000000 
-0.073237 0.000000 
0.494459 0.000000 
0.229407 -0.000000 
-1.012737 0.000000 
0.373038 -0.000000 
-0.310053 0.000000 
0.041797 0.000000 
-0.102494 -0.000000 
0.469373 0.000000 
0.295569 -0.000000 
-0.062242 -0.000000 
-0.214819 0.000000 
-0.694194 -0.000000 
0.282326 0.000000 
-0.055674 0.000000 
-0.344594 0.000000 
0.557515 0.000000 
-0.273803 0.000000 
0.583880 -0.000000 
-0.960162 0.000000 
-0.032549 0.000000 
0.002075 0.000000 
-0.106020 0.000000 
-0.526783 0.000000 
-0.292984 0.000000 
-0.617756 0.000000 
0.298876 -0.000000 
0.550766 -0.000000 
0.772773 -0.000000 
0.384205 0.000000 
-0.297104 -0.000000 
-0.064511 0.000000 
0.181081 0.000000 
-0.242617 -0.000000 
0.931758 0.000000 
0.153119 -0.000000 
-0.381935 0.000000 
1.531909 0.000000 
0.597481 -0.000000 
0.439119 0.000000 
0.574889 0.000000 
0.145598 0.000000 
0.453980 -0.000000 
-0.930804 -0.000000 
0.691876 0.000000 
-0.512867 0.000000 
-0.261543 0.000000 
0.241546 0.000000 
0.960516 0.000000 
0.354537 -0.000000 
0.226478 0.000000 
-0.007959 -0.000000 
-0.569172 -0.000000 
-0.417180 -0.000000 
-0.330123 -0.000000 
0.385823 0.000000 
0.073079 -0.000000 
0.484729 0.000000 
-0.003442 0.000000 
-0.054030 0.000000 
-0.660165 -0.000000 
-0.401971 0.000000 
0.129047 0.000000 
-0.567566 0.000000 
0.592153 0.000000 
0.293922 0.000000 
0.123598 0.000000 
-0.168650 -0.000000 
0.164785 -0.000000 
0.411587 0.000000 
0.193497 0.000000 
-0.841300 0.000000 
0.043027 -0.000000 
0.272418 -0.000000 
0.647099 -0.000000 
0.928292 0.000000 
-0.158600 0.000000 
0.987715 -0.000000 
-0.285333 0.000000 
-0.564488 -0.000000 
0.043663 -0.000000 
-0.422899 0.000000 
-0.345958 0.000000 
-0.139324 0.000000 
-0.874106 0.000000 
0.267045 0.000000 
-0.251586 0.000000 
0.358229 0.000000 
-0.085390 0.000000 
-0.058157 0.000000 
-0.047437 0.000000 
0.029090 -0.000000 
0.045203 0.000000 
0.587103 0.000000 
0.467312 0.000000 
0.080460 -0.000000 
-0.301234 -0.000000 
0.639927 0.000000 
-0.019078 0.000000 
0.297736 0.000000 
0.293669 0.000000 
-0.646591 0.000000 
-0.573169 -0.000000 
-0.306412 -0.000000 
0.669059 -0.000000 
-0.214973 0.000000 
0.298281 0.000000 
0.585776 0.000000 
-0.391553 0.000000 
-0.069663 0.000000 
0.346279 -0.000000 
0.022531 -0.000000 
0.650467 -0.000000 
-0.244058 0.000000 
1.128130 0.000000 
-0.239225 -0.000000 
-0.372252 0.000000 
1.446141 -0.000000 
0.020752 -0.000000 
-0.279168 -0.000000 
0.148085 -0.000000 
-0.768146 0.000000 
-0.502759 -0.000000 
-0.160750 0.000000 
-0.285138 -0.000000 
0.193172 0.000000 
0.040028 0.000000 
-0.086273 0.000000 
0.711661 0.000000 
0.479510 0.000000 
-0.089223 0.000000 
0.104610 0.000000 
0.165457 -0.000000 
-0.864109 -0.000000 
-0.267526 0.000000 
0.207977 -0.000000 
0.430393 0.000000 
0.530182 -0.000000 
0.131011 0.000000 
0.110180 0.000000 
0.006128 0.000000 
0.402996 -0.000000 
-0.010717 -0.000000 
1.009708 0.000000 
-0.503466 -0.000000 
0.624236 0.000000 
-0.825644 0.000000 
-0.497179 0.000000 
-0.447749 0.000000 
1.081508 0.000000 
0.914115 0.000000 
0.431355 -0.000000 
-0.215360 0.000000 
0.385691 0.000000 
-1.081519 0.000000 
0.482676 0.000000 
-0.683006 -0.000000 
-0.323633 -0.000000 
-0.135463 0.000000 
0.545177 0.000000 
0.667553 0.000000 
0.180926 -0.000000 
-0.390917 -0.000000 
-0.371569 -0.000000 
-0.137005 -0.000000 
0.967785 0.000000 
-0.044221 0.000000 
0.346404 -0.000000 
-0.074154 0.000000 
0.258550 0.000000 
0.663470 0.000000 
0.673604 0.000000 
0.164954 0.000000 
-0.456161 0.000000 
0.211905 0.000000 
0.631757 0.000000 
0.423372 -0.000000 
2.049935 0.000000 
-0.611692 -0.000000 
0.529852 0.000000 
-0.301412 -0.000000 
0.525779 0.000000 
0.239042 0.000000 
0.136231 0.000000 
-0.086557 0.000000 
-0.474269 0.000000 
0.525048 0.000000 
-0.559966 0.000000 
0.091083 0.000000 
0.339787 -0.000000 
0.964451 0.000000 
0.310415 -0.000000 
0.174363 0.000000 
-0.422476 0.000000 
0.345967 -0.000000 
0.686152 0.000000 
-0.195496 0.000000 
0.120465 -0.000000 
-0.474299 0.000000 
-0.564676 0.000000 
-0.497634 0.000000 
-0.555012 0.000000 
1.226160 -0.000000 
0.868577 0.000000 
0.046473 -0.000000 
-0.535931 0.000000 
0.155543 0.000000 
-0.148435 0.000000 
0.600913 0.000000 
-0.406843 0.000000 
0.320492 -0.000000 
-0.008160 -0.000000 
0.065630 0.000000 
0.063166 0.000000 
0.592349 0.000000 
0.102650 0.000000 
-0.071399 0.000000 
0.185627 -0.000000 
-0.275553 0.000000 
0.004642 0.000000 
0.019144 -0.000000 
-0.570400 -0.000000 
-0.255360 0.000000 
0.155756 -0.000000 
-0.541507 0.000000 
-0.887497 0.000000 
-1.610896 -0.000000 
0.134077 0.000000 
-1.370368 0.000000 
0.470952 0.000000 
0.354319 0.000000 
-0.471694 -0.000000 
-0.070278 -0.000000 
-0.144366 0.000000 
0.076107 0.000000 
-0.349224 0.000000 
0.796870 0.000000 
-0.229434 0.000000 
0.206801 0.000000 
0.048368 -0.000000 
-0.520069 0.000000 
0.536925 0.000000 
-0.162145 0.000000 
-0.391389 0.000000 
-0.701949 -0.000000 
0.652023 0.000000 
0.526209 -0.000000 
-0.245178 0.000000 
-1.038164 -0.000000 
-0.952566 0.000000 
0.828773 -0.000000 
-0.372237 -0.000000 
0.123735 0.000000 
-0.210291 -0.000000 
0.695930 0.000000 
0.461725 0.000000 
-0.356389 0.000000 
0.750561 0.000000 
-1.394863 0.000000 
-0.148541 0.000000 
0.130682 -0.000000 
0.399072 -0.000000 
0.433042 0.000000 
-0.765277 0.000000 
-0.086628 -0.000000 
-0.003943 0.000000 
0.567229 0.000000 
0.227534 0.000000 
0.787701 -0.000000 
0.154657 -0.000000 
0.235813 -0.000000 
0.150088 0.000000 
0.569026 -0.000000 
0.284516 0.000000 
-0.787640 -0.000000 
-0.075600 -0.000000 
0.500607 0.000000 
-0.057155 -0.000000 
-0.384289 0.000000 
-0.453053 0.000000 
1.331025 0.000000 
0.101165 0.000000 
0.478846 0.000000 
0.239744 -0.000000 
-0.484244 0.000000 
0.001370 0.000000 
0.986942 0.000000 
-0.859196 0.000000 
0.460493 0.000000 
-0.375495 0.000000 
-0.366411 0.000000 
0.139612 0.000000 
0.090884 -0.000000 
-0.521971 0.000000 
0.739792 0.000000 
-0.109085 -0.000000 
0.601701 0.000000 
0.026179 0.000000 
0.052810 0.000000 
-0.502770 0.000000 
0.793593 0.000000 
0.522680 0.000000 
-0.494446 0.000000 
0.730421 0.000000 
0.215138 0.000000 
-0.086352 0.000000 
0.230847 0.000000 
0.985695 0.000000 
-0.075498 -0.000000 
0.248735 0.000000 
0.322922 0.000000 
-0.239249 0.000000 
0.035588 0.000000 
-0.558255 0.000000 
0.262024 0.000000 
-0.531543 0.000000 
-0.653747 -0.000000 
-0.555205 0.000000 
0.719741 0.000000 
-0.375308 0.000000 
0.139327 0.000000 
-0.289749 -0.000000 
0.729018 -0.000000 
-0.581950 0.000000 
-0.389047 0.000000 
0.540232 0.000000 
-0.722141 -0.000000 
-0.055226 0.000000 
-0.129603 0.000000 
0.481998 0.000000 
0.099205 -0.000000 
0.543083 -0.000000 
-1.015944 0.000000 
-0.737183 0.000000 
0.293920 0.000000 
-0.136023 0.000000 
-0.393926 -0.000000 
0.765211 0.000000 
-1.120028 0.000000 
0.293093 0.000000 
-0.010857 -0.000000 
-0.513650 0.000000 
0.460455 0.000000 
0.336322 0.000000 
-0.866606 0.000000 
-0.017470 -0.000000 
-0.486194 0.000000 
-0.340542 0.000000 
-0.308158 0.000000 
0.546518 -0.000000 
-0.182507 0.000000 
0.637848 0.000000 
-0.015408 0.000000 
0.824898 0.000000 
0.408187 0.000000 
-0.028214 -0.000000 
-0.363892 -0.000000 
-0.282026 -0.000000 
-0.341130 0.000000 
0.321400 0.000000 
0.066174 0.000000 
-0.051567 0.000000 
-0.582672 0.000000 
0.302490 0.000000 
0.954910 0.000000 
0.624450 -0.000000 
-0.296819 0.000000 
0.593491 0.000000 
-0.386849 0.000000 
-0.691275 -0.000000 
-0.074433 0.000000 
-1.241501 0.000000 
-0.519669 0.000000 
1.362925 0.000000 
-1.523601 0.000000 
0.320696 -0.000000 
0.437593 -0.000000 
0.170038 0.000000 
0.162060 -0.000000 
0.557284 -0.000000 
-0.408126 0.000000 
1.119728 -0.000000 
-0.540129 -0.000000 
0.236883 -0.000000 
-0.278181 -0.000000 
0.011855 0.000000 
-0.340024 0.000000 
-0.040346 -0.000000 
0.895461 0.000000 
0.208974 0.000000 
0.732103 0.000000 
0.548341 0.000000 
-0.490758 0.000000 
-0.058619 0.000000 
-0.241305 0.000000 
0.450251 -0.000000 
-0.773129 0.000000 
-0.437808 -0.000000 
0.181792 -0.000000 
0.199078 -0.000000 
-0.581517 -0.000000 
0.944411 0.000000 
0.807616 0.000000 
0.011498 0.000000 
-0.846867 -0.000000 
-0.160162 0.000000 
-0.719321 0.000000 
-0.327381 0.000000 
0.146838 0.000000 
0.084603 0.000000 
-0.060493 -0.000000 
-0.704581 0.000000 
0.366543 -0.000000 
-0.389737 -0.000000 
-0.738090 0.000000 
-0.516345 0.000000 
-0.529317 0.000000 
0.006748 0.000000 
-0.027792 0.000000 
-0.794158 0.000000 
0.496784 0.000000 
0.489391 0.000000 
0.079407 0.000000 
0.668244 0.000000 
-0.774361 0.000000 
-0.219738 0.000000 
-0.033257 0.000000 
0.510710 0.000000 
0.000086 0.000000 
0.117598 -0.000000 
0.395985 -0.000000 
0.360206 -0.000000 
-0.204235 -0.000000 
0.087215 -0.000000 
1.012913 0.000000 
-0.256156 0.000000 
0.513696 0.000000 
0.163702 0.000000 
-0.248841 0.000000 
0.776865 0.000000 
0.432572 0.000000 
0.060536 0.000000 
0.907404 0.000000 
0.530367 0.000000 
-0.630927 0.000000 
-0.472479 0.000000 
0.949596 -0.000000 
0.144103 0.000000 
-0.112312 0.000000 
-0.125809 -0.000000 
-0.437916 0.000000 
-0.499851 -0.000000 
-0.000482 0.000000 
-0.543905 -0.000000 
-0.103835 0.000000 
0.572329 0.000000 
-0.695168 0.000000 
1.185421 -0.000000 
-0.110907 0.000000 
0.267507 -0.000000 
-0.061524 0.000000 
-0.310436 0.000000 
-0.284240 0.000000 
-0.014122 0.000000 
0.128331 -0.000000 
-0.510737 0.000000 
0.326244 0.000000 
-0.278287 0.000000 
0.742432 0.000000 
-0.425000 0.000000 
-0.203896 0.000000 
0.447342 0.000000 
-0.045274 -0.000000 
-0.181117 0.000000 
0.160803 -0.000000 
0.837212 0.000000 
0.689587 0.000000 
0.307656 0.000000 
0.289851 0.000000 
-0.099719 0.000000 
0.530845 0.000000 
0.955584 0.000000 
-0.816289 0.000000 
-0.528343 0.000000 
0.391485 0.000000 
0.440862 0.000000 
0.015291 0.000000 
-0.378955 0.000000 
-0.232550 0.000000 
0.443967 -0.000000 
0.153758 -0.000000 
-0.324047 0.000000 
-0.123461 0.000000 
-0.088366 0.000000 
-0.004468 0.000000 
-1.213665 -0.000000 
0.287551 0.000000 
0.671011 0.000000 
0.088939 0.000000 
-0.121915 -0.000000 
0.047329 0.000000 
-0.703192 0.000000 
-0.358685 -0.000000 
-0.410531 0.000000 
0.027960 0.000000 
0.208795 0.000000 
-0.607385 0.000000 
-0.028281 0.000000 
-0.000122 0.000000 
0.205632 0.000000 
0.897336 0.000000 
-0.499015 0.000000 
-0.224115 0.000000 
0.203563 0.000000 
-0.726345 0.000000 
-0.263433 0.000000 
-0.128120 0.000000 
-0.371767 -0.000000 
-0.035862 -0.000000 
-0.863070 0.000000 
0.312418 0.000000 
0.274851 0.000000 
-0.729271 -0.000000 
0.857492 0.000000 
0.571443 -0.000000 
-0.176379 0.000000 
0.899955 -0.000000 
-1.187392 -0.000000 
0.093719 -0.000000 
-0.070686 -0.000000 
0.656278 0.000000 
1.229281 0.000000 
0.249395 -0.000000 
-0.438034 0.000000 
-0.071070 -0.000000 
0.388272 0.000000 
-0.793695 -0.000000 
-0.041731 -0.000000 
1.539618 -0.000000 
1.134820 0.000000 
0.362290 0.000000 
-0.196460 -0.000000 
0.533225 0.000000 
0.094740 0.000000 
0.393660 0.000000 
0.269686 -0.000000 
0.179156 -0.000000 
0.964175 0.000000 
0.081038 0.000000 
0.418055 0.000000 
0.282641 0.000000 
0.450521 -0.000000 
0.173787 0.000000 
-0.526144 0.000000 
0.019097 0.000000 
0.097173 0.000000 
0.005178 0.000000 
0.259030 -0.000000 
0.577502 0.000000 
-0.013988 0.000000 
-0.506383 -0.000000 
0.611934 -0.000000 
1.660955 -0.000000 
-0.215746 -0.000000 
0.079302 -0.000000 
-0.397562 0.000000 
-0.095657 0.000000 
-0.145390 -0.000000 
0.029640 0.000000 
-0.312877 0.000000 
-0.920695 -0.000000 
-0.190274 -0.000000 
0.220475 0.000000 
-0.559183 0.000000 
-0.909480 0.000000 
-0.529935 -0.000000 
-1.074567 -0.000000 
0.349073 0.000000 
-0.091420 -0.000000 
0.583924 0.000000 
1.289160 0.000000 
-0.941936 0.000000 
-0.495453 -0.000000 
-0.555870 0.000000 
0.181770 -0.000000 
1.087247 0.000000 
0.251271 0.000000 
-0.401408 -0.000000 
-0.253025 -0.000000 
-1.078208 0.000000 
0.662456 0.000000 
0.164993 0.000000 
-0.346761 0.000000 
-0.481929 0.000000 
-0.255148 0.000000 
0.129687 0.000000 
0.713214 0.000000 
-0.096386 -0.000000 
0.047013 -0.000000 
0.661819 -0.000000 
-0.155298 0.000000 
-0.599987 0.000000 
-0.047678 0.000000 
-0.005451 -0.000000 
0.633191 0.000000 
1.604743 -0.000000 
0.308056 0.000000 
-0.292277 0.000000 
0.220940 0.000000 
0.362655 0.000000 
-0.355934 -0.000000 
-0.525803 0.000000 
0.496620 0.000000 
0.035683 0.000000 
0.307382 -0.000000 
1.239055 0.000000 
0.075898 -0.000000 
-0.170647 0.000000 
-0.258541 0.000000 
-0.260460 0.000000 
-0.149296 0.000000 
-0.518326 0.000000 
0.287251 -0.000000 
-0.292877 0.000000 
0.330165 0.000000 
0.212775 0.000000 
0.144776 0.000000 
-0.686424 0.000000 
-0.609664 0.000000 
0.412122 0.000000 
-0.111592 -0.000000 
0.764392 0.000000 
-0.236887 -0.000000 
0.333336 -0.000000 
0.011275 0.000000 
-0.361423 0.000000 
-0.199539 0.000000 
0.422613 -0.000000 
0.129910 -0.000000 
-0.241643 0.000000 
0.752015 -0.000000 
0.619261 -0.000000 
0.943392 0.000000 
0.426715 -0.000000 
0.768851 0.000000 
1.056486 0.000000 
-0.314345 0.000000 
-0.041493 0.000000 
0.193654 -0.000000 
0.629137 0.000000 
-0.171672 0.000000 
0.200587 0.000000 
-0.653430 0.000000 
0.302611 0.000000 
1.830665 0.000000 
0.838792 -0.000000 
1.074584 -0.000000 
0.807497 0.000000 
0.467971 0.000000 
0.687123 0.000000 
0.597542 -0.000000 
-0.634117 0.000000 
0.130928 -0.000000 
0.279004 0.000000 
-0.753665 0.000000 
-0.438417 -0.000000 
0.108977 0.000000 
-0.542241 -0.000000 
-0.257031 0.000000 
-1.487731 0.000000 
0.100611 0.000000 
-0.000928 0.000000 
-1.146143 0.000000 
0.664992 0.000000 
0.221506 0.000000 
0.242662 -0.000000 
-1.009014 0.000000 
0.428820 0.000000 
0.131386 0.000000 
0.170443 0.000000 
0.396123 -0.000000 
-0.458665 0.000000 
0.541440 -0.000000 
-0.239582 0.000000 
0.117628 0.000000 
-1.247482 0.000000 
-0.065150 0.000000 
0.343806 -0.000000 
-0.209986 -0.000000 
-1.058353 0.000000 
0.280712 -0.000000 
-0.378648 0.000000 
-0.843983 0.000000 
-0.394398 -0.000000 
-0.468829 0.000000 
0.233729 0.000000 
0.416717 0.000000 
0.153983 0.000000 
-0.344829 0.000000 
-0.293704 0.000000 
0.072754 0.000000 
-0.684397 -0.000000 
-0.447461 0.000000 
0.260359 0.000000 
-0.301664 0.000000 
0.877970 0.000000 
0.553051 0.000000 
0.947935 0.000000 
0.691468 -0.000000 
0.001153 -0.000000 
1.049538 0.000000 
0.257068 0.000000 
-0.247528 -0.000000 
0.047736 -0.000000 
0.009954 0.000000 
0.008639 0.000000 
0.192789 0.000000 
0.998684 -0.000000 
0.069999 0.000000 
-0.670657 0.000000 
0.868493 0.000000 
-0.920660 0.000000 
-0.204901 0.000000 
0.077837 0.000000 
0.280949 -0.000000 
0.336479 0.000000 
0.265795 0.000000 
1.263088 -0.000000 
0.308637 0.000000 
-0.858125 0.000000 
-0.415762 -0.000000 
0.220965 -0.000000 
0.225979 -0.000000 
1.146471 0.000000 
0.560110 -0.000000 
0.322432 -0.000000 
-0.152046 0.000000 
0.279764 -0.000000 
0.166470 0.000000 
0.012170 0.000000 
0.644413 0.000000 
0.029508 0.000000 
0.327878 0.000000 
0.581543 0.000000 
-0.064531 0.000000 
0.166698 -0.000000 
0.040833 -0.000000 
0.363956 0.000000 
-0.263840 -0.000000 
0.657239 0.000000 
0.458314 0.000000 
-0.561789 0.000000 
0.040988 0.000000 
0.144805 0.000000 
-0.398242 0.000000 
0.564650 -0.000000 
-0.541958 0.000000 
-0.408388 -0.000000 
-0.386453 -0.000000 
-0.714227 0.000000 
-0.006741 0.000000 
-0.428656 0.000000 
-0.012431 0.000000 
0.748260 0.000000 
-0.921975 0.000000 
-0.453522 0.000000 
1.082750 0.000000 
1.096922 0.000000 
0.183117 -0.000000 
0.894460 0.000000 
1.210561 0.000000 
-0.187120 0.000000 
0.917075 -0.000000 
-0.435741 -0.000000 
-0.926191 0.000000 
-0.041268 -0.000000 
-0.068270 -0.000000 
0.106936 0.000000 
0.546239 0.000000 
0.662645 -0.000000 
-0.411867 0.000000 
-0.454695 0.000000 
-0.436370 -0.000000 
-0.454039 -0.000000 
0.190095 0.000000 
-0.024614 -0.000000 
-0.437608 0.000000 
-0.040940 0.000000 
0.870510 -0.000000 
-0.215344 0.000000 
-0.118177 -0.000000 
1.165699 -0.000000 
-0.976518 0.000000 
-0.075845 0.000000 
-0.279423 0.000000 
-0.436601 -0.000000 
0.631192 0.000000 
0.406649 0.000000 
0.255804 0.000000 
0.058706 0.000000 
1.036892 0.000000 
-0.210227 0.000000 
0.387725 0.000000 
-0.091556 -0.000000 
-0.091629 0.000000 
-0.235715 0.000000 
-0.249955 0.000000 
-0.001624 -0.000000 
0.451765 -0.000000 
0.537733 -0.000000 
-0.069805 0.000000 
-0.064234 0.000000 
-0.031364 -0.000000 
0.805595 0.000000 
0.149300 0.000000 
-0.905251 0.000000 
-0.425162 -0.000000 
-0.332524 0.000000 
0.407416 0.000000 
-0.368577 -0.000000 
0.079462 0.000000 
-0.279504 -0.000000 
-0.224355 0.000000 
-0.467770 -0.000000 
-0.614925 0.000000 
0.650111 0.000000 
-0.247335 0.000000 
-0.492404 0.000000 
0.479601 0.000000 
-0.476323 0.000000 
-0.332034 0.000000 
-0.543631 -0.000000 
-0.607369 -0.000000 
-0.760542 0.000000 
-0.512478 -0.000000 
-0.745242 0.000000 
0.078877 -0.000000 
-0.366458 -0.000000 
0.308719 0.000000 
-0.208841 0.000000 
0.529124 0.000000 
-0.512381 -0.000000 
-0.425362 0.000000 
0.160112 0.000000 
-0.687418 0.000000 
-0.036593 -0.000000 
-0.578705 0.000000 
-0.311077 0.000000 
0.345198 -0.000000 
1.035791 -0.000000 
-0.193590 -0.000000 
-0.674330 0.000000 
0.501245 0.000000 
0.456164 -0.000000 
0.911970 -0.000000 
-0.386057 0.000000 
0.133240 0.000000 
0.457245 0.000000 
0.905129 -0.000000 
0.772907 0.000000 
-0.406747 0.000000 
0.318711 0.000000 
0.404970 0.000000 
0.380978 -0.000000 
0.002005 0.000000 
-0.269479 0.000000 
0.370784 0.000000 
-0.092572 -0.000000 
-0.205790 -0.000000 
0.124932 0.000000 
0.064990 -0.000000 
-0.340641 0.000000 
-0.063275 0.000000 
-0.420802 -0.000000 
-0.533264 0.000000 
0.255545 0.000000 
0.239472 0.000000 
-0.562087 0.000000 
-0.311610 -0.000000 
-0.199701 0.000000 
0.243081 0.000000 
0.029975 -0.000000 
-0.199974 0.000000 
0.556683 -0.000000 
-0.535040 0.000000 
-0.830008 0.000000 
-0.566728 0.000000 
-0.311061 -0.000000 
0.760453 -0.000000 
-0.824335 -0.000000 
-1.155821 -0.000000 
0.197505 -0.000000 
-0.118921 -0.000000 
0.476070 0.000000 
0.146633 -0.000000 
0.204706 0.000000 
-0.097279 0.000000 
-0.623238 0.000000 
0.164513 0.000000 
0.590612 0.000000 
0.326370 -0.000000 
0.846039 0.000000 
0.049785 -0.000000 
-0.153822 0.000000 
-0.150282 0.000000 
-0.426568 0.000000 
-1.323064 -0.000000 
0.298008 0.000000 
0.030366 0.000000 
0.384518 0.000000 
-0.442963 0.000000 
-0.948783 -0.000000 
0.085253 -0.000000 
0.461726 0.000000 
-0.079854 0.000000 
-0.269995 0.000000 
0.403014 -0.000000 
-0.950192 -0.000000 
0.003688 0.000000 
0.135614 0.000000 
-0.799306 -0.000000 
0.183205 0.000000 
1.168386 0.000000 
-0.168249 -0.000000 
0.196674 0.000000 
-0.329234 0.000000 
0.314394 0.000000 
-0.159628 0.000000 
-1.098060 -0.000000 
1.167246 -0.000000 
0.207361 0.000000 
0.051217 -0.000000 
0.740556 0.000000 
-0.029784 0.000000 
0.235292 0.000000 
0.030377 0.000000 
0.309039 -0.000000 
0.340849 0.000000 
-0.131221 0.000000 
0.613600 -0.000000 
-0.760283 0.000000 
-0.114275 0.000000 
-0.469843 -0.000000 
-0.983097 0.000000 
-0.761955 -0.000000 
-0.297259 0.000000 
-0.157211 -0.000000 
-0.058983 0.000000 
0.330575 -0.000000 
-0.247627 0.000000 
0.062926 0.000000 
-0.006452 0.000000 
-0.353234 0.000000 
-0.398118 -0.000000 
-0.308784 -0.000000 
-0.112559 -0.000000 
0.937406 -0.000000 
0.769970 0.000000 
-0.817934 -0.000000 
-0.732318 0.000000 
0.169641 0.000000 
-0.111813 -0.000000 
-0.708385 0.000000 
-0.133635 0.000000 
-0.608505 -0.000000 
-0.356105 0.000000 
0.245763 0.000000 
0.159015 0.000000 
-0.061826 0.000000 
0.351394 0.000000 
0.484008 0.000000 
-0.362805 -0.000000 
0.266198 0.000000 
-1.099955 0.000000 
0.337593 -0.000000 
0.218813 -0.000000 
-0.269018 -0.000000 
0.174024 0.000000 
0.169791 0.000000 
0.366833 0.000000 
0.458544 0.000000 
0.587642 0.000000 
0.073662 0.000000 
-0.281465 0.000000 
0.296741 0.000000 
-0.781312 -0.000000 
0.213683 -0.000000 
0.508737 0.000000 
-0.106577 0.000000 
0.251436 0.000000 
-0.010660 0.000000 
-0.271617 0.000000 
-1.054179 0.000000 
0.147053 0.000000 
0.626062 -0.000000 
-0.009565 0.000000 
-0.855096 -0.000000 
0.629981 0.000000 
0.869228 0.000000 
0.194035 0.000000 
1.204572 -0.000000 
1.360516 -0.000000 
-0.913593 -0.000000 
0.217854 0.000000 
-0.694288 0.000000 
0.428510 -0.000000 
-0.482374 0.000000 
-0.439946 -0.000000 
-0.162010 -0.000000 
0.242375 0.000000 
-0.625023 -0.000000 
0.577116 -0.000000 
-0.027717 0.000000 
-1.015580 -0.000000 
0.558585 0.000000 
-0.792839 -0.000000 
-0.346718 0.000000 
-0.707366 -0.000000 
-0.220747 0.000000 
0.089699 -0.000000 
-0.011316 0.000000 
0.234341 0.000000 
0.560206 0.000000 
-0.218973 -0.000000 
0.419440 0.000000 
0.213610 0.000000 
0.004803 0.000000 
0.745157 0.000000 
-0.246558 0.000000 
0.731693 0.000000 
-0.215607 0.000000 
0.513856 0.000000 
0.564415 -0.000000 
0.122849 0.000000 
0.865033 -0.000000 
-0.731653 0.000000 
-0.318037 0.000000 
-0.143000 0.000000 
-1.279211 0.000000 
0.405858 0.000000 
0.617172 0.000000 
-0.114389 0.000000 
-0.056669 -0.000000 
-0.677410 0.000000 
0.381962 0.000000 
0.263900 -0.000000 
-0.236764 0.000000 
-0.368087 -0.000000 
0.231443 0.000000 
-0.342666 0.000000 
1.021736 -0.000000 
-0.647529 -0.000000 
-0.764439 0.000000 
0.365981 -0.000000 
0.120920 0.000000 
0.452839 -0.000000 
0.770178 0.000000 
0.301129 -0.000000 
-0.004528 0.000000 
-0.290988 0.000000 
0.774693 0.000000 
-0.486518 0.000000 
0.204040 0.000000 
-0.738282 0.000000 
-0.501669 0.000000 
-0.171700 0.000000 
-0.493560 -0.000000 
0.024304 0.000000 
0.082227 0.000000 
0.022913 0.000000 
-0.124466 0.000000 
0.023406 -0.000000 
-0.503399 0.000000 
-0.079990 0.000000 
0.984625 -0.000000 
0.422094 -0.000000 
0.447459 0.000000 
0.083859 0.000000 
0.228841 0.000000 
-0.524556 -0.000000 
-0.034558 -0.000000 
0.029238 0.000000 
0.303589 -0.000000 
0.174675 0.000000 
0.014730 -0.000000 
-0.440165 -0.000000 
-0.355254 0.000000 
-0.016900 -0.000000 
0.210231 0.000000 
-0.604622 0.000000 
-0.204925 0.000000 
0.196496 0.000000 
-0.741312 0.000000 
0.545393 0.000000 
0.570088 -0.000000 
0.293081 -0.000000 
0.304245 0.000000 
0.097758 -0.000000 
-0.664834 0.000000 
-0.395569 -0.000000 
0.030229 -0.000000 
-0.503032 0.000000 
0.398291 0.000000 
0.304576 -0.000000 
-0.274773 -0.000000 
-0.122474 -0.000000 
0.555173 0.000000 
-0.202237 0.000000 
-0.411009 -0.000000 
-0.991385 0.000000 
0.653081 -0.000000 
-0.082079 0.000000 
1.208854 0.000000 
-0.372014 0.000000 
0.530792 -0.000000 
-0.319285 0.000000 
0.162039 0.000000 
0.229175 0.000000 
0.393317 0.000000 
-0.054982 -0.000000 
-0.014433 0.000000 
-0.680752 0.000000 
-0.287120 0.000000 
-0.900013 -0.000000 
-0.283312 0.000000 
0.486757 0.000000 
-0.038191 0.000000 
-0.086672 -0.000000 
0.669216 0.000000 
-0.340569 0.000000 
0.639083 -0.000000 
0.264909 0.000000 
-0.242928 0.000000 
0.180417 0.000000 
-0.401276 0.000000 
0.769580 -0.000000 
-0.256682 0.000000 
-0.624897 -0.000000 
-0.329705 -0.000000 
-0.677758 0.000000 
-0.135762 0.000000 
-0.626820 0.000000 
0.291222 0.000000 
0.073239 0.000000 
-1.019472 -0.000000 
-0.322796 0.000000 
0.115212 0.000000 
1.545008 -0.000000 
-0.427985 -0.000000 
-0.548764 -0.000000 
0.817567 0.000000 
-0.040140 0.000000 
-0.135680 0.000000 
0.058533 0.000000 
-1.435916 0.000000 
-0.848352 0.000000 
0.169450 0.000000 
0.329474 -0.000000 
0.298936 -0.000000 
-0.236835 0.000000 
0.080690 0.000000 
0.117639 0.000000 
0.506375 -0.000000 
0.480841 -0.000000 
0.168589 0.000000 
0.015908 -0.000000 
0.413003 0.000000 
0.059163 0.000000 
-0.987126 0.000000 
-1.221893 0.000000 
-0.052963 0.000000 
-0.444890 0.000000 
-0.016117 -0.000000 
-0.517005 -0.000000 
-0.687516 -0.000000 
0.127949 0.000000 
-0.172617 0.000000 
-1.007139 0.000000 
0.137527 -0.000000 
0.123458 0.000000 
-0.915357 0.000000 
-0.518114 0.000000 
0.958296 0.000000 
-0.012026 -0.000000 
0.562449 0.000000 
-0.226491 0.000000 
-0.010263 0.000000 
-0.240352 0.000000 
-0.363907 0.000000 
-0.837542 0.000000 
0.372075 0.000000 
-0.956119 0.000000 
0.023409 0.000000 
0.083649 -0.000000 
-0.074316 -0.000000 
0.522692 -0.000000 
0.170977 0.000000 
-0.767783 0.000000 
-0.081360 0.000000 
0.036294 -0.000000 
0.220062 -0.000000 
-0.213395 -0.000000 
-0.147503 -0.000000 
0.110474 -0.000000 
-0.791993 0.000000 
-0.271371 0.000000 
-1.155070 -0.000000 
0.054384 0.000000 
0.463030 -0.000000 
0.079589 0.000000 
-0.162193 0.000000 
-0.109273 0.000000 
1.107564 0.000000 
0.077282 0.000000 
0.471834 -0.000000 
0.156763 0.000000 
0.182392 -0.000000 
-1.182582 0.000000 
0.921825 0.000000 
-0.556110 0.000000 
-0.106216 0.000000 
-0.007567 -0.000000 
-0.123388 -0.000000 
-0.420807 -0.000000 
0.034692 0.000000 
0.234882 0.000000 
1.041010 -0.000000 
0.751679 0.000000 
-0.398335 0.000000 
-0.129773 -0.000000 
-0.566268 -0.000000 
0.000686 0.000000 
0.065913 0.000000 
1.159423 -0.000000 
0.293921 0.000000 
0.378131 0.000000 
-0.282692 -0.000000 
0.152740 -0.000000 
1.091432 0.000000 
0.865338 0.000000 
0.130316 -0.000000 
-0.085603 0.000000 
-0.140452 -0.000000 
0.198223 0.000000 
0.846570 0.000000 
0.030979 -0.000000 
-0.926093 0.000000 
0.230821 -0.000000 
-0.048902 0.000000 
0.038040 0.000000 
-0.154615 -0.000000 
-0.172876 -0.000000 
-0.167051 -0.000000 
0.278300 -0.000000 
-1.367432 0.000000 
0.918219 0.000000 
0.893197 0.000000 
-0.181159 0.000000 
-0.120518 0.000000 
0.133803 0.000000 
-0.690006 0.000000 
0.894775 0.000000 
-0.139915 0.000000 
0.390561 0.000000 
-0.633978 0.000000 
0.283491 -0.000000 
-0.268277 0.000000 
0.329609 0.000000 
-0.648018 0.000000 
-0.225015 0.000000 
0.438642 0.000000 
-0.088268 -0.000000 
-0.093473 0.000000 
0.490801 0.000000 
-0.320665 0.000000 
0.643348 0.000000 
0.478198 -0.000000 
0.271999 -0.000000 
0.283665 0.000000 
-0.023238 -0.000000 
0.679536 0.000000 
0.438625 0.000000 
0.432088 -0.000000 
-0.091623 0.000000 
-0.744079 0.000000 
-0.032661 -0.000000 
0.149207 0.000000 
-0.401030 0.000000 
-0.247613 -0.000000 
-0.022661 -0.000000 
-0.202120 0.000000 
-0.463818 -0.000000 
0.590370 0.000000 
-0.051380 0.000000 
0.220114 0.000000 
-0.500407 0.000000 
-0.250784 0.000000 
-0.091784 0.000000 
0.194847 0.000000 
-0.483433 0.000000 
-0.808683 0.000000 
0.630985 -0.000000 
-0.318325 0.000000 
0.124815 0.000000 
0.314265 0.000000 
-0.071947 0.000000 
-0.487468 0.000000 
0.333201 0.000000 
-0.049789 0.000000 
-0.477556 0.000000 
0.089047 -0.000000 
0.416463 0.000000 
-0.127249 0.000000 
0.006608 -0.000000 
0.458467 0.000000 
-0.005831 -0.000000 
-0.015101 0.000000 
0.096411 0.000000 
0.279884 0.000000 
0.491727 0.000000 
0.147096 0.000000 
0.308846 0.000000 
-0.210378 -0.000000 
0.019725 -0.000000 
0.667671 -0.000000 
-0.441033 0.000000 
0.217924 0.000000 
0.332474 0.000000 
0.388803 0.000000 
0.189054 0.000000 
0.894905 0.000000 
0.029039 0.000000 
-0.205800 0.000000 
-0.806432 -0.000000 
0.041695 0.000000 
0.397199 0.000000 
-0.726442 0.000000 
0.443693 -0.000000 
0.614881 0.000000 
-0.170186 0.000000 
-0.626266 -0.000000 
-0.759474 -0.000000 
0.077522 -0.000000 
0.407292 0.000000 
-0.209987 0.000000 
0.048869 0.000000 
-0.365095 0.000000 
0.014990 -0.000000 
0.567443 0.000000 
-0.555919 0.000000 
-0.216374 0.000000 
0.261453 0.000000 
0.693521 0.000000 
0.635143 0.000000 
-0.342955 0.000000 
-0.048294 -0.000000 
0.016621 0.000000 
0.584981 -0.000000 
-0.847594 -0.000000 
0.256175 0.000000 
-0.448962 0.000000 
0.742634 0.000000 
-0.755895 0.000000 
0.369279 -0.000000 
-1.580476 0.000000 
-0.664504 0.000000 
-0.433771 0.000000 
-0.025130 0.000000 
-0.154043 0.000000 
-0.273818 0.000000 
-0.026391 -0.000000 
-0.444997 0.000000 
0.337900 0.000000 
0.363777 -0.000000 
0.403131 0.000000 
0.012723 0.000000 
0.392203 0.000000 
-0.132518 -0.000000 
0.606881 0.000000 
-0.076317 -0.000000 
-0.377181 -0.000000 
0.086952 -0.000000 
0.211350 0.000000 
-0.976371 0.000000 
-0.155542 0.000000 
-0.938667 0.000000 
0.267277 0.000000 
0.030214 0.000000 
-0.704464 0.000000 
0.070250 -0.000000 
-0.549040 0.000000 
-0.259827 0.000000 
0.414699 -0.000000 
-0.201048 0.000000 
-1.027420 0.000000 
-0.432713 -0.000000 
0.380488 0.000000 
-0.872870 -0.000000 
-0.254954 0.000000 
-0.484027 0.000000 
0.128961 -0.000000 
0.216319 0.000000 
0.898583 -0.000000 
-0.847198 -0.000000 
0.040218 -0.000000 
0.569177 0.000000 
-0.074642 0.000000 
0.708029 0.000000 
-0.241875 -0.000000 
0.449132 0.000000 
-0.211752 0.000000 
0.349123 0.000000 
0.034126 0.000000 
-0.256140 0.000000 
-0.181063 0.000000 
0.124553 0.000000 
0.071903 -0.000000 
-0.411095 -0.000000 
-0.628153 0.000000 
-0.616487 -0.000000 
-0.854327 -0.000000 
0.322460 0.000000 
0.286262 0.000000 
0.726915 0.000000 
0.375284 -0.000000 
-0.339797 0.000000 
0.095115 -0.000000 
0.639428 0.000000 
-0.070616 -0.000000 
-0.109139 0.000000 
0.441650 0.000000 
-0.255032 0.000000 
-0.185443 0.000000 
0.290597 0.000000 
-0.277719 0.000000 
0.072866 0.000000 
0.013856 0.000000 
0.037772 0.000000 
-0.010903 0.000000 
-0.572181 0.000000 
0.639345 0.000000 
0.462204 -0.000000 
-0.578693 0.000000 
-0.388716 -0.000000 
-0.084956 0.000000 
-0.189642 -0.000000 
-0.039429 0.000000 
-0.318140 0.000000 
-0.929217 -0.000000 
0.099897 0.000000 
-0.118847 0.000000 
0.096205 -0.000000 
0.652398 0.000000 
-0.058186 -0.000000 
0.474965 -0.000000 
0.277200 0.000000 
-0.680065 0.000000 
0.056357 -0.000000 
-0.223888 -0.000000 
0.141043 0.000000 
0.275672 0.000000 
0.323756 -0.000000 
-0.472326 0.000000 
-0.589728 0.000000 
0.435203 -0.000000 
0.446755 -0.000000 
0.620719 0.000000 
0.171814 0.000000 
-0.278601 0.000000 
0.579464 0.000000 
1.002976 0.000000 
-0.066407 0.000000 
-0.889629 0.000000 
1.125912 -0.000000 
-0.966666 0.000000 
0.069025 0.000000 
0.085145 0.000000 
0.202102 0.000000 
0.075616 0.000000 
0.486147 0.000000 
-0.276013 0.000000 
0.833228 0.000000 
0.138710 0.000000 
-0.007907 0.000000 
-0.295423 0.000000 
-0.043287 -0.000000 
0.469796 -0.000000 
0.057195 0.000000 
0.079449 0.000000 
0.218464 0.000000 
-0.374071 0.000000 
0.177975 0.000000 
0.097497 0.000000 
0.253832 -0.000000 
-0.669740 0.000000 
0.535897 -0.000000 
0.303285 -0.000000 
-0.316431 0.000000 
0.091891 -0.000000 
-0.377468 0.000000 
0.510830 0.000000 
0.081612 0.000000 
-0.809685 0.000000 
-0.830696 0.000000 
0.545581 -0.000000 
-0.262644 -0.000000 
0.245085 0.000000 
-0.105459 0.000000 
-0.211826 0.000000 
0.153816 0.000000 
0.453370 0.000000 
-0.085024 0.000000 
0.272194 0.000000 
0.157836 0.000000 
0.797112 -0.000000 
-0.381687 0.000000 
0.141719 0.000000 
-0.410812 -0.000000 
-0.023667 0.000000 
0.746863 -0.000000 
0.280123 0.000000 
0.283425 0.000000 
0.466339 0.000000 
0.419148 -0.000000 
-0.534655 -0.000000 
0.050372 0.000000 
0.043345 0.000000 
-0.812390 0.000000 
0.295533 0.000000 
-0.678606 -0.000000 
0.466954 0.000000 
0.872687 -0.000000 
0.449908 0.000000 
0.545495 0.000000 
-0.712237 0.000000 
0.072113 -0.000000 
-0.434031 0.000000 
-0.053323 0.000000 
0.315097 0.000000 
1.077839 -0.000000 
-0.384674 0.000000 
-0.719035 0.000000 
-0.238070 -0.000000 
-0.304766 0.000000 
0.214975 0.000000 
-0.210991 0.000000 
0.107179 0.000000 
-0.652342 0.000000 
0.447793 0.000000 
0.378391 0.000000 
0.364678 -0.000000 
-0.722194 -0.000000 
0.138770 0.000000 
0.165233 0.000000 
-0.399724 0.000000 
0.490924 -0.000000 
0.491848 0.000000 
0.028848 0.000000 
-0.469968 0.000000 
0.245433 0.000000 
-0.209145 -0.000000 
0.349185 0.000000 
0.483614 0.000000 
-0.253794 -0.000000 
0.347373 0.000000 
-0.564313 0.000000 
-0.932925 0.000000 
-0.397742 0.000000 
0.432068 0.000000 
-0.093816 0.000000 
0.553075 0.000000 
0.645192 0.000000 
1.027764 -0.000000 
0.349781 0.000000 
0.646878 0.000000 
0.021785 0.000000 
0.217232 0.000000 
-0.448232 0.000000 
-0.115752 0.000000 
-0.261174 0.000000 
-0.066707 0.000000 
0.220530 0.000000 
-0.478929 0.000000 
0.702021 0.000000 
0.379092 -0.000000 
0.093415 -0.000000 
0.435712 0.000000 
-0.914853 0.000000 
-0.363590 0.000000 
-0.236505 0.000000 
-0.039693 0.000000 
0.707508 -0.000000 
0.449041 0.000000 
0.031217 0.000000 
-0.043459 0.000000 
0.212927 0.000000 
-0.239345 0.000000 
-0.185084 0.000000 
0.231366 0.000000 
-0.805790 0.000000 
0.557883 0.000000 
-0.778187 0.000000 
0.609835 0.000000 
0.690369 0.000000 
-0.642662 0.000000 
0.275448 0.000000 
-0.343924 0.000000 
-0.431272 0.000000 
-0.243190 0.000000 
-0.350249 0.000000 
0.499569 0.000000 
-0.080665 0.000000 
0.490754 0.000000 
-0.415427 0.000000 
-0.367867 -0.000000 
-0.825498 -0.000000 
-0.005598 0.000000 
0.799039 -0.000000 
-0.476970 -0.000000 
0.715985 -0.000000 
-0.770076 -0.000000 
-0.341939 0.000000 
-0.456777 0.000000 
-0.124512 -0.000000 
0.397701 -0.000000 
0.400126 -0.000000 
0.571926 -0.000000 
-0.204479 0.000000 
0.167894 0.000000 
-0.342350 0.000000 
0.855287 0.000000 
-0.509421 0.000000 
-0.080247 0.000000 
-0.572493 0.000000 
0.657802 0.000000 
-0.187136 0.000000 
0.238840 -0.000000 
0.259629 0.000000 
0.445715 -0.000000 
-0.533280 -0.000000 
0.539496 0.000000 
1.323969 0.000000 
0.602154 -0.000000 
-0.175507 0.000000 
-0.237557 0.000000 
0.040920 0.000000 
0.894808 0.000000 
-0.106806 0.000000 
-0.633749 0.000000 
-0.473194 0.000000 
0.911025 0.000000 
0.608399 -0.000000 
-0.004338 -0.000000 
-0.805229 0.000000 
-0.110832 0.000000 
-0.418469 -0.000000 
0.099952 0.000000 
0.286395 0.000000 
0.219853 0.000000 
-0.652274 0.000000 
0.409995 0.000000 
0.043841 0.000000 
0.698592 -0.000000 
-0.144467 0.000000 
0.458195 -0.000000 
-0.936128 0.000000 
0.297683 -0.000000 
0.036326 0.000000 
0.509024 -0.000000 
-0.481555 -0.000000 
-0.369602 -0.000000 
0.485144 0.000000 
-0.692791 -0.000000 
0.792953 0.000000 
0.351477 0.000000 
0.386433 -0.000000 
-0.372025 0.000000 
-0.567169 0.000000 
-0.166797 -0.000000 
0.464384 0.000000 
-0.326968 0.000000 
1.334841 0.000000 
0.151618 0.000000 
0.380098 0.000000 
-0.452245 0.000000 
-0.796047 -0.000000 
0.192749 0.000000 
-0.201886 -0.000000 
0.120263 0.000000 
0.047980 -0.000000 
0.206407 -0.000000 
-0.755969 0.000000 
-0.397773 0.000000 
0.027562 0.000000 
0.630142 0.000000 
0.701159 0.000000 
0.770642 0.000000 
0.829415 0.000000 
0.156157 -0.000000 
0.115702 0.000000 
0.002202 0.000000 
0.289473 -0.000000 
0.127343 0.000000 
0.154402 -0.000000 
-0.247169 0.000000 
-0.010506 0.000000 
0.136505 -0.000000 
-0.009844 0.000000 
-0.048017 -0.000000 
-0.641369 0.000000 
-0.267795 0.000000 
-0.010102 0.000000 
-0.774931 -0.000000 
0.667440 0.000000 
0.499683 0.000000 
-0.059635 0.000000 
0.747083 0.000000 
0.254487 0.000000 
0.464851 0.000000 
-0.093494 0.000000 
0.267277 0.000000 
0.189326 0.000000 
0.665467 0.000000 
-0.481624 0.000000 
0.660175 -0.000000 
-0.279332 -0.000000 
0.647553 0.000000 
0.189017 0.000000 
-0.755588 -0.000000 
-0.135601 0.000000 
0.184178 0.000000 
-0.813260 0.000000 
0.421438 0.000000 
0.073866 0.000000 
-0.632811 0.000000 
-0.958118 0.000000 
-0.473236 0.000000 
0.260230 0.000000 
-0.208567 0.000000 
0.224501 0.000000 
0.019268 0.000000 
0.148909 -0.000000 
-0.587246 0.000000 
0.589711 0.000000 
0.656648 -0.000000 
-1.127116 0.000000 
0.358087 0.000000 
-0.532140 0.000000 
-0.276466 -0.000000 
0.448390 0.000000 
0.282594 0.000000 
-0.154489 -0.000000 
-0.377527 0.000000 
-0.353273 -0.000000 
-0.195560 0.000000 
-0.552332 0.000000 
0.021722 0.000000 
0.076424 0.000000 
0.402714 0.000000 
0.944430 -0.000000 
0.251167 0.000000 
-0.640820 -0.000000 
-0.249777 -0.000000 
0.533272 -0.000000 
0.816596 -0.000000 
0.586429 -0.000000 
-0.040221 -0.000000 
-0.938062 -0.000000 
0.218580 -0.000000 
0.803495 0.000000 
-0.956967 -0.000000 
-0.473423 0.000000 
0.207094 0.000000 
0.188063 0.000000 
0.869932 0.000000 
-0.000753 -0.000000 
-0.042232 -0.000000 
0.089542 0.000000 
-0.348643 0.000000 
0.133100 0.000000 
-0.476353 0.000000 
0.821261 -0.000000 
0.431409 0.000000 
-0.294856 0.000000 
0.103912 0.000000 
0.461786 0.000000 
0.481136 0.000000 
-0.783864 0.000000 
0.119731 -0.000000 
-0.253471 0.000000 
0.731986 -0.000000 
0.439489 -0.000000 
0.473656 0.000000 
0.323269 0.000000 
-0.359557 -0.000000 
-0.305960 0.000000 
0.974322 0.000000 
-0.242598 0.000000 
0.316382 0.000000 
-0.162524 -0.000000 
0.167133 0.000000 
0.202015 0.000000 
0.306257 0.000000 
-0.046696 -0.000000 
0.492191 0.000000 
0.130582 0.000000 
-0.170866 -0.000000 
-1.305454 -0.000000 
-0.263606 0.000000 
1.553564 -0.000000 
0.675195 0.000000 
-0.031678 -0.000000 
0.652116 0.000000 
0.215415 0.000000 
-0.184679 -0.000000 
-0.122007 -0.000000 
-0.165603 0.000000 
0.671695 0.000000 
-0.077017 0.000000 
-0.239754 0.000000 
-0.541360 -0.000000 
1.219983 0.000000 
-0.567832 -0.000000 
0.028082 0.000000 
0.392312 0.000000 
-1.016151 0.000000 
0.771251 0.000000 
0.731405 -0.000000 
-0.102423 0.000000 
0.117575 0.000000 
-0.798742 0.000000 
0.038902 -0.000000 
-0.989042 0.000000 
-0.163308 0.000000 
0.153362 -0.000000 
0.358042 -0.000000 
-0.356086 -0.000000 
0.095891 -0.000000 
-0.028139 0.000000 
1.002749 0.000000 
0.949973 -0.000000 
-0.288164 0.000000 
-0.010658 0.000000 
-0.317368 0.000000 
-0.037339 0.000000 
0.109532 0.000000 
-0.492444 0.000000 
-0.139428 0.000000 
0.723725 0.000000 
-0.906525 0.000000 
0.657225 0.000000 
0.418252 -0.000000 
0.293537 -0.000000 
-0.314725 0.000000 
-0.327848 0.000000 
0.282913 0.000000 
0.335225 -0.000000 
-0.704788 -0.000000 
-0.382761 0.000000 
-0.896567 0.000000 
-0.120626 0.000000 
-0.172936 0.000000 
0.553891 0.000000 
-0.169854 -0.000000 
-0.408395 0.000000 
0.741428 0.000000 
-0.639527 -0.000000 
0.569222 -0.000000 
-0.148565 0.000000 
0.326792 -0.000000 
-0.353418 0.000000 
-0.523327 -0.000000 
0.026504 0.000000 
0.322374 -0.000000 
-0.236125 0.000000 
0.053416 0.000000 
-0.093104 0.000000 
0.191277 -0.000000 
0.725901 0.000000 
-0.303739 0.000000 
-0.372722 0.000000 
-0.000995 -0.000000 
0.117869 0.000000 
-0.298546 0.000000 
0.722878 -0.000000 
-0.394376 0.000000 
-0.393858 -0.000000 
-0.289442 -0.000000 
0.216614 -0.000000 
0.244557 -0.000000 
0.332712 -0.000000 
0.784946 -0.000000 
0.138034 -0.000000 
-0.059027 -0.000000 
0.438201 0.000000 
-0.152634 0.000000 
0.037901 0.000000 
-0.480726 -0.000000 
-0.110419 0.000000 
0.691333 0.000000 
-0.694142 -0.000000 
-0.789502 0.000000 
0.557366 -0.000000 
0.289389 -0.000000 
-0.393244 0.000000 
0.808884 0.000000 
-0.283917 0.000000 
0.959748 -0.000000 
-0.233756 0.000000 
0.189381 -0.000000 
-0.271255 0.000000 
-0.269294 0.000000 
0.170538 0.000000 
-0.401208 -0.000000 
0.020311 0.000000 
0.029832 0.000000 
-0.412699 0.000000 
-0.413576 -0.000000 
0.128155 -0.000000 
0.499073 -0.000000 
0.464599 0.000000 
0.415793 0.000000 
-0.350974 -0.000000 
0.138455 0.000000 
-0.186150 0.000000 
0.794321 0.000000 
-0.797846 0.000000 
-0.140631 0.000000 
-0.006079 -0.000000 
0.565925 0.000000 
0.628278 0.000000 
0.211508 0.000000 
0.455607 0.000000 
1.124239 0.000000 
-0.219745 0.000000 
-0.153963 0.000000 
0.090165 0.000000 
-0.116485 0.000000 
-0.016763 0.000000 
0.205236 0.000000 
0.053304 -0.000000 
0.187637 0.000000 
-0.296187 -0.000000 
0.236641 0.000000 
0.831530 0.000000 
-0.328073 0.000000 
0.760234 0.000000 
0.297246 -0.000000 
-0.117138 0.000000 
-0.324826 -0.000000 
0.088091 -0.000000 
0.447151 0.000000 
0.915655 -0.000000 
0.957764 0.000000 
-1.101872 0.000000 
-0.637762 -0.000000 
-0.221071 0.000000 
0.446261 -0.000000 
-0.547687 -0.000000 
-0.668722 0.000000 
0.341245 -0.000000 
-0.102440 -0.000000 
0.965479 -0.000000 
0.084942 0.000000 
-0.048822 0.000000 
-0.023201 0.000000 
-0.153199 -0.000000 
-0.068119 -0.000000 
0.695953 -0.000000 
0.392732 -0.000000 
-0.063438 0.000000 
0.536035 0.000000 
0.545075 0.000000 
0.203546 0.000000 
-0.501905 0.000000 
-0.159874 0.000000 
0.617280 0.000000 
-0.333738 0.000000 
0.623735 0.000000 
-0.705866 0.000000 
-0.300268 -0.000000 
-0.134995 -0.000000 
0.546643 0.000000 
-0.350281 0.000000 
0.955067 0.000000 
-0.391617 0.000000 
-0.957788 -0.000000 
-0.590031 0.000000 
0.219851 0.000000 
-0.262509 -0.000000 
-0.006511 0.000000 
0.755441 -0.000000 
-0.379613 0.000000 
-0.997303 -0.000000 
0.214121 0.000000 
0.898775 -0.000000 
0.523699 -0.000000 
-0.374588 -0.000000 
-0.394337 0.000000 
-0.590570 0.000000 
-0.609588 0.000000 
0.101499 -0.000000 
-0.217251 -0.000000 
0.561042 0.000000 
-0.432649 0.000000 
-0.158084 -0.000000 
0.544961 -0.000000 
-0.020382 0.000000 
0.438744 -0.000000 
0.131498 0.000000 
0.505773 0.000000 
0.299310 0.000000 
-0.555920 0.000000 
-0.501793 0.000000 
1.004954 0.000000 
0.207739 0.000000 
-0.574947 0.000000 
0.718755 0.000000 
0.545414 0.000000 
0.160462 0.000000 
0.136832 0.000000 
-0.105783 0.000000 
-0.432855 -0.000000 
-0.242668 0.000000 
0.937142 -0.000000 
-0.811443 0.000000 
0.230080 0.000000 
0.120245 0.000000 
-0.353164 0.000000 
0.782852 -0.000000 
-0.043962 -0.000000 
0.061172 -0.000000 
-0.563079 0.000000 
-0.748084 -0.000000 
-0.679464 0.000000 
-0.361706 -0.000000 
-0.252843 0.000000 
0.396213 0.000000 
-0.510867 0.000000 
0.138708 0.000000 
-0.940182 -0.000000 
0.719611 0.000000 
-0.691669 -0.000000 
-0.631827 0.000000 
-0.308261 0.000000 
0.237890 0.000000 
-0.287006 0.000000 
0.033970 -0.000000 
-0.229232 0.000000 
0.552966 0.000000 
0.213279 0.000000 
0.970608 0.000000 
-0.518005 -0.000000 
-0.487927 -0.000000 
0.427781 0.000000 
-0.322526 0.000000 
0.250973 -0.000000 
-0.115890 0.000000 
0.323043 0.000000 
0.233035 -0.000000 
0.084599 0.000000 
-0.162143 -0.000000 
0.768936 -0.000000 
-0.107004 0.000000 
-0.406716 0.000000 
-1.082975 -0.000000 
-0.030344 0.000000 
-0.117777 0.000000 
-0.093882 0.000000 
0.448465 0.000000 
-0.074606 0.000000 
0.052150 0.000000 
0.131215 0.000000 
-0.362840 0.000000 
-0.039354 0.000000 
0.753507 0.000000 
-0.729146 0.000000 
-0.314878 0.000000 
0.796979 0.000000 
-0.185283 -0.000000 
-0.002896 0.000000 
0.065862 0.000000 
0.314788 0.000000 
0.336065 0.000000 
0.600454 0.000000 
-0.546511 0.000000 
0.278707 0.000000 
-0.075402 0.000000 
-0.559495 -0.000000 
0.459786 0.000000 
0.322596 -0.000000 
0.311065 0.000000 
-0.496664 0.000000 
0.332942 0.000000 
-0.417804 0.000000 
-0.065535 -0.000000 
0.138758 -0.000000 
1.066653 0.000000 
0.623112 -0.000000 
-0.294405 -0.000000 
-0.633475 0.000000 
0.008255 0.000000 
-0.736459 0.000000 
-0.260906 -0.000000 
-0.715993 -0.000000 
-0.387509 0.000000 
0.974839 0.000000 
0.101464 0.000000 
0.344871 -0.000000 
-0.441645 0.000000 
0.546425 0.000000 
0.279229 -0.000000 
0.080898 0.000000 
0.172464 0.000000 
0.813137 0.000000 
0.086318 -0.000000 
0.768510 -0.000000 
-0.460388 0.000000 
-0.230895 -0.000000 
-0.260718 0.000000 
0.055919 0.000000 
-0.135761 0.000000 
0.280602 0.000000 
0.176364 -0.000000 
-0.840210 -0.000000 
-1.173994 0.000000 
0.326621 0.000000 
-0.220185 0.000000 
-0.890697 -0.000000 
-0.148783 0.000000 
-0.761598 0.000000 
-0.384373 0.000000 
0.108106 0.000000 
-1.114346 0.000000 
-0.194194 -0.000000 
0.117690 0.000000 
-0.609940 -0.000000 
-0.154228 -0.000000 
-0.079967 0.000000 
-0.406767 0.000000 
-0.743807 0.000000 
-0.173922 -0.000000 
-0.874298 0.000000 
-0.060894 -0.000000 
0.554309 0.000000 
-0.204271 0.000000 
0.607316 0.000000 
0.102919 0.000000 
-0.363390 -0.000000 
0.216655 -0.000000 
-0.475825 0.000000 
-0.222454 0.000000 
-0.100298 0.000000 
-1.279046 0.000000 
-0.420437 0.000000 
0.304485 0.000000 
0.367982 0.000000 
-0.686237 -0.000000 
0.206698 0.000000 
-0.628488 0.000000 
0.336957 0.000000 
-0.306316 -0.000000 
-0.195530 -0.000000 
0.646837 -0.000000 
0.143972 0.000000 
0.401623 0.000000 
0.453296 -0.000000 
0.023635 -0.000000 
-0.085774 0.000000 
0.395563 0.000000 
-0.314472 -0.000000 
-0.154004 -0.000000 
0.040926 0.000000 
-0.005957 0.000000 
0.280241 0.000000 
-0.040085 -0.000000 
-0.022275 0.000000 
0.522627 0.000000 
0.340589 0.000000 
0.613227 -0.000000 
-0.029885 -0.000000 
0.040216 -0.000000 
0.076103 -0.000000 
-0.336842 -0.000000 
0.233797 -0.000000 
-0.017194 0.000000 
-0.130999 0.000000 
-0.197540 0.000000 
1.108415 -0.000000 
0.041943 0.000000 
-0.121966 0.000000 
-0.623011 0.000000 
0.325107 0.000000 
0.083862 0.000000 
0.586133 0.000000 
-0.034685 0.000000 
0.103530 0.000000 
-0.038072 0.000000 
-0.313041 0.000000 
0.778208 -0.000000 
-0.568660 0.000000 
0.295071 0.000000 
0.836288 0.000000 
0.037896 0.000000 
0.858258 -0.000000 
0.232766 0.000000 
0.098296 0.000000 
-0.358645 0.000000 
0.282218 -0.000000 
0.330555 0.000000 
-0.570745 0.000000 
-0.629439 0.000000 
0.856207 -0.000000 
0.191475 0.000000 
-1.084849 -0.000000 
0.235797 -0.000000 
-0.488964 0.000000 
-0.316356 -0.000000 
-0.526836 -0.000000 
0.216127 -0.000000 
0.662654 0.000000 
0.263398 0.000000 
-0.534334 0.000000 
-0.058925 0.000000 
-0.428057 -0.000000 
0.005382 0.000000 
-0.152272 0.000000 
-0.505739 0.000000 
0.131635 -0.000000 
0.793142 0.000000 
-0.396450 0.000000 
0.455001 0.000000 
-0.351768 -0.000000 
-0.156626 0.000000 
0.479735 0.000000 
0.185852 0.000000 
0.701518 -0.000000 
-0.541536 0.000000 
-0.527858 0.000000 
0.232315 0.000000 
0.929119 0.000000 
1.016320 0.000000 
-0.519391 0.000000 
0.742915 0.000000 
-0.331635 0.000000 
0.474010 0.000000 
-0.235476 0.000000 
-0.425886 0.000000 
-0.221179 0.000000 
0.118871 0.000000 
0.607049 0.000000 
0.106562 0.000000 
-0.240305 0.000000 
-0.285967 -0.000000 
0.013830 0.000000 
0.061192 0.000000 
-0.728813 0.000000 
0.350059 0.000000 
-0.382689 -0.000000 
-0.147679 -0.000000 
0.417202 0.000000 
0.523567 0.000000 
0.027090 0.000000 
-0.419738 -0.000000 
-0.119090 0.000000 
0.467654 -0.000000 
0.732538 0.000000 
0.596583 0.000000 
-0.300881 0.000000 
0.398445 0.000000 
-0.838392 0.000000 
-0.071789 -0.000000 
-0.250668 0.000000 
-0.570314 0.000000 
-0.465716 0.000000 
-0.590579 0.000000 
-1.026047 -0.000000 
0.203552 0.000000 
0.318220 0.000000 
0.082174 -0.000000 
-0.128787 0.000000 
0.420998 -0.000000 
0.238140 -0.000000 
0.103233 -0.000000 
-0.609168 0.000000 
-0.153808 0.000000 
-0.229780 0.000000 
0.311597 0.000000 
-1.461432 -0.000000 
-0.356909 0.000000 
-0.384100 -0.000000 
-0.476384 0.000000 
1.303398 0.000000 
0.388823 0.000000 
0.357516 -0.000000 
-0.695728 0.000000 
-0.386119 0.000000 
-0.191700 0.000000 
0.065449 0.000000 
0.361300 -0.000000 
-0.164651 0.000000 
0.565970 -0.000000 
-0.395155 0.000000 
-0.569211 -0.000000 
0.321337 0.000000 
-0.063269 -0.000000 
0.681714 0.000000 
0.044417 0.000000 
-0.425238 0.000000 
-0.428963 -0.000000 
0.398798 0.000000 
0.417031 0.000000 
0.977246 0.000000 
0.654773 0.000000 
-0.140930 0.000000 
0.063314 0.000000 
-0.331352 -0.000000 
-0.194816 0.000000 
-0.436687 0.000000 
0.852031 0.000000 
-0.023046 0.000000 
-0.842491 0.000000 
-0.739243 -0.000000 
-0.085367 0.000000 
-0.034198 0.000000 
0.045788 0.000000 
-0.884377 -0.000000 
-0.334916 0.000000 
-0.057424 -0.000000 
-0.389806 0.000000 
-0.530468 -0.000000 
-0.008962 -0.000000 
-0.471889 -0.000000 
0.328811 -0.000000 
-0.871680 0.000000 
0.614155 0.000000 
0.120030 0.000000 
-0.132604 -0.000000 
-0.251823 0.000000 
0.289457 0.000000 
-0.288655 0.000000 
0.034954 0.000000 
-0.415431 0.000000 
0.560598 0.000000 
0.373030 0.000000 
0.164897 -0.000000 
-0.349359 0.000000 
-0.036053 0.000000 
-0.239324 0.000000 
0.151194 0.000000 
-0.019200 0.000000 
0.294963 0.000000 
0.092469 0.000000 
-0.568643 0.000000 
0.228355 0.000000 
0.423212 0.000000 
0.176746 -0.000000 
-0.438479 -0.000000 
0.151766 0.000000 
-0.683422 -0.000000 
-0.181091 0.000000 
0.026593 0.000000 
-0.241441 -0.000000 
-0.176049 0.000000 
0.100799 0.000000 
-0.746499 0.000000 
0.641846 0.000000 
0.139154 0.000000 
0.276459 0.000000 
-0.247505 0.000000 
-0.034585 0.000000 
0.488926 0.000000 
-0.247146 0.000000 
-0.921982 0.000000 
0.142028 0.000000 
-0.420135 0.000000 
0.982689 -0.000000 
0.664953 0.000000 
0.953247 0.000000 
-0.357863 0.000000 
-0.424770 -0.000000 
-0.664438 0.000000 
-0.585680 0.000000 
-0.012677 0.000000 
-0.354675 0.000000 
-0.534600 0.000000 
-0.760629 -0.000000 
0.870293 0.000000 
0.624335 -0.000000 
-0.241408 0.000000 
0.255624 0.000000 
-0.599867 0.000000 
-0.057368 0.000000 
-0.052673 0.000000 
-0.318528 -0.000000 
0.815986 -0.000000 
0.624978 -0.000000 
0.131028 0.000000 
-0.046445 0.000000 
0.264994 0.000000 
-0.643992 0.000000 
-0.308189 -0.000000 
-0.047806 -0.000000 
-0.172564 0.000000 
0.707651 0.000000 
-0.218480 0.000000 
-0.179244 -0.000000 
-0.642104 0.000000 
-0.272499 -0.000000 
0.699702 -0.000000 
-0.095622 0.000000 
0.144504 0.000000 
0.787564 0.000000 
-0.642898 0.000000 
0.923211 -0.000000 
0.345934 0.000000 
0.641388 -0.000000 
0.198059 0.000000 
0.187486 0.000000 
0.363749 -0.000000 
-0.320963 -0.000000 
0.868594 0.000000 
0.343236 -0.000000 
0.278473 0.000000 
0.335952 -0.000000 
-0.127022 0.000000 
0.268881 0.000000 
0.190808 0.000000 
0.523078 0.000000 
-0.442543 0.000000 
-0.356383 0.000000 
-0.279146 -0.000000 
0.609411 0.000000 
1.027855 0.000000 
1.082749 -0.000000 
-0.045146 -0.000000 
0.339015 0.000000 
-0.478541 0.000000 
0.751919 0.000000 
-0.214877 -0.000000 
-0.001588 0.000000 
-0.436938 -0.000000 
0.517604 -0.000000 
-0.161999 -0.000000 
0.761154 0.000000 
-0.531060 0.000000 
-0.602363 -0.000000 
0.152797 -0.000000 
0.790762 0.000000 
-0.488647 0.000000 
1.668072 -0.000000 
0.237926 0.000000 
0.236247 0.000000 
0.360250 -0.000000 
0.963930 -0.000000 
-0.106177 -0.000000 
-0.945963 0.000000 
-0.091196 0.000000 
0.796324 -0.000000 
-0.594214 0.000000 
-0.652997 0.000000 
0.019522 0.000000 
0.142967 0.000000 
-0.051728 -0.000000 
-0.736098 0.000000 
0.364584 0.000000 
-0.411815 0.000000 
-0.041129 0.000000 
0.395570 -0.000000 
-0.552079 0.000000 
0.589904 0.000000 
-0.503124 -0.000000 
-0.073578 0.000000 
0.452101 0.000000 
0.572404 0.000000 
-0.720245 0.000000 
-0.390056 0.000000 
-0.547867 0.000000 
-0.040310 0.000000 
-1.382451 0.000000 
-0.563312 0.000000 
0.526487 0.000000 
-0.088081 -0.000000 
-0.368090 0.000000 
-0.416458 0.000000 
-0.615264 -0.000000 
-0.887052 0.000000 
-0.100399 0.000000 
-1.141238 0.000000 
0.244196 0.000000 
0.461800 0.000000 
0.015479 0.000000 
-0.276949 0.000000 
0.297895 0.000000 
-0.305582 0.000000 
-0.076168 -0.000000 
-0.733561 -0.000000 
-0.878417 -0.000000 
0.288761 0.000000 
0.307561 -0.000000 
-0.567979 -0.000000 
0.146664 0.000000 
-0.792091 0.000000 
-0.769998 0.000000 
0.348567 0.000000 
-0.482583 0.000000 
0.379372 0.000000 
0.446840 0.000000 
0.053743 -0.000000 
0.633424 0.000000 
-0.058579 -0.000000 
0.237054 0.000000 
0.624874 -0.000000 
-0.181468 0.000000 
-0.345745 0.000000 
-0.510741 0.000000 
0.226634 0.000000 
-0.256151 0.000000 
0.483728 0.000000 
-0.426438 0.000000 
-0.712378 -0.000000 
-0.381011 -0.000000 
0.235616 0.000000 
-0.586506 0.000000 
0.259563 0.000000 
-0.215571 -0.000000 
0.285345 0.000000 
0.099260 0.000000 
-0.120372 0.000000 
0.551159 0.000000 
-0.200354 0.000000 
0.009766 0.000000 
-0.261262 -0.000000 
0.287892 0.000000 
-1.106375 -0.000000 
0.603717 0.000000 
0.016386 0.000000 
-0.028993 0.000000 
1.090885 -0.000000 
0.929310 -0.000000 
0.544030 -0.000000 
0.527782 0.000000 
-0.144439 0.000000 
-0.320755 0.000000 
-0.375380 -0.000000 
-0.092391 0.000000 
-0.348906 0.000000 
-0.155703 -0.000000 
-0.432315 0.000000 
-0.125434 -0.000000 
0.208985 0.000000 
-0.150579 0.000000 
0.027653 0.000000 
-0.573995 0.000000 
0.725282 -0.000000 
-0.225001 -0.000000 
0.415393 -0.000000 
1.083529 -0.000000 
0.576266 0.000000 
-0.449422 0.000000 
-0.315156 0.000000 
0.545865 0.000000 
0.531888 0.000000 
-0.681611 0.000000 
-0.095327 -0.000000 
0.375104 -0.000000 
0.218495 0.000000 
-0.216920 0.000000 
0.851448 -0.000000 
0.316025 -0.000000 
-0.418041 -0.000000 
0.419450 -0.000000 
-0.510644 -0.000000 
-0.856445 0.000000 
0.911859 -0.000000 
1.099908 0.000000 
-0.294525 0.000000 
0.126698 -0.000000 
0.489313 0.000000 
-0.475144 0.000000 
-0.138254 0.000000 
-0.079680 0.000000 
-0.521137 0.000000 
-0.178675 0.000000 
-0.239723 0.000000 
0.798166 0.000000 
-0.172103 0.000000 
-0.501721 0.000000 
-0.852725 0.000000 
0.084080 0.000000 
0.143176 0.000000 
0.516100 0.000000 
-0.289918 0.000000 
0.435335 -0.000000 
0.189721 0.000000 
0.257390 0.000000 
0.981633 -0.000000 
0.474617 -0.000000 
0.342611 -0.000000 
0.375194 0.000000 
0.301255 0.000000 
0.088541 -0.000000 
0.405926 -0.000000 
0.005383 0.000000 
0.001516 0.000000 
-0.721633 -0.000000 
-0.171454 0.000000 
0.985485 0.000000 
0.654650 0.000000 
-0.053767 0.000000 
0.048052 0.000000 
0.797871 0.000000 
0.380906 0.000000 
-0.207495 0.000000 
0.481697 0.000000 
0.072046 0.000000 
0.309921 0.000000 
-0.178602 0.000000 
-0.557987 0.000000 
-0.207691 0.000000 
0.829023 0.000000 
-0.053647 -0.000000 
-0.212026 0.000000 
0.012325 0.000000 
0.646377 0.000000 
0.281761 0.000000 
0.036930 0.000000 
-0.781728 0.000000 
1.042442 0.000000 
-0.048532 0.000000 
-0.698804 0.000000 
-0.795993 -0.000000 
-0.270294 0.000000 
-0.322821 0.000000 
0.214287 -0.000000 
-0.406836 0.000000 
-0.225882 0.000000 
-0.130942 -0.000000 
-0.008625 -0.000000 
0.777807 0.000000 
0.351055 0.000000 
-0.234630 -0.000000 
-0.239043 0.000000 
-1.112083 0.000000 
-0.619042 -0.000000 
-0.133456 -0.000000 
0.163356 -0.000000 
-0.994626 0.000000 
-0.235002 0.000000 
-0.029007 0.000000 
0.212934 0.000000 
0.051522 0.000000 
-0.420592 0.000000 
0.838566 -0.000000 
-0.305203 -0.000000 
0.066838 -0.000000 
-0.119403 -0.000000 
0.683579 0.000000 
0.255219 0.000000 
0.372241 -0.000000 
-0.046293 0.000000 
-0.731793 0.000000 
0.471427 0.000000 
-0.189180 -0.000000 
0.361596 0.000000 
-0.564524 0.000000 
-0.516165 0.000000 
-0.879345 0.000000 
-0.297097 -0.000000 
-0.121512 0.000000 
0.696922 0.000000 
-0.478151 -0.000000 
-0.020956 0.000000 
0.494230 0.000000 
0.031604 0.000000 
-0.686271 0.000000 
-0.430183 0.000000 
-1.006594 0.000000 
0.258527 0.000000 
-0.113561 -0.000000 
-0.196084 -0.000000 
-0.113287 -0.000000 
-0.549874 -0.000000 
-1.145819 0.000000 
-0.001959 0.000000 
-0.406092 0.000000 
-0.096622 -0.000000 
-0.925268 0.000000 
-0.328978 0.000000 
0.687612 -0.000000 
-0.613620 -0.000000 
-0.339219 0.000000 
-0.175814 -0.000000 
0.288969 0.000000 
0.114932 0.000000 
0.174523 -0.000000 
-0.010301 0.000000 
-0.397111 0.000000 
0.158398 0.000000 
0.844325 0.000000 
-0.205726 -0.000000 
-0.174929 0.000000 
-0.024387 -0.000000 
0.616977 0.000000 
0.478919 0.000000 
0.839059 0.000000 
0.253455 0.000000 
0.028615 0.000000 
0.069308 0.000000 
-0.521940 -0.000000 
-0.147635 0.000000 
-0.284560 0.000000 
0.442363 0.000000 
-0.477794 0.000000 
0.723423 0.000000 
-0.297389 -0.000000 
0.200770 -0.000000 
-0.185292 -0.000000 
0.595721 0.000000 
-0.191910 -0.000000 
-0.219361 0.000000 
0.833301 0.000000 
0.041406 -0.000000 
-0.312746 0.000000 
0.763302 0.000000 
0.500730 -0.000000 
0.124183 0.000000 
0.009086 0.000000 
-0.490304 0.000000 
0.331834 0.000000 
0.278426 -0.000000 
-0.413012 0.000000 
-0.691394 0.000000 
0.062648 -0.000000 
0.052589 0.000000 
-0.680451 0.000000 
-0.806002 0.000000 
-0.253651 0.000000 
-0.023008 -0.000000 
-0.477814 0.000000 
-0.793076 0.000000 
0.330855 -0.000000 
0.481908 -0.000000 
0.581441 0.000000 
0.436634 -0.000000 
-0.634698 -0.000000 
-0.508456 -0.000000 
-0.430523 0.000000 
-0.400936 -0.000000 
0.751925 -0.000000 
0.472110 0.000000 
-0.423367 0.000000 
0.779080 0.000000 
0.298690 0.000000 
0.305465 -0.000000 
0.587225 0.000000 
-0.136284 0.000000 
-0.301294 0.000000 
-0.601979 -0.000000 
0.683813 -0.000000 
-0.357862 0.000000 
0.515919 -0.000000 
-0.905017 0.000000 
-1.164010 -0.000000 
-0.279007 0.000000 
0.248536 0.000000 
0.660504 0.000000 
-0.201176 0.000000 
0.476126 -0.000000 
-0.447666 0.000000 
-0.160262 0.000000 
0.095453 0.000000 
-0.710538 -0.000000 
-0.506868 0.000000 
0.313965 0.000000 
-0.062743 0.000000 
-0.196136 0.000000 
-0.512056 0.000000 
-0.980637 0.000000 
-0.030637 0.000000 
-0.226621 -0.000000 
-1.181620 -0.000000 
-0.142669 -0.000000 
-0.320151 0.000000 
0.102951 0.000000 
0.518250 0.000000 
0.417720 0.000000 
0.832379 0.000000 
-0.518874 -0.000000 
0.126559 0.000000 
-0.501262 0.000000 
-0.368440 0.000000 
-0.342746 0.000000 
-0.000175 0.000000 
-0.244997 0.000000 
-0.808720 -0.000000 
-0.381971 0.000000 
-0.011469 -0.000000 
0.430999 -0.000000 
0.016418 0.000000 
-0.799819 0.000000 
0.523962 -0.000000 
-0.593316 0.000000 
-0.724309 0.000000 
-0.671746 -0.000000 
0.603874 0.000000 
-0.170065 0.000000 
-0.042424 0.000000 
-0.611284 0.000000 
-0.361260 -0.000000 
0.069568 0.000000 
0.216192 0.000000 
-0.485480 -0.000000 
-0.368158 -0.000000 
0.259821 0.000000 
0.246430 0.000000 
0.463272 0.000000 
-0.691901 -0.000000 
0.131443 -0.000000 
0.510908 0.000000 
0.914469 0.000000 
-0.318225 0.000000 
-0.334118 0.000000 
0.796353 0.000000 
0.376803 0.000000 
-0.176897 0.000000 
0.381092 0.000000 
0.479019 0.000000 
-0.497932 0.000000 
0.407036 0.000000 
1.314761 0.000000 
-0.044571 -0.000000 
0.189304 0.000000 
-0.149498 -0.000000 
0.168271 -0.000000 
-0.066381 0.000000 
-0.261909 0.000000 
-0.863766 -0.000000 
-0.373347 -0.000000 
0.312246 0.000000 
0.548020 -0.000000 
-0.755190 -0.000000 
-0.037042 0.000000 
0.092163 0.000000 
-1.118242 -0.000000 
0.121971 0.000000 
0.234616 0.000000 
0.204916 -0.000000 
-0.658622 0.000000 
0.147190 0.000000 
0.212080 0.000000 
0.577152 0.000000 
-0.587967 0.000000 
-0.238048 0.000000 
0.402722 0.000000 
-0.082963 0.000000 
-0.602822 0.000000 
0.149048 0.000000 
-0.658275 -0.000000 
0.255051 -0.000000 
-0.412723 0.000000 
0.039774 -0.000000 
-0.665285 -0.000000 
-0.265674 0.000000 
0.281880 0.000000 
-0.601892 0.000000 
-0.236385 0.000000 
-0.261267 -0.000000 
0.022558 0.000000 
0.482104 -0.000000 
0.146230 -0.000000 
-0.128878 0.000000 
1.070198 0.000000 
0.032010 0.000000 
-0.153668 0.000000 
-1.079820 0.000000 
-0.221999 0.000000 
0.497230 -0.000000 
-1.082989 0.000000 
0.288401 -0.000000 
0.038085 -0.000000 
-0.214905 0.000000 
-0.955459 0.000000 
0.146547 0.000000 
-0.314717 0.000000 
0.126802 0.000000 
0.063937 -0.000000 
0.101254 0.000000 
0.120191 0.000000 
0.409187 -0.000000 
0.327194 0.000000 
0.440785 0.000000 
-0.168952 -0.000000 
0.531357 0.000000 
-0.044061 -0.000000 
0.396763 0.000000 
0.076989 -0.000000 
-0.327946 0.000000 
0.135946 0.000000 
0.328897 0.000000 
0.071834 0.000000 
-0.226732 -0.000000 
-0.070086 0.000000 
-0.933639 -0.000000 
0.058483 0.000000 
0.199991 0.000000 
0.089551 -0.000000 
-0.217192 0.000000 
-0.012453 0.000000 
0.407539 -0.000000 
-0.156813 -0.000000 
-0.211287 0.000000 
-1.456523 0.000000 
-0.203420 -0.000000 
-0.025791 0.000000 
0.193434 0.000000 
0.151271 -0.000000 
-0.729101 0.000000 
0.278797 0.000000 
0.013803 -0.000000 
-0.171846 0.000000 
-0.041167 0.000000 
-0.919599 -0.000000 
-0.571389 0.000000 
-0.165267 0.000000 
-0.728944 0.000000 
-0.134218 -0.000000 
-0.433030 0.000000 
0.564073 -0.000000 
0.016619 0.000000 
0.247392 -0.000000 
0.880613 0.000000 
-0.028788 0.000000 
-0.372067 0.000000 
0.562779 0.000000 
0.707285 0.000000 
1.075899 0.000000 
1.054087 0.000000 
-0.046029 -0.000000 
-0.592363 -0.000000 
-0.167912 0.000000 
0.288477 -0.000000 
-0.019817 0.000000 
0.803463 0.000000 
0.562893 0.000000 
-0.271377 -0.000000 
0.885069 -0.000000 
0.471216 -0.000000 
-0.551253 0.000000 
-0.804716 -0.000000 
0.102135 -0.000000 
-0.283652 0.000000 
-0.803871 0.000000 
-0.787689 -0.000000 
0.264547 0.000000 
0.751404 0.000000 
-0.695123 0.000000 
0.160377 -0.000000 
-1.391283 -0.000000 
0.179897 0.000000 
-0.550413 0.000000 
0.592590 0.000000 
0.033997 0.000000 
-0.843836 -0.000000 
0.315384 0.000000 
-0.597764 0.000000 
-0.205049 0.000000 
0.364761 0.000000 
0.462392 0.000000 
0.465960 0.000000 
-0.009626 0.000000 
-0.166965 -0.000000 
0.022762 -0.000000 
-0.703903 0.000000 
0.412146 0.000000 
-0.422071 0.000000 
-0.116067 -0.000000 
0.141846 0.000000 
-0.430575 0.000000 
-0.074355 0.000000 
0.092976 -0.000000 
-0.297744 0.000000 
0.472794 -0.000000 
-0.462910 -0.000000 
0.021894 0.000000 
0.507867 0.000000 
0.194831 0.000000 
1.345862 -0.000000 
0.011614 0.000000 
-0.535953 0.000000 
-0.120243 0.000000 
0.296583 0.000000 
-0.087148 -0.000000 
0.316330 -0.000000 
-0.391588 -0.000000 
0.273346 0.000000 
0.655068 0.000000 
-0.683302 0.000000 
-0.219225 0.000000 
-0.508145 0.000000 
-0.285428 0.000000 
0.648996 0.000000 
-0.203125 -0.000000 
0.592040 0.000000 
0.046049 0.000000 
0.437721 -0.000000 
-0.154703 0.000000 
0.263425 -0.000000 
-1.157622 0.000000 
-0.124518 -0.000000 
0.084412 -0.000000 
-1.093560 -0.000000 
-0.563923 -0.000000 
-0.407496 0.000000 
-0.070212 0.000000 
-0.061818 -0.000000 
-0.777927 0.000000 
0.059869 0.000000 
0.196085 0.000000 
-0.039795 0.000000 
-0.341539 0.000000 
0.620040 -0.000000 
0.584540 -0.000000 
-0.410221 0.000000 
0.002555 0.000000 
-0.053200 0.000000 
0.107184 -0.000000 
-0.119858 0.000000 
-0.357280 0.000000 
