-1.777686 1.777686 
0.000000 0.500000 -0.004017 
0.000000 0.000000 0.000000 

-0.903550 0.000000 
0.875392 0.000000 
1.053399 0.000000 
0.382724 0.000000 
-0.189105 -0.000000 
-0.469810 0.000000 
0.241106 0.000000 
-0.187402 0.000000 
-0.669989 -0.000000 
-0.464946 0.000000 
-0.849285 0.000000 
0.373675 0.000000 
-0.075630 0.000000 
-0.993135 -0.000000 
0.487219 0.000000 
0.125704 0.000000 
-0.608823 0.000000 
0.310641 0.000000 
-0.363243 0.000000 
-0.801512 0.000000 
0.753708 0.000000 
0.602024 0.000000 
0.154277 -0.000000 
0.260287 -0.000000 
-0.059882 0.000000 
-0.344056 -0.000000 
0.496531 0.000000 
-0.289659 -0.000000 
0.266006 -0.000000 
0.014014 0.000000 
0.780893 0.000000 
0.972824 -0.000000 
0.536093 0.000000 
-0.187388 0.000000 
-0.723535 0.000000 
-0.432734 0.000000 
0.796650 0.000000 
0.311585 -0.000000 
-0.598664 0.000000 
-0.056829 0.000000 
-0.330243 0.000000 
0.257623 0.000000 
-0.588973 0.000000 
0.115782 -0.000000 
0.045242 0.000000 
-0.599843 0.000000 
0.410818 0.000000 
0.263832 -0.000000 
-0.815939 -0.000000 
0.110622 0.000000 
0.915986 0.000000 
0.172556 0.000000 
0.457390 0.000000 
-0.053728 0.000000 
0.024529 0.000000 
-1.115656 -0.000000 
-0.711488 0.000000 
-0.038465 -0.000000 
-0.270324 0.000000 
-1.082254 0.000000 
0.009602 0.000000 
-0.578211 -0.000000 
0.659128 0.000000 
-0.704488 0.000000 
0.373259 0.000000 
-0.014903 0.000000 
-0.051104 0.000000 
0.248766 0.000000 
-0.642324 -0.000000 
0.451875 0.000000 
-0.035905 0.000000 
0.574810 0.000000 
0.088350 0.000000 
0.479503 0.000000 
0.027637 0.000000 
0.195549 0.000000 
-0.648090 0.000000 
0.808084 -0.000000 
0.236618 0.000000 
-1.005177 0.000000 
-0.297537 0.000000 
0.566566 -0.000000 
-0.856601 0.000000 
-0.361329 0.000000 
0.168565 0.000000 
-0.423366 -0.000000 
0.149370 0.000000 
0.233887 0.000000 
0.247206 -0.000000 
0.537574 0.000000 
-0.118145 -0.000000 
-0.176257 0.000000 
0.157564 0.000000 
0.369092 0.000000 
0.628047 0.000000 
-0.030073 0.000000 
-0.280983 0.000000 
0.313096 0.000000 
0.206717 0.000000 
-0.055071 -0.000000 
1.047995 0.000000 
1.422396 -0.000000 
0.037139 -0.000000 
0.198033 -0.000000 
0.044020 -0.000000 
-0.243757 0.000000 
-0.399461 0.000000 
-0.132786 -0.000000 
0.272242 0.000000 
-0.345157 -0.000000 
0.495196 -0.000000 
0.384240 0.000000 
-0.469064 0.000000 
0.484805 0.000000 
-0.318223 0.000000 
-0.067905 0.000000 
-0.375585 -0.000000 
-0.806673 -0.000000 
0.514648 0.000000 
-0.089511 0.000000 
-0.186441 -0.000000 
-0.000724 -0.000000 
-0.230029 -0.000000 
-0.068083 0.000000 
0.914233 0.000000 
0.401544 0.000000 
0.016996 0.000000 
0.324127 -0.000000 
0.442658 0.000000 
-0.290695 0.000000 
0.364873 -0.000000 
-0.336331 0.000000 
-0.217531 0.000000 
0.347644 0.000000 
-0.034273 0.000000 
-0.010386 0.000000 
0.338509 0.000000 
-0.470064 -0.000000 
0.311373 0.000000 
-0.673120 0.000000 
-0.361390 0.000000 
-0.070338 -0.000000 
-0.139877 -0.000000 
0.077215 0.000000 
-0.062736 -0.000000 
0.045656 0.000000 
-0.043633 0.000000 
0.275314 0.000000 
0.035604 0.000000 
-0.076284 0.000000 
-0.621717 -0.000000 
0.125308 0.000000 
0.001457 -0.000000 
0.168194 0.000000 
-0.500408 0.000000 
0.216663 0.000000 
0.622457 -0.000000 
0.538255 -0.000000 
-0.041611 0.000000 
0.455309 0.000000 
-1.411277 -0.000000 
0.015520 0.000000 
0.245095 -0.000000 
0.260139 -0.000000 
0.789421 -0.000000 
-0.291012 0.000000 
0.322922 -0.000000 
0.065918 0.000000 
0.032021 -0.000000 
0.572588 0.000000 
-0.556913 -0.000000 
0.505939 -0.000000 
-1.197320 0.000000 
-0.629751 0.000000 
0.836402 -0.000000 
1.147186 0.000000 
0.123408 0.000000 
0.128145 0.000000 
-0.460724 -0.000000 
-0.259726 0.000000 
-0.624029 0.000000 
-0.548984 0.000000 
0.020598 0.000000 
-0.043327 0.000000 
0.864797 0.000000 
1.029524 0.000000 
-0.350685 -0.000000 
0.174446 0.000000 
-0.679804 0.000000 
0.477924 0.000000 
-0.127502 0.000000 
0.772091 -0.000000 
0.769099 0.000000 
-0.134148 -0.000000 
0.482196 0.000000 
-0.098092 0.000000 
-0.148362 0.000000 
-0.514748 -0.000000 
0.894923 -0.000000 
0.009008 0.000000 
0.028726 0.000000 
-1.214976 0.000000 
-0.479700 0.000000 
0.635182 0.000000 
0.435424 0.000000 
0.549555 -0.000000 
-0.245094 -0.000000 
0.192059 0.000000 
0.095131 0.000000 
-0.137773 0.000000 
-0.512675 -0.000000 
-0.320309 0.000000 
-0.300756 -0.000000 
0.173190 -0.000000 
0.296675 0.000000 
-0.128970 -0.000000 
-0.562438 -0.000000 
-0.457405 0.000000 
-1.109305 0.000000 
0.061565 0.000000 
0.599112 0.000000 
-0.399990 -0.000000 
-0.393941 0.000000 
-0.272186 0.000000 
0.328980 0.000000 
0.046505 0.000000 
-0.359753 -0.000000 
-0.565004 0.000000 
0.376812 0.000000 
0.569537 0.000000 
-0.013659 0.000000 
0.542056 0.000000 
0.105762 0.000000 
-0.548313 0.000000 
-0.465078 0.000000 
-0.647810 -0.000000 
-0.543184 0.000000 
-0.428864 0.000000 
0.058997 0.000000 
0.064988 -0.000000 
0.717094 0.000000 
0.106463 0.000000 
0.208291 -0.000000 
-0.657339 0.000000 
0.601390 0.000000 
0.168131 0.000000 
0.006965 0.000000 
-0.313325 0.000000 
0.570634 -0.000000 
0.344860 -0.000000 
-0.506236 -0.000000 
0.041835 -0.000000 
-0.272496 -0.000000 
-0.565763 0.000000 
-0.369964 -0.000000 
-1.009441 -0.000000 
