-2.313114 2.313114 
0.000000 0.500000 0.006582 
0.000000 0.000000 0.000000 

-0.976612 0.000000 
-0.264656 0.000000 
-0.237149 0.000000 
0.236116 -0.000000 
0.427302 -0.000000 
0.552649 0.000000 
-0.713565 0.000000 
-0.049275 0.000000 
-0.137154 -0.000000 
-0.152610 0.000000 
-0.477010 -0.000000 
0.382450 0.000000 
-0.515708 0.000000 
0.087119 0.000000 
0.386824 0.000000 
0.622087 0.000000 
0.232816 -0.000000 
-0.287382 0.000000 
0.183309 0.000000 
0.473521 0.000000 
0.774590 0.000000 
0.499768 -0.000000 
0.350765 -0.000000 
0.525874 0.000000 
-0.158633 0.000000 
0.377837 -0.000000 
-0.495448 0.000000 
-0.073528 -0.000000 
0.259347 0.000000 
-0.374031 -0.000000 
0.169547 0.000000 
-0.313213 0.000000 
0.167330 0.000000 
0.041397 0.000000 
0.336034 0.000000 
-0.104981 -0.000000 
0.457517 0.000000 
-0.091328 -0.000000 
-0.914549 -0.000000 
-0.231633 -0.000000 
-0.257047 0.000000 
-0.730319 0.000000 
-0.725060 0.000000 
-0.825156 0.000000 
-0.538790 0.000000 
0.130499 0.000000 
-0.002429 -0.000000 
-0.077170 0.000000 
-0.137444 -0.000000 
0.748579 0.000000 
0.299841 0.000000 
0.987172 0.000000 
-0.730340 -0.000000 
0.648487 -0.000000 
-0.368370 0.000000 
0.898298 0.000000 
-0.077379 -0.000000 
-0.308408 0.000000 
0.712736 0.000000 
-0.787605 0.000000 
-0.238759 0.000000 
0.328011 0.000000 
0.723598 -0.000000 
0.165468 -0.000000 
0.203253 0.000000 
0.089909 0.000000 
0.266042 -0.000000 
-1.023332 -0.000000 
-0.561364 0.000000 
0.334568 0.000000 
0.402188 0.000000 
1.319101 0.000000 
0.428087 0.000000 
-0.045306 0.000000 
1.045836 -0.000000 
0.243443 0.000000 
0.058013 -0.000000 
0.841271 0.000000 
-0.780807 0.000000 
-0.445231 -0.000000 
0.621765 0.000000 
-0.944459 0.000000 
-0.414668 0.000000 
-0.409147 0.000000 
-0.255560 0.000000 
0.724018 0.000000 
0.041032 0.000000 
-0.051546 0.000000 
-1.052467 0.000000 
-0.499925 0.000000 
0.292984 0.000000 
1.106568 0.000000 
0.445843 0.000000 
-0.320722 0.000000 
0.531423 0.000000 
-0.617895 0.000000 
0.076846 -0.000000 
0.486453 0.000000 
-0.498808 0.000000 
-0.096713 0.000000 
0.083965 0.000000 
0.254367 0.000000 
0.892078 -0.000000 
-0.872000 0.000000 
0.283133 0.000000 
-0.269531 -0.000000 
-1.183536 0.000000 
-0.634571 0.000000 
-0.915455 0.000000 
-0.848135 0.000000 
-0.357421 0.000000 
0.011088 -0.000000 
0.368434 0.000000 
0.223797 0.000000 
-0.947823 0.000000 
-0.100189 0.000000 
0.585226 0.000000 
0.303554 0.000000 
0.435933 0.000000 
0.084429 0.000000 
0.178732 -0.000000 
0.019075 -0.000000 
-0.212418 -0.000000 
-0.257855 0.000000 
0.567170 0.000000 
0.404020 0.000000 
0.351805 0.000000 
0.791650 -0.000000 
-0.277969 -0.000000 
0.472281 -0.000000 
0.370062 -0.000000 
0.436928 0.000000 
0.023202 0.000000 
-0.147798 0.000000 
-0.070995 0.000000 
-0.120398 0.000000 
0.228929 0.000000 
0.466132 0.000000 
0.781697 0.000000 
-0.794092 0.000000 
0.185077 0.000000 
0.601511 -0.000000 
0.606870 -0.000000 
-0.647545 0.000000 
0.559765 0.000000 
0.605666 0.000000 
0.285698 0.000000 
-0.279607 0.000000 
0.227640 -0.000000 
0.459863 0.000000 
0.813115 0.000000 
-0.024978 0.000000 
0.718047 0.000000 
-0.126230 0.000000 
0.206096 -0.000000 
-0.243392 -0.000000 
-0.148034 0.000000 
-0.130789 0.000000 
-0.777199 0.000000 
0.872747 -0.000000 
0.165450 0.000000 
0.301971 0.000000 
-0.908934 0.000000 
0.066195 0.000000 
-0.154774 0.000000 
-0.273743 0.000000 
0.960091 0.000000 
-0.429208 0.000000 
0.445496 0.000000 
-0.821364 -0.000000 
0.794923 0.000000 
-1.452056 -0.000000 
-0.496127 0.000000 
-0.412843 -0.000000 
-0.040341 0.000000 
0.282895 0.000000 
0.900252 0.000000 
0.809120 0.000000 
0.028525 0.000000 
0.193295 0.000000 
-0.052197 0.000000 
-0.226110 0.000000 
-0.034698 0.000000 
-0.594922 -0.000000 
-0.319337 0.000000 
-0.291070 0.000000 
0.528256 0.000000 
0.158560 0.000000 
0.338190 -0.000000 
-0.227528 0.000000 
-0.048280 0.000000 
0.221465 0.000000 
0.799926 0.000000 
0.287861 0.000000 
-0.585836 -0.000000 
1.261044 0.000000 
-0.269504 0.000000 
-0.103991 0.000000 
-0.053482 0.000000 
-0.077402 0.000000 
0.600502 -0.000000 
0.150510 0.000000 
-0.412403 0.000000 
-0.121950 0.000000 
0.883461 0.000000 
0.307412 0.000000 
0.131359 -0.000000 
0.797008 -0.000000 
0.660219 0.000000 
-0.428657 0.000000 
0.619330 0.000000 
0.343717 -0.000000 
0.006590 -0.000000 
-0.725682 0.000000 
-0.118544 0.000000 
-0.275984 0.000000 
0.361717 0.000000 
0.401190 0.000000 
0.003203 0.000000 
-0.307489 0.000000 
0.036536 0.000000 
-0.354437 0.000000 
0.621055 0.000000 
0.103426 0.000000 
0.219856 0.000000 
-0.500915 0.000000 
0.069384 0.000000 
-0.672414 0.000000 
0.536635 0.000000 
0.064893 -0.000000 
-0.254622 0.000000 
0.890164 0.000000 
-0.484179 0.000000 
-0.294236 0.000000 
0.536243 0.000000 
0.179567 0.000000 
-0.294686 0.000000 
0.178842 0.000000 
0.386787 0.000000 
-0.827340 0.000000 
-0.389546 0.000000 
0.155055 -0.000000 
0.126908 -0.000000 
0.233937 0.000000 
0.397920 0.000000 
-0.040249 -0.000000 
0.791446 0.000000 
0.316598 -0.000000 
0.313722 0.000000 
-0.157056 -0.000000 
-0.416406 0.000000 
-0.425500 -0.000000 
-0.259506 0.000000 
0.261890 -0.000000 
0.931974 0.000000 
0.244345 0.000000 
0.752942 0.000000 
0.643064 0.000000 
-0.175736 0.000000 
-0.639725 0.000000 
0.151586 -0.000000 
-0.987448 0.000000 
0.327364 -0.000000 
-0.634929 -0.000000 
-0.946033 -0.000000 
0.421487 0.000000 
-0.160516 0.000000 
-0.964730 -0.000000 
0.087603 -0.000000 
-0.699186 0.000000 
0.298756 -0.000000 
-0.078182 0.000000 
-0.671549 0.000000 
-0.267568 0.000000 
0.055161 0.000000 
-0.490621 0.000000 
-0.420585 0.000000 
-0.164364 0.000000 
-0.413734 0.000000 
-0.099052 0.000000 
0.581714 0.000000 
-0.574202 0.000000 
0.335411 0.000000 
1.165919 -0.000000 
0.222838 -0.000000 
0.391508 -0.000000 
-0.173186 0.000000 
-0.020417 0.000000 
0.225348 -0.000000 
-0.056723 0.000000 
-0.277992 0.000000 
0.658970 0.000000 
0.158146 0.000000 
-0.062735 -0.000000 
-0.816957 -0.000000 
-0.118543 0.000000 
-0.067342 0.000000 
-0.257225 -0.000000 
-0.163595 0.000000 
0.270544 0.000000 
-0.152609 0.000000 
0.455860 0.000000 
-0.303615 0.000000 
0.203501 -0.000000 
-0.166674 0.000000 
-1.034001 -0.000000 
-0.604956 -0.000000 
0.034524 0.000000 
0.597179 0.000000 
0.609600 0.000000 
0.831409 0.000000 
0.314885 0.000000 
0.555252 0.000000 
-0.240750 0.000000 
0.201599 0.000000 
-0.123970 0.000000 
-0.306906 0.000000 
1.442309 -0.000000 
0.823678 0.000000 
0.273421 0.000000 
-0.949585 -0.000000 
0.281784 0.000000 
0.518073 0.000000 
0.510231 -0.000000 
-0.699687 0.000000 
0.139178 0.000000 
-0.215323 -0.000000 
-0.096900 0.000000 
-0.195083 0.000000 
-0.659531 -0.000000 
-0.147824 0.000000 
-0.819677 0.000000 
-0.386057 0.000000 
-0.667929 0.000000 
-0.553112 0.000000 
0.053958 0.000000 
-0.007728 0.000000 
0.437660 0.000000 
0.748687 0.000000 
-0.163760 0.000000 
0.133037 0.000000 
0.030148 0.000000 
-0.027521 0.000000 
-0.994702 0.000000 
0.630456 0.000000 
-0.367387 0.000000 
-0.153938 0.000000 
0.440117 -0.000000 
0.611318 0.000000 
-0.252644 0.000000 
-0.700552 0.000000 
0.026987 -0.000000 
0.275821 -0.000000 
-0.321144 -0.000000 
-0.753387 -0.000000 
-0.142004 -0.000000 
0.183886 0.000000 
-0.087743 0.000000 
-0.006338 -0.000000 
-0.469678 0.000000 
0.340858 -0.000000 
-0.014031 0.000000 
-0.270223 -0.000000 
-0.836195 0.000000 
0.516653 0.000000 
0.143785 0.000000 
0.131297 0.000000 
-0.149820 -0.000000 
0.713356 0.000000 
-0.346651 -0.000000 
0.113280 -0.000000 
0.002266 0.000000 
-0.162370 0.000000 
1.007625 0.000000 
0.043225 0.000000 
-0.383741 0.000000 
-0.287700 -0.000000 
0.578485 -0.000000 
-0.071015 -0.000000 
0.077570 -0.000000 
0.216792 -0.000000 
0.229070 0.000000 
-0.161081 0.000000 
0.057206 0.000000 
-0.100936 0.000000 
-0.255806 -0.000000 
-0.287039 0.000000 
-0.111489 0.000000 
1.070502 0.000000 
0.489192 -0.000000 
-0.208387 0.000000 
0.020254 0.000000 
-0.881015 -0.000000 
-0.303887 0.000000 
0.573162 -0.000000 
0.044197 -0.000000 
0.145775 -0.000000 
-0.813402 0.000000 
-0.063774 -0.000000 
0.400233 -0.000000 
-0.190598 0.000000 
0.219366 0.000000 
0.795661 0.000000 
-0.177224 0.000000 
-0.249648 0.000000 
-0.887304 -0.000000 
-0.276518 0.000000 
-0.002319 0.000000 
-0.219364 0.000000 
0.054808 0.000000 
-0.685368 0.000000 
0.020719 0.000000 
0.149279 0.000000 
0.394877 0.000000 
-0.788647 0.000000 
-0.164258 0.000000 
0.208703 -0.000000 
-0.543421 0.000000 
-0.096774 0.000000 
-0.282812 -0.000000 
-0.195711 -0.000000 
-0.575375 0.000000 
0.161804 -0.000000 
-0.494580 0.000000 
0.512586 0.000000 
-0.306503 -0.000000 
-0.082871 0.000000 
0.801271 -0.000000 
0.331260 0.000000 
0.393166 0.000000 
-0.253158 -0.000000 
-0.234608 0.000000 
0.219155 0.000000 
-0.508348 -0.000000 
-0.028035 0.000000 
-0.123640 -0.000000 
-0.492797 0.000000 
-0.062198 0.000000 
0.099830 -0.000000 
-0.728859 -0.000000 
-0.203326 0.000000 
0.277757 -0.000000 
0.003301 0.000000 
-0.510246 0.000000 
0.379979 0.000000 
-0.590296 0.000000 
-0.717744 0.000000 
0.177086 0.000000 
0.096074 -0.000000 
-0.076884 0.000000 
-0.124134 0.000000 
-0.270329 0.000000 
0.251091 0.000000 
-0.652234 0.000000 
-0.061128 0.000000 
0.690403 0.000000 
0.478715 0.000000 
0.260367 0.000000 
-0.101187 -0.000000 
-0.017075 -0.000000 
-0.053839 0.000000 
0.713450 -0.000000 
-0.026370 -0.000000 
0.695002 0.000000 
0.317786 -0.000000 
-0.113295 0.000000 
0.210607 0.000000 
0.826230 0.000000 
0.173999 0.000000 
0.043507 0.000000 
0.193719 0.000000 
0.542169 -0.000000 
0.247213 0.000000 
0.433886 -0.000000 
0.239492 0.000000 
0.404955 0.000000 
-0.614484 -0.000000 
0.399109 0.000000 
-0.716737 0.000000 
-0.007502 0.000000 
0.289537 0.000000 
-0.680260 -0.000000 
-0.133186 0.000000 
0.188304 0.000000 
-0.846283 0.000000 
-0.049582 0.000000 
-0.040119 0.000000 
-0.068617 0.000000 
-0.398291 0.000000 
0.589477 0.000000 
-0.237323 -0.000000 
0.918677 0.000000 
0.251567 0.000000 
0.180240 -0.000000 
-0.235705 0.000000 
-0.213266 0.000000 
-0.611670 -0.000000 
-0.367949 0.000000 
-0.423600 0.000000 
0.336980 0.000000 
-1.202381 0.000000 
-0.005254 -0.000000 
-0.013578 0.000000 
0.695810 -0.000000 
-0.133809 0.000000 
-0.344765 0.000000 
0.546088 -0.000000 
0.961080 0.000000 
-0.162078 -0.000000 
-0.106841 0.000000 
0.699442 -0.000000 
0.594668 0.000000 
-1.031011 0.000000 
0.494563 0.000000 
0.076406 -0.000000 
-0.481954 0.000000 
-0.115437 0.000000 
0.797557 -0.000000 
0.075309 0.000000 
0.132120 0.000000 
0.500886 -0.000000 
-0.264748 0.000000 
-0.590944 0.000000 
-0.070132 0.000000 
0.491342 0.000000 
-0.123331 0.000000 
0.070661 0.000000 
-1.005310 0.000000 
-0.015557 0.000000 
0.768344 0.000000 
0.336243 0.000000 
0.130239 -0.000000 
0.825512 0.000000 
-0.006693 -0.000000 
-0.126616 0.000000 
-0.549769 -0.000000 
0.535297 -0.000000 
0.493967 0.000000 
0.411570 0.000000 
-0.086954 -0.000000 
0.395814 0.000000 
0.140481 0.000000 
0.444609 -0.000000 
-0.403381 0.000000 
0.490972 0.000000 
0.366476 -0.000000 
-0.046132 -0.000000 
0.973891 -0.000000 
-0.196921 -0.000000 
-0.771404 0.000000 
0.110814 0.000000 
0.461936 0.000000 
0.382318 0.000000 
-0.278250 -0.000000 
0.989769 0.000000 
-0.164068 -0.000000 
0.279571 0.000000 
-0.131468 0.000000 
-0.237378 0.000000 
-0.219938 0.000000 
-0.438205 0.000000 
0.422588 0.000000 
0.432597 0.000000 
-0.325038 0.000000 
-0.111158 0.000000 
0.220589 0.000000 
-0.274563 0.000000 
-0.482426 0.000000 
0.296080 -0.000000 
0.179275 0.000000 
0.006897 0.000000 
0.680140 0.000000 
-0.588230 0.000000 
-0.610560 0.000000 
-0.616310 -0.000000 
0.692867 0.000000 
-0.063529 0.000000 
0.521420 0.000000 
0.255875 -0.000000 
-0.740588 0.000000 
0.647998 0.000000 
-0.593088 -0.000000 
-0.144990 0.000000 
-0.032283 0.000000 
-0.709877 0.000000 
0.559103 -0.000000 
-0.795220 -0.000000 
-0.964124 -0.000000 
-0.035521 -0.000000 
-0.417758 0.000000 
0.283620 0.000000 
-0.197054 0.000000 
-0.400056 -0.000000 
0.430119 0.000000 
0.131195 0.000000 
0.415957 -0.000000 
-0.623469 0.000000 
-0.480081 0.000000 
-0.144113 -0.000000 
0.386037 -0.000000 
0.337394 0.000000 
0.381443 0.000000 
-0.100116 0.000000 
-0.777168 0.000000 
-0.050253 0.000000 
-0.004827 0.000000 
1.040624 -0.000000 
0.296429 0.000000 
0.345024 -0.000000 
0.073370 -0.000000 
0.238014 0.000000 
-0.319332 0.000000 
-0.392572 0.000000 
-0.159275 0.000000 
0.072190 -0.000000 
0.227044 0.000000 
-0.452281 0.000000 
-0.111628 0.000000 
-0.103019 -0.000000 
0.051976 0.000000 
0.357562 -0.000000 
-0.365571 0.000000 
-0.593718 -0.000000 
0.105494 -0.000000 
0.920323 0.000000 
-0.216977 0.000000 
0.231088 0.000000 
0.136862 -0.000000 
-0.272437 -0.000000 
-0.187260 0.000000 
-1.077388 0.000000 
0.879562 -0.000000 
0.151795 0.000000 
-0.457448 0.000000 
0.324927 0.000000 
0.487035 0.000000 
-0.782861 0.000000 
0.373631 -0.000000 
-0.429376 -0.000000 
0.150765 -0.000000 
0.279561 0.000000 
0.080990 -0.000000 
0.668610 -0.000000 
0.017322 0.000000 
0.221829 -0.000000 
-0.124648 -0.000000 
-0.174185 0.000000 
0.588195 -0.000000 
0.750794 0.000000 
0.733568 0.000000 
0.259368 0.000000 
0.246765 -0.000000 
-0.866348 -0.000000 
0.162944 0.000000 
-0.047163 0.000000 
-0.171525 0.000000 
-0.104453 0.000000 
-0.412791 0.000000 
-0.274302 0.000000 
-0.131380 0.000000 
-0.231231 0.000000 
0.911837 0.000000 
-0.436079 -0.000000 
-0.011962 0.000000 
0.083571 -0.000000 
0.237162 0.000000 
-0.329566 0.000000 
-1.222256 0.000000 
-0.319842 -0.000000 
-0.976008 0.000000 
0.193795 -0.000000 
-0.078139 -0.000000 
-0.268570 0.000000 
0.446649 0.000000 
0.389595 0.000000 
-0.198541 0.000000 
0.264850 0.000000 
-1.265553 0.000000 
-0.081097 0.000000 
-0.306455 -0.000000 
-0.332600 0.000000 
0.388438 0.000000 
0.339585 0.000000 
-0.655995 -0.000000 
-0.046375 -0.000000 
-0.766902 -0.000000 
-0.311184 -0.000000 
-0.719185 0.000000 
0.134193 0.000000 
-0.301991 0.000000 
-0.299762 0.000000 
-0.414593 -0.000000 
-0.718831 0.000000 
0.724657 0.000000 
-0.351114 0.000000 
0.338754 0.000000 
-0.258498 -0.000000 
0.295123 -0.000000 
-0.710367 0.000000 
-0.266648 0.000000 
0.174059 0.000000 
-0.480951 -0.000000 
-0.611497 0.000000 
-0.527163 0.000000 
0.153186 -0.000000 
-0.779852 0.000000 
0.178564 0.000000 
0.455841 0.000000 
-0.287268 0.000000 
1.283325 -0.000000 
0.107087 -0.000000 
0.656825 -0.000000 
1.183223 -0.000000 
0.550723 0.000000 
-0.304622 -0.000000 
0.606708 0.000000 
0.010715 0.000000 
0.155756 -0.000000 
0.740003 0.000000 
-0.015313 0.000000 
-0.148302 -0.000000 
-0.474408 -0.000000 
-0.194392 0.000000 
-0.397741 -0.000000 
-0.437563 -0.000000 
-0.658951 0.000000 
0.585528 -0.000000 
0.240533 -0.000000 
0.153535 0.000000 
-0.386991 -0.000000 
1.045362 0.000000 
0.063602 0.000000 
-0.349820 -0.000000 
0.580279 0.000000 
1.450351 0.000000 
-0.296342 -0.000000 
-0.935812 0.000000 
-0.662403 0.000000 
-0.077873 0.000000 
0.287549 0.000000 
-1.159241 0.000000 
-0.372520 0.000000 
0.377340 0.000000 
0.757251 -0.000000 
0.255257 0.000000 
1.122465 0.000000 
-0.466040 -0.000000 
0.592212 0.000000 
-0.131361 -0.000000 
-0.862348 0.000000 
-0.230580 0.000000 
-0.551874 -0.000000 
0.139716 0.000000 
-0.485778 -0.000000 
-1.101026 0.000000 
-0.390341 -0.000000 
0.191032 0.000000 
0.427688 0.000000 
0.534813 0.000000 
0.153426 -0.000000 
0.271127 -0.000000 
-0.106111 0.000000 
-0.455202 0.000000 
0.375117 0.000000 
0.202723 0.000000 
-0.168435 0.000000 
0.248828 0.000000 
0.051464 -0.000000 
0.067828 0.000000 
0.279748 -0.000000 
0.048050 0.000000 
-0.218528 0.000000 
0.768781 0.000000 
-0.206831 0.000000 
0.709945 -0.000000 
0.928182 -0.000000 
-0.774632 0.000000 
0.193081 0.000000 
0.367035 0.000000 
-0.046016 0.000000 
-0.459314 0.000000 
-0.021230 0.000000 
-0.469236 0.000000 
-0.249038 0.000000 
-0.016446 0.000000 
-0.285254 -0.000000 
-0.654988 0.000000 
0.052636 -0.000000 
1.048540 0.000000 
0.704094 0.000000 
0.667871 0.000000 
0.638362 -0.000000 
0.234314 0.000000 
0.394822 -0.000000 
0.613058 0.000000 
-0.119247 -0.000000 
0.202416 0.000000 
-0.474330 0.000000 
-0.569941 0.000000 
-0.321930 -0.000000 
0.924414 -0.000000 
0.327224 0.000000 
0.694299 -0.000000 
0.052821 -0.000000 
0.577847 0.000000 
0.581278 -0.000000 
0.086540 -0.000000 
-0.260834 -0.000000 
-0.076303 -0.000000 
-0.274291 -0.000000 
0.466507 -0.000000 
0.096174 0.000000 
0.081550 0.000000 
0.343940 0.000000 
0.147025 0.000000 
-0.437973 -0.000000 
0.041102 0.000000 
0.381520 0.000000 
-0.318831 0.000000 
-0.730827 -0.000000 
0.241841 0.000000 
0.382035 -0.000000 
-0.141660 0.000000 
-0.628673 -0.000000 
0.758897 0.000000 
0.370382 0.000000 
-0.004712 0.000000 
0.345290 0.000000 
0.417177 -0.000000 
0.239928 -0.000000 
-0.200340 0.000000 
0.247732 0.000000 
-0.080064 0.000000 
-0.412056 0.000000 
-0.306680 0.000000 
1.042274 0.000000 
-0.074811 -0.000000 
-0.594107 0.000000 
0.994196 0.000000 
0.258406 -0.000000 
-1.164330 -0.000000 
-0.385517 0.000000 
-0.658465 0.000000 
-0.886867 0.000000 
-0.474783 0.000000 
-0.075154 0.000000 
0.039639 -0.000000 
0.347686 0.000000 
-0.500376 0.000000 
1.199063 -0.000000 
0.078637 0.000000 
-0.706595 -0.000000 
0.428198 0.000000 
0.165220 0.000000 
0.098572 0.000000 
0.006749 0.000000 
0.367826 0.000000 
0.085352 -0.000000 
-0.560634 0.000000 
1.023528 0.000000 
-0.397936 0.000000 
0.303706 0.000000 
0.387622 0.000000 
0.261432 -0.000000 
-0.687254 -0.000000 
0.313405 0.000000 
0.486172 0.000000 
-0.601953 -0.000000 
0.062315 0.000000 
0.114102 -0.000000 
-0.010173 0.000000 
0.141371 0.000000 
0.672098 0.000000 
-0.199079 -0.000000 
0.215167 0.000000 
0.335705 -0.000000 
0.088220 0.000000 
0.597993 -0.000000 
0.532979 0.000000 
-0.398029 -0.000000 
-0.824595 -0.000000 
-0.340075 -0.000000 
0.090449 0.000000 
0.490128 0.000000 
-0.706826 -0.000000 
-0.237028 0.000000 
0.064747 0.000000 
-0.910664 0.000000 
0.171321 0.000000 
0.436821 0.000000 
-0.030078 0.000000 
-0.373654 0.000000 
-0.611195 0.000000 
0.244997 -0.000000 
0.281320 -0.000000 
0.125021 0.000000 
0.535189 0.000000 
-0.480094 -0.000000 
0.291848 -0.000000 
0.319241 0.000000 
-0.340845 0.000000 
0.614315 0.000000 
0.757519 0.000000 
-0.515201 0.000000 
0.053895 -0.000000 
1.467980 0.000000 
-0.122496 0.000000 
0.503865 0.000000 
-0.397512 0.000000 
0.081517 0.000000 
0.203643 -0.000000 
0.274626 -0.000000 
-0.386188 -0.000000 
-0.099443 0.000000 
-0.129974 -0.000000 
0.317755 -0.000000 
0.384901 -0.000000 
-0.737927 0.000000 
1.288564 0.000000 
-0.005710 -0.000000 
-0.271129 0.000000 
0.308822 -0.000000 
-0.280164 0.000000 
-0.137992 -0.000000 
0.122199 -0.000000 
0.643400 0.000000 
-1.009585 -0.000000 
-0.562130 -0.000000 
0.285058 -0.000000 
0.160950 0.000000 
0.322630 0.000000 
0.677574 0.000000 
0.310656 -0.000000 
-0.265097 0.000000 
0.001375 0.000000 
0.436488 0.000000 
-0.233775 0.000000 
0.187465 0.000000 
-0.290551 0.000000 
-0.221595 0.000000 
-0.459726 0.000000 
0.194399 0.000000 
0.110529 0.000000 
-0.291310 -0.000000 
0.274823 0.000000 
-0.032224 -0.000000 
0.092972 0.000000 
0.561512 0.000000 
-0.529665 -0.000000 
-0.074467 0.000000 
-0.245656 0.000000 
-0.828086 0.000000 
0.192585 0.000000 
-0.283063 0.000000 
0.650772 0.000000 
0.161768 0.000000 
-0.061592 0.000000 
0.275585 0.000000 
-0.152711 0.000000 
0.166093 0.000000 
-0.056384 0.000000 
0.126854 -0.000000 
0.450329 -0.000000 
1.257117 -0.000000 
-0.654887 0.000000 
0.410865 0.000000 
0.293726 -0.000000 
-0.061388 -0.000000 
0.057904 0.000000 
-0.507899 -0.000000 
0.233885 0.000000 
0.346185 -0.000000 
0.288950 0.000000 
-0.524258 -0.000000 
-0.026526 0.000000 
-0.414099 -0.000000 
1.035548 0.000000 
-0.080822 0.000000 
0.091020 0.000000 
-0.174238 0.000000 
-0.494894 -0.000000 
-0.021747 -0.000000 
0.043562 0.000000 
-0.338675 -0.000000 
0.709420 0.000000 
-0.651916 -0.000000 
0.102102 -0.000000 
-0.314325 0.000000 
-0.198929 0.000000 
-0.090861 0.000000 
-0.158154 -0.000000 
-0.086427 -0.000000 
0.979158 -0.000000 
0.114670 0.000000 
-0.319702 0.000000 
0.516264 0.000000 
-0.106596 -0.000000 
0.070911 0.000000 
-0.325137 -0.000000 
-0.017052 -0.000000 
0.842649 0.000000 
-0.292330 0.000000 
0.152739 -0.000000 
-0.516934 0.000000 
-0.373524 0.000000 
-0.159034 0.000000 
0.561627 0.000000 
0.945141 0.000000 
0.558950 0.000000 
0.560278 0.000000 
-0.693542 0.000000 
0.042105 0.000000 
-0.825413 0.000000 
0.776201 0.000000 
-0.097056 0.000000 
-0.217974 0.000000 
-0.434692 0.000000 
0.131202 0.000000 
0.632796 -0.000000 
0.335185 -0.000000 
-0.489753 -0.000000 
-0.276823 0.000000 
-0.418737 -0.000000 
0.028605 0.000000 
0.895970 0.000000 
-0.154867 0.000000 
-0.378951 0.000000 
-0.250462 0.000000 
0.152142 -0.000000 
-0.000109 0.000000 
-0.107683 0.000000 
-0.238448 0.000000 
0.197939 0.000000 
-0.403798 -0.000000 
0.519078 0.000000 
-0.335367 0.000000 
-0.547933 -0.000000 
-0.426956 0.000000 
-0.496224 0.000000 
-0.591195 0.000000 
0.465886 0.000000 
1.100076 -0.000000 
-0.592835 0.000000 
1.215733 0.000000 
-0.872391 0.000000 
0.334857 0.000000 
-0.194696 -0.000000 
-0.965631 0.000000 
0.174706 -0.000000 
0.657395 0.000000 
0.244357 -0.000000 
0.207204 -0.000000 
-0.513902 -0.000000 
0.676740 -0.000000 
0.821020 0.000000 
0.157032 -0.000000 
1.226067 0.000000 
-0.105535 0.000000 
-0.281465 0.000000 
-0.130237 0.000000 
1.171695 -0.000000 
-0.053736 -0.000000 
0.354297 0.000000 
-0.062775 0.000000 
0.056576 0.000000 
0.185469 0.000000 
-0.118937 0.000000 
-0.082556 0.000000 
-0.671426 0.000000 
-0.248889 0.000000 
0.081641 0.000000 
0.317713 -0.000000 
-0.504574 0.000000 
-0.095195 -0.000000 
-0.949558 0.000000 
0.919706 0.000000 
-0.044747 0.000000 
0.044122 0.000000 
-0.065464 0.000000 
-0.237147 0.000000 
0.308027 -0.000000 
-0.323471 0.000000 
-0.057391 0.000000 
-0.669797 -0.000000 
-0.157868 -0.000000 
0.701403 0.000000 
-0.028710 -0.000000 
0.391360 -0.000000 
0.781997 0.000000 
0.178756 0.000000 
0.088372 0.000000 
-0.622364 -0.000000 
-0.031469 0.000000 
0.193848 0.000000 
-0.313229 0.000000 
-0.038257 -0.000000 
0.120977 0.000000 
0.289667 0.000000 
-0.649012 0.000000 
-0.332565 0.000000 
-0.005045 0.000000 
0.543967 0.000000 
-0.150591 0.000000 
-0.547131 -0.000000 
0.781261 0.000000 
0.508900 0.000000 
-0.159075 0.000000 
0.001009 0.000000 
0.022388 0.000000 
0.374921 -0.000000 
0.010727 0.000000 
-0.353829 0.000000 
-0.668215 0.000000 
0.271394 0.000000 
0.159575 0.000000 
0.177673 0.000000 
0.290609 0.000000 
-0.247177 0.000000 
-0.118257 0.000000 
-0.377713 0.000000 
-0.605745 0.000000 
-0.116794 0.000000 
0.526203 0.000000 
-0.724118 0.000000 
0.060149 0.000000 
-0.254471 0.000000 
0.236413 -0.000000 
-0.756837 -0.000000 
-0.105311 0.000000 
-0.049299 0.000000 
-0.154482 0.000000 
-0.206345 0.000000 
-0.081702 0.000000 
-0.727465 0.000000 
0.480479 -0.000000 
-0.032429 0.000000 
-0.114181 0.000000 
0.693849 0.000000 
-0.330466 0.000000 
1.010653 -0.000000 
0.459432 0.000000 
0.135422 -0.000000 
-0.919640 0.000000 
-0.307992 0.000000 
-0.435746 -0.000000 
-0.287321 -0.000000 
-0.180053 -0.000000 
-0.529485 0.000000 
-0.212415 0.000000 
-0.637667 -0.000000 
-0.220914 -0.000000 
0.176636 0.000000 
-0.208782 0.000000 
-0.644793 -0.000000 
-0.487330 -0.000000 
1.090287 0.000000 
0.309675 -0.000000 
-0.686176 0.000000 
-0.020347 0.000000 
-0.513280 0.000000 
-0.856681 0.000000 
0.099338 0.000000 
-0.269864 -0.000000 
0.025597 -0.000000 
0.286720 0.000000 
0.141318 0.000000 
-0.058875 -0.000000 
0.285213 0.000000 
0.056506 -0.000000 
-0.056121 -0.000000 
-0.105979 0.000000 
-0.054655 0.000000 
-1.070262 0.000000 
0.567666 0.000000 
0.516865 0.000000 
-0.689542 0.000000 
-1.105385 0.000000 
-0.021902 -0.000000 
-0.793901 0.000000 
-0.218065 0.000000 
0.463881 -0.000000 
0.533081 0.000000 
-0.220099 0.000000 
0.850081 0.000000 
-0.416077 -0.000000 
0.805052 -0.000000 
0.535302 0.000000 
0.663043 -0.000000 
-0.084989 0.000000 
0.264451 -0.000000 
-0.133672 0.000000 
-0.412519 0.000000 
-0.299005 -0.000000 
-0.183510 -0.000000 
0.377213 -0.000000 
0.198953 0.000000 
-0.027923 0.000000 
0.249896 -0.000000 
-0.036148 0.000000 
0.502987 0.000000 
0.213242 0.000000 
-0.695343 0.000000 
-0.294368 0.000000 
-0.266550 0.000000 
0.891815 -0.000000 
0.529107 0.000000 
0.224859 0.000000 
0.428061 -0.000000 
0.181614 -0.000000 
-0.205265 -0.000000 
-0.081544 0.000000 
-0.155808 0.000000 
-0.392309 -0.000000 
0.423616 -0.000000 
0.009702 -0.000000 
-0.292075 0.000000 
-1.047887 0.000000 
-0.615208 -0.000000 
-0.485549 0.000000 
-0.278196 0.000000 
-0.548159 0.000000 
-0.347397 0.000000 
-0.445590 0.000000 
-0.222051 0.000000 
-0.299454 -0.000000 
0.148774 0.000000 
-0.625833 -0.000000 
0.113165 0.000000 
-0.003748 -0.000000 
-0.489678 0.000000 
0.373662 -0.000000 
-0.115315 0.000000 
1.172452 -0.000000 
0.372829 -0.000000 
-0.598521 -0.000000 
-0.776376 0.000000 
0.291445 0.000000 
-1.385655 0.000000 
-0.134287 -0.000000 
-0.173903 -0.000000 
0.274268 -0.000000 
0.768434 -0.000000 
0.229173 -0.000000 
-0.860465 -0.000000 
-0.170326 0.000000 
-0.258563 0.000000 
-0.154286 0.000000 
0.370075 0.000000 
0.468224 0.000000 
-1.087666 0.000000 
0.817674 -0.000000 
0.033989 0.000000 
0.330498 0.000000 
0.163814 0.000000 
-0.117863 -0.000000 
-0.761551 0.000000 
-0.253577 0.000000 
-0.237029 0.000000 
-0.135717 -0.000000 
-0.266284 0.000000 
0.786009 0.000000 
-0.107330 0.000000 
0.423914 0.000000 
0.722904 0.000000 
0.507593 0.000000 
0.698887 0.000000 
-0.081058 0.000000 
0.350159 0.000000 
0.178513 0.000000 
-0.002714 0.000000 
-0.140391 0.000000 
0.034076 0.000000 
-0.091593 0.000000 
-0.506567 0.000000 
0.506706 0.000000 
-0.346542 0.000000 
-0.583818 0.000000 
0.199759 -0.000000 
0.233945 0.000000 
1.040717 -0.000000 
-0.057664 -0.000000 
-0.214838 0.000000 
0.283662 -0.000000 
-0.810758 -0.000000 
0.568598 0.000000 
-0.966506 0.000000 
-0.919457 -0.000000 
0.433671 0.000000 
0.279432 -0.000000 
-0.668395 -0.000000 
-0.171203 0.000000 
0.097016 0.000000 
-0.625779 0.000000 
0.069538 0.000000 
-0.323723 0.000000 
0.088853 -0.000000 
-0.245905 0.000000 
0.227384 -0.000000 
-0.274619 -0.000000 
0.577996 0.000000 
1.026048 0.000000 
0.490250 0.000000 
0.104841 -0.000000 
-0.477688 -0.000000 
0.280284 0.000000 
0.347411 0.000000 
-0.032252 0.000000 
-0.503986 0.000000 
-0.248258 0.000000 
-0.228864 0.000000 
0.436094 0.000000 
0.832716 0.000000 
-0.126632 -0.000000 
0.189604 0.000000 
-0.694642 -0.000000 
-0.494459 -0.000000 
-0.643649 -0.000000 
-0.218497 0.000000 
-0.140617 0.000000 
0.385638 0.000000 
0.279582 0.000000 
-0.000972 -0.000000 
-0.116412 0.000000 
-0.367398 0.000000 
-0.848652 0.000000 
-0.200126 0.000000 
0.779723 -0.000000 
-0.061810 0.000000 
-0.017467 0.000000 
-0.239661 -0.000000 
-0.699980 0.000000 
-0.678991 0.000000 
-0.447441 0.000000 
-0.021812 0.000000 
-0.978765 -0.000000 
-0.724894 0.000000 
-0.564004 0.000000 
0.463347 -0.000000 
0.603186 -0.000000 
-0.542621 0.000000 
0.005499 -0.000000 
-1.326771 0.000000 
-0.117523 -0.000000 
0.233433 0.000000 
-0.130156 -0.000000 
0.395096 0.000000 
-0.423031 0.000000 
0.675797 -0.000000 
-0.523515 0.000000 
-0.391458 0.000000 
-0.434834 0.000000 
-0.043336 0.000000 
-0.230803 -0.000000 
-0.881319 0.000000 
-0.002923 -0.000000 
-0.345167 -0.000000 
0.979993 0.000000 
0.968382 -0.000000 
-0.016044 0.000000 
1.044919 0.000000 
0.406188 -0.000000 
-0.199059 0.000000 
-0.187553 0.000000 
0.105061 0.000000 
-0.559996 0.000000 
-0.377545 -0.000000 
0.405633 -0.000000 
-0.255697 0.000000 
-0.508702 -0.000000 
0.070196 -0.000000 
-0.493955 0.000000 
1.275700 -0.000000 
0.032212 0.000000 
-0.587148 -0.000000 
-0.014070 0.000000 
0.049129 0.000000 
-0.340110 0.000000 
-0.243800 0.000000 
-0.332407 -0.000000 
0.569444 0.000000 
-0.005485 -0.000000 
0.008098 0.000000 
-0.361768 0.000000 
0.149194 0.000000 
0.240140 0.000000 
-0.425713 -0.000000 
-0.453473 0.000000 
0.007451 0.000000 
0.353301 0.000000 
0.499236 -0.000000 
0.085550 0.000000 
0.336317 0.000000 
-0.576833 0.000000 
-0.783814 0.000000 
0.546879 0.000000 
0.466101 -0.000000 
0.352009 0.000000 
0.262171 -0.000000 
0.036645 0.000000 
0.093681 0.000000 
0.192485 0.000000 
0.683672 -0.000000 
-0.272257 0.000000 
0.224502 0.000000 
-0.144472 0.000000 
0.041229 0.000000 
-1.172896 0.000000 
0.006688 0.000000 
0.832623 0.000000 
-0.305938 0.000000 
-0.735240 0.000000 
-0.516550 -0.000000 
0.315158 0.000000 
0.094407 0.000000 
0.388273 -0.000000 
-0.656634 0.000000 
-0.151702 0.000000 
-0.398540 0.000000 
-1.050991 -0.000000 
-0.901975 -0.000000 
0.610023 -0.000000 
0.348757 0.000000 
-0.763484 -0.000000 
-0.027303 0.000000 
0.108116 0.000000 
-0.179638 -0.000000 
-0.272600 0.000000 
-0.553399 0.000000 
1.358364 0.000000 
0.079927 0.000000 
-0.457521 -0.000000 
0.536540 -0.000000 
0.503599 0.000000 
-0.421946 -0.000000 
-0.078347 0.000000 
-0.330829 0.000000 
-0.846272 0.000000 
-1.217396 0.000000 
0.654822 -0.000000 
-0.581691 0.000000 
0.535100 0.000000 
-1.061566 0.000000 
-0.740957 -0.000000 
0.442523 0.000000 
-0.275305 0.000000 
0.564311 0.000000 
0.476977 -0.000000 
-0.648683 0.000000 
0.622261 -0.000000 
0.573575 -0.000000 
0.142152 0.000000 
0.966403 0.000000 
-0.780086 0.000000 
-0.132741 0.000000 
0.292222 0.000000 
-0.201574 0.000000 
1.319161 0.000000 
0.253194 0.000000 
0.458673 0.000000 
-0.723899 -0.000000 
0.045986 -0.000000 
0.122989 0.000000 
-0.319693 0.000000 
-0.058622 0.000000 
0.162001 0.000000 
0.347147 0.000000 
-0.114242 0.000000 
-0.607268 0.000000 
-0.317147 -0.000000 
0.007191 0.000000 
0.898073 -0.000000 
0.002738 0.000000 
-0.525348 -0.000000 
-0.019217 -0.000000 
0.621877 0.000000 
0.367038 -0.000000 
0.642217 0.000000 
-0.206329 0.000000 
-0.758258 0.000000 
0.099765 0.000000 
-0.088252 0.000000 
-0.153329 0.000000 
0.242619 0.000000 
0.893237 -0.000000 
0.382988 -0.000000 
0.548284 0.000000 
-0.312020 -0.000000 
0.091009 0.000000 
0.077440 -0.000000 
0.719901 0.000000 
1.288597 0.000000 
-0.170600 0.000000 
-0.683821 -0.000000 
0.067742 0.000000 
0.146858 0.000000 
-0.133346 0.000000 
0.241623 0.000000 
-0.044482 0.000000 
-0.070338 -0.000000 
0.182456 0.000000 
-0.100604 0.000000 
-0.275917 -0.000000 
-0.211464 -0.000000 
-0.349513 -0.000000 
0.071448 0.000000 
0.605513 -0.000000 
0.801165 0.000000 
-0.221376 0.000000 
-0.891653 0.000000 
0.532141 0.000000 
0.227908 0.000000 
0.354886 0.000000 
0.082302 -0.000000 
0.562126 -0.000000 
-1.069687 0.000000 
-0.852226 0.000000 
-0.816781 -0.000000 
0.139678 -0.000000 
-0.064223 0.000000 
-0.379269 0.000000 
0.052024 0.000000 
-0.075189 -0.000000 
0.122396 0.000000 
0.144491 0.000000 
0.397705 0.000000 
-0.055081 0.000000 
0.412124 -0.000000 
0.065166 0.000000 
0.091045 0.000000 
0.253191 0.000000 
0.413587 0.000000 
0.006871 0.000000 
-0.419953 0.000000 
-0.259044 0.000000 
0.884917 0.000000 
0.173589 0.000000 
-0.141076 -0.000000 
0.290914 0.000000 
0.718557 0.000000 
-0.153291 -0.000000 
-0.424639 -0.000000 
0.235139 -0.000000 
1.219364 -0.000000 
0.576553 0.000000 
0.718446 0.000000 
-0.258050 -0.000000 
0.165390 0.000000 
-0.275791 0.000000 
-0.337942 -0.000000 
0.187053 0.000000 
0.122321 0.000000 
0.853934 -0.000000 
0.256747 -0.000000 
0.467730 -0.000000 
1.352972 0.000000 
0.416313 0.000000 
0.227586 0.000000 
0.613215 0.000000 
-0.080300 0.000000 
0.093692 0.000000 
-0.653818 -0.000000 
0.623834 0.000000 
-0.159845 0.000000 
0.976011 -0.000000 
-0.388898 -0.000000 
-0.215496 -0.000000 
-0.973143 0.000000 
-0.695422 0.000000 
0.160180 0.000000 
0.446515 0.000000 
0.761361 0.000000 
-0.051555 -0.000000 
-0.027190 0.000000 
-0.345874 0.000000 
-0.675068 0.000000 
-0.506008 0.000000 
0.098707 0.000000 
-0.329570 -0.000000 
0.256866 -0.000000 
-0.462866 -0.000000 
-0.035866 -0.000000 
0.495201 0.000000 
0.381633 0.000000 
-0.306590 -0.000000 
-0.535663 -0.000000 
-0.428796 0.000000 
-0.172765 0.000000 
-0.296938 0.000000 
-0.643738 0.000000 
0.135047 -0.000000 
0.305367 0.000000 
-0.278879 -0.000000 
0.182556 0.000000 
0.197871 0.000000 
-0.786007 -0.000000 
-0.160869 0.000000 
-0.198527 0.000000 
0.612435 0.000000 
-0.078276 -0.000000 
0.622033 0.000000 
0.043018 -0.000000 
-0.829167 0.000000 
-0.144088 0.000000 
-0.088742 -0.000000 
0.425400 0.000000 
0.117518 0.000000 
0.109004 -0.000000 
-0.248000 -0.000000 
0.386062 0.000000 
-0.100906 -0.000000 
0.170063 -0.000000 
-1.057943 0.000000 
0.107215 -0.000000 
-0.591593 0.000000 
0.532977 0.000000 
0.229034 0.000000 
-0.256662 0.000000 
0.327475 -0.000000 
0.029392 0.000000 
0.702145 -0.000000 
0.189354 0.000000 
0.042016 0.000000 
0.122552 0.000000 
-0.409203 0.000000 
0.059316 -0.000000 
-0.697379 0.000000 
-0.038219 -0.000000 
-0.253634 -0.000000 
0.683866 0.000000 
0.492274 0.000000 
-0.011393 0.000000 
0.625948 0.000000 
-0.176199 0.000000 
0.407867 -0.000000 
-0.072582 0.000000 
0.936308 0.000000 
-0.052868 -0.000000 
0.030757 -0.000000 
-0.063307 -0.000000 
-0.565347 -0.000000 
0.447230 0.000000 
0.396999 -0.000000 
-0.172257 0.000000 
-0.754881 -0.000000 
0.016597 0.000000 
-0.277869 0.000000 
0.510349 -0.000000 
0.299410 -0.000000 
0.489724 -0.000000 
-0.339110 -0.000000 
-0.147592 0.000000 
-0.220271 0.000000 
0.356270 0.000000 
0.436090 0.000000 
0.694878 0.000000 
0.320095 -0.000000 
0.242069 -0.000000 
-0.585259 -0.000000 
0.960268 0.000000 
-0.370680 0.000000 
0.415294 0.000000 
-0.018647 -0.000000 
0.166416 -0.000000 
0.647075 0.000000 
-0.300793 0.000000 
-0.455183 -0.000000 
1.454998 -0.000000 
1.374194 0.000000 
0.079509 0.000000 
0.445137 -0.000000 
0.672837 0.000000 
-0.602987 0.000000 
-0.176083 0.000000 
0.505407 -0.000000 
-0.505955 0.000000 
-0.275442 -0.000000 
-1.066235 0.000000 
-0.021414 -0.000000 
-0.418614 0.000000 
-0.519068 -0.000000 
-0.788222 -0.000000 
-0.387488 0.000000 
1.225030 -0.000000 
0.336675 0.000000 
0.531985 -0.000000 
0.469520 0.000000 
-0.355602 0.000000 
-0.111084 0.000000 
-0.820850 0.000000 
-0.107573 -0.000000 
-0.036353 0.000000 
-0.170391 0.000000 
-0.156318 0.000000 
-0.290689 0.000000 
-0.419094 0.000000 
-0.051157 0.000000 
0.629578 0.000000 
1.377128 -0.000000 
-0.269018 -0.000000 
-0.282577 -0.000000 
-0.536348 0.000000 
0.649767 0.000000 
-0.089400 -0.000000 
-0.391072 0.000000 
-0.016532 0.000000 
-0.045615 0.000000 
1.012575 0.000000 
-0.505134 0.000000 
0.134430 -0.000000 
0.295636 0.000000 
-0.290695 0.000000 
0.771421 -0.000000 
-0.604805 0.000000 
1.773287 -0.000000 
0.115289 0.000000 
0.201182 -0.000000 
0.894980 0.000000 
0.095040 0.000000 
-0.559518 0.000000 
0.180154 0.000000 
0.149090 0.000000 
0.189623 -0.000000 
0.820531 0.000000 
-0.107977 -0.000000 
0.392842 0.000000 
0.120180 -0.000000 
1.196725 0.000000 
-0.354694 0.000000 
0.243733 0.000000 
-0.337411 0.000000 
0.612399 -0.000000 
-0.308748 0.000000 
-0.482734 0.000000 
0.077137 0.000000 
-0.654316 0.000000 
-0.109661 0.000000 
-0.178940 0.000000 
-0.107272 -0.000000 
0.349660 -0.000000 
-0.498446 0.000000 
0.010167 -0.000000 
-0.757009 -0.000000 
0.135183 -0.000000 
-0.344727 0.000000 
0.000568 0.000000 
0.578201 0.000000 
-0.800885 0.000000 
-0.082783 0.000000 
0.242900 0.000000 
0.142181 0.000000 
-0.687438 0.000000 
-0.497310 -0.000000 
0.572386 0.000000 
0.346276 -0.000000 
0.426213 -0.000000 
0.220291 -0.000000 
-0.141637 0.000000 
0.116795 -0.000000 
-0.781799 0.000000 
-0.530901 0.000000 
0.602479 -0.000000 
0.385040 -0.000000 
0.458138 0.000000 
-0.340487 0.000000 
0.142182 0.000000 
0.583564 0.000000 
-0.085334 -0.000000 
-0.117030 -0.000000 
0.521960 0.000000 
-0.515580 -0.000000 
1.212804 0.000000 
-0.187467 0.000000 
0.965860 0.000000 
0.068579 -0.000000 
0.456007 0.000000 
-0.247237 0.000000 
0.371902 0.000000 
0.598740 0.000000 
0.071531 0.000000 
-0.366402 0.000000 
-0.364567 -0.000000 
-0.403800 0.000000 
-0.918340 0.000000 
-0.140834 0.000000 
-0.479610 0.000000 
-0.000573 0.000000 
0.696196 0.000000 
-0.000709 0.000000 
-0.177927 0.000000 
-0.001701 -0.000000 
0.849757 0.000000 
0.615648 -0.000000 
-0.316505 0.000000 
-0.281748 -0.000000 
0.102547 -0.000000 
-0.616077 0.000000 
-0.374054 -0.000000 
-0.306740 -0.000000 
0.258412 0.000000 
-0.215168 0.000000 
-0.203227 0.000000 
-0.243428 -0.000000 
-0.167447 0.000000 
-0.132188 0.000000 
0.366005 -0.000000 
-0.003336 -0.000000 
-0.117403 -0.000000 
-1.270577 -0.000000 
0.254227 0.000000 
0.032233 -0.000000 
0.055735 0.000000 
0.022989 -0.000000 
0.255349 -0.000000 
-0.035013 0.000000 
0.029581 0.000000 
0.448245 0.000000 
-0.349628 0.000000 
-0.159524 0.000000 
0.347732 0.000000 
-0.068194 0.000000 
0.148626 -0.000000 
-0.439508 0.000000 
0.028611 0.000000 
0.084174 0.000000 
0.024946 0.000000 
-0.602366 -0.000000 
-0.111569 0.000000 
-0.182651 0.000000 
0.275000 0.000000 
-0.485134 0.000000 
-0.444369 -0.000000 
0.010820 0.000000 
-0.358249 0.000000 
-0.335747 0.000000 
-0.957064 0.000000 
0.078094 -0.000000 
0.444996 0.000000 
0.255570 -0.000000 
0.717536 0.000000 
0.157394 0.000000 
0.317356 0.000000 
0.176332 0.000000 
0.030435 0.000000 
0.294496 0.000000 
0.379000 0.000000 
-0.165066 0.000000 
-1.097215 0.000000 
0.205065 0.000000 
-0.608015 0.000000 
0.218588 0.000000 
0.202170 0.000000 
-0.754014 0.000000 
-0.278123 -0.000000 
-0.890829 0.000000 
-0.096235 -0.000000 
-0.442692 0.000000 
0.065854 -0.000000 
-0.749837 0.000000 
0.754790 0.000000 
-0.394645 0.000000 
0.037435 -0.000000 
-0.133705 0.000000 
-0.343838 -0.000000 
0.465920 -0.000000 
0.808631 0.000000 
0.500348 0.000000 
0.201290 0.000000 
0.005160 0.000000 
0.707738 0.000000 
0.424440 -0.000000 
1.102333 0.000000 
-0.558048 0.000000 
0.680501 0.000000 
-0.046074 -0.000000 
-0.328872 -0.000000 
-0.568795 0.000000 
-0.766384 0.000000 
-0.156648 0.000000 
0.100379 0.000000 
-0.199378 -0.000000 
-0.362027 0.000000 
-0.104486 0.000000 
0.144222 0.000000 
0.316943 0.000000 
-0.100714 0.000000 
0.324268 -0.000000 
-0.556374 0.000000 
0.604872 -0.000000 
0.885085 -0.000000 
0.204926 -0.000000 
-0.129107 0.000000 
0.185029 0.000000 
0.654122 0.000000 
-0.215220 -0.000000 
0.738372 -0.000000 
0.194600 -0.000000 
-0.520485 0.000000 
-1.167598 -0.000000 
0.732887 -0.000000 
-0.056806 0.000000 
-0.084758 -0.000000 
-0.130540 -0.000000 
0.312356 0.000000 
0.608258 -0.000000 
0.594625 0.000000 
0.059744 -0.000000 
0.348697 0.000000 
0.260101 0.000000 
0.352261 0.000000 
1.254200 -0.000000 
-0.030817 0.000000 
-0.447835 -0.000000 
0.390220 0.000000 
-0.893222 0.000000 
-0.190990 -0.000000 
-0.532279 -0.000000 
-0.491696 0.000000 
0.145269 0.000000 
0.362857 -0.000000 
0.066374 0.000000 
0.480985 0.000000 
0.453462 0.000000 
-0.133351 -0.000000 
-0.063713 0.000000 
-0.833395 0.000000 
-0.022580 -0.000000 
-0.737631 0.000000 
-0.095137 -0.000000 
-0.364437 -0.000000 
-0.127499 0.000000 
-0.265831 0.000000 
0.138128 -0.000000 
0.578942 0.000000 
-0.026321 0.000000 
-0.346509 0.000000 
-0.449244 0.000000 
0.239989 0.000000 
-0.236487 0.000000 
-0.638800 -0.000000 
-0.052356 0.000000 
-0.423268 -0.000000 
0.183888 0.000000 
-0.763991 0.000000 
-0.238929 0.000000 
-0.749986 0.000000 
0.740030 -0.000000 
-0.210633 0.000000 
0.266337 -0.000000 
0.064820 0.000000 
-0.020783 -0.000000 
-0.124941 -0.000000 
0.240946 0.000000 
-0.497354 0.000000 
0.713869 0.000000 
-0.075268 -0.000000 
0.048733 0.000000 
0.734657 0.000000 
-0.643514 -0.000000 
0.575857 0.000000 
0.236284 -0.000000 
0.450987 0.000000 
-0.663063 0.000000 
0.581488 0.000000 
0.536408 0.000000 
0.081070 0.000000 
0.385283 0.000000 
-0.105659 0.000000 
-0.928240 0.000000 
1.376297 0.000000 
-0.306016 -0.000000 
-1.015787 0.000000 
-0.926536 0.000000 
-0.494638 0.000000 
-0.157930 0.000000 
0.032556 0.000000 
0.043689 0.000000 
0.305875 0.000000 
0.076282 0.000000 
0.787895 0.000000 
-0.174984 0.000000 
-0.018687 -0.000000 
0.158094 -0.000000 
-0.948255 0.000000 
-0.397878 0.000000 
-0.737135 -0.000000 
-0.952348 -0.000000 
0.338695 0.000000 
0.268923 0.000000 
0.014241 0.000000 
-0.407091 0.000000 
0.464537 0.000000 
0.536386 0.000000 
-0.848666 0.000000 
0.585106 0.000000 
-0.387110 0.000000 
-0.603776 0.000000 
-0.030041 0.000000 
0.560199 0.000000 
0.088743 0.000000 
0.708190 -0.000000 
-0.495848 -0.000000 
-1.366421 -0.000000 
0.247782 0.000000 
1.295300 0.000000 
-0.005033 0.000000 
-0.432567 0.000000 
-0.203124 0.000000 
-0.074420 0.000000 
-0.024319 0.000000 
-0.465509 0.000000 
-0.294480 -0.000000 
-0.194651 0.000000 
-0.571612 -0.000000 
0.308411 0.000000 
-0.526480 0.000000 
-0.825615 -0.000000 
-0.200795 0.000000 
0.440158 0.000000 
0.590469 0.000000 
0.177092 0.000000 
0.267849 0.000000 
-0.786864 0.000000 
0.379782 0.000000 
-0.142961 0.000000 
0.605981 0.000000 
0.406889 -0.000000 
0.653078 0.000000 
-0.387124 -0.000000 
0.148152 -0.000000 
0.962804 0.000000 
0.288287 0.000000 
-0.618027 -0.000000 
-0.272411 0.000000 
-0.356495 -0.000000 
0.472522 -0.000000 
0.640940 -0.000000 
0.898463 0.000000 
-0.369656 0.000000 
0.469396 -0.000000 
0.670027 -0.000000 
0.165113 0.000000 
0.672401 0.000000 
0.145339 -0.000000 
0.175761 -0.000000 
-0.295143 0.000000 
-0.509435 0.000000 
0.103488 -0.000000 
-0.489682 -0.000000 
-0.772877 -0.000000 
0.595859 0.000000 
-0.371698 0.000000 
0.634156 0.000000 
0.565266 0.000000 
-0.452390 -0.000000 
-0.495683 0.000000 
-0.492879 0.000000 
0.478820 -0.000000 
0.871502 0.000000 
-0.078419 -0.000000 
0.565517 0.000000 
0.071358 0.000000 
-0.727095 -0.000000 
-1.022910 0.000000 
0.078289 0.000000 
0.294775 0.000000 
-0.543984 -0.000000 
-0.382012 -0.000000 
0.537512 0.000000 
0.266088 -0.000000 
0.092131 -0.000000 
0.936210 -0.000000 
0.279347 0.000000 
0.920495 0.000000 
-0.497770 -0.000000 
0.347010 0.000000 
-0.153427 0.000000 
0.592823 0.000000 
0.250490 0.000000 
0.163864 0.000000 
-0.029868 -0.000000 
-0.220579 0.000000 
0.101316 0.000000 
0.983647 -0.000000 
-0.785153 0.000000 
-0.697791 0.000000 
0.312296 -0.000000 
-0.005310 0.000000 
0.504918 -0.000000 
0.041118 0.000000 
0.033172 0.000000 
0.026008 0.000000 
-0.459742 -0.000000 
0.940706 0.000000 
-0.414167 0.000000 
0.200747 -0.000000 
0.151390 -0.000000 
0.586708 -0.000000 
-0.811447 0.000000 
-0.364105 -0.000000 
0.340679 0.000000 
-0.577149 0.000000 
0.139526 -0.000000 
0.127147 0.000000 
0.565900 0.000000 
0.058279 0.000000 
-0.110131 0.000000 
-0.307950 -0.000000 
-0.086408 0.000000 
0.502003 0.000000 
-0.019335 -0.000000 
0.265186 -0.000000 
0.561365 0.000000 
0.596350 0.000000 
-0.638562 -0.000000 
-0.079280 -0.000000 
0.117667 -0.000000 
0.085863 -0.000000 
-0.554681 0.000000 
-1.059957 0.000000 
0.273481 0.000000 
-0.112543 0.000000 
0.365183 0.000000 
0.344390 -0.000000 
0.071280 0.000000 
-0.437919 0.000000 
-0.991571 -0.000000 
-0.320407 0.000000 
-0.114883 0.000000 
-0.257838 0.000000 
0.616087 0.000000 
-0.402119 -0.000000 
-0.425555 0.000000 
0.246543 -0.000000 
0.160224 0.000000 
-0.599957 0.000000 
-0.811528 0.000000 
0.478739 -0.000000 
0.372823 0.000000 
0.386751 -0.000000 
-0.203142 -0.000000 
0.353872 0.000000 
-0.411028 0.000000 
-0.027340 0.000000 
-0.189126 0.000000 
0.493646 0.000000 
-0.001954 0.000000 
-0.686228 0.000000 
0.489796 0.000000 
-0.351984 0.000000 
1.194492 -0.000000 
-0.190997 0.000000 
0.456967 0.000000 
-0.167366 -0.000000 
0.910923 0.000000 
-0.202119 0.000000 
0.927844 0.000000 
0.137926 0.000000 
-0.292596 0.000000 
0.350037 -0.000000 
-0.147115 0.000000 
-0.141061 0.000000 
0.103169 0.000000 
0.170391 -0.000000 
0.533584 0.000000 
-0.933296 0.000000 
0.240097 -0.000000 
-0.367583 0.000000 
1.335061 0.000000 
1.035941 -0.000000 
0.721224 0.000000 
-0.727631 0.000000 
0.566374 0.000000 
-0.161569 0.000000 
0.058745 -0.000000 
0.445631 0.000000 
-0.344512 -0.000000 
0.971792 -0.000000 
-0.661774 0.000000 
-0.219805 -0.000000 
-0.778140 0.000000 
-0.432098 0.000000 
0.804468 -0.000000 
0.963861 -0.000000 
-0.034526 -0.000000 
-0.221014 0.000000 
0.200331 0.000000 
-0.269320 0.000000 
-0.358020 0.000000 
0.547094 0.000000 
0.073794 0.000000 
-0.344057 0.000000 
-0.748431 -0.000000 
0.375750 0.000000 
1.050619 0.000000 
-0.250705 0.000000 
-1.062152 -0.000000 
-0.115339 -0.000000 
-0.436688 0.000000 
-0.748554 -0.000000 
0.278702 -0.000000 
-0.138908 0.000000 
-0.406461 0.000000 
-0.276578 0.000000 
-0.244377 -0.000000 
0.016273 0.000000 
-0.184775 0.000000 
-0.054744 0.000000 
0.534281 0.000000 
-0.407957 0.000000 
0.756568 0.000000 
-0.038349 0.000000 
0.739631 0.000000 
-0.319826 -0.000000 
-0.091477 0.000000 
-0.078526 -0.000000 
0.818838 -0.000000 
0.178764 -0.000000 
-0.077820 -0.000000 
-0.716236 0.000000 
0.407735 0.000000 
0.111414 0.000000 
0.726654 0.000000 
-0.720254 0.000000 
0.127230 0.000000 
-1.047694 0.000000 
0.800385 -0.000000 
-0.528537 0.000000 
-0.230990 -0.000000 
0.053513 -0.000000 
-0.497798 0.000000 
-0.229243 0.000000 
-0.109817 0.000000 
0.308731 0.000000 
-1.128916 -0.000000 
-0.039761 -0.000000 
-0.135177 0.000000 
-0.039393 0.000000 
0.874874 0.000000 
-0.097674 0.000000 
-0.111782 0.000000 
0.152914 0.000000 
-0.733219 -0.000000 
-0.155444 -0.000000 
0.779541 -0.000000 
-0.448024 0.000000 
0.869221 0.000000 
-0.532129 0.000000 
0.629650 0.000000 
-0.219344 -0.000000 
0.739828 -0.000000 
0.460060 0.000000 
0.461985 -0.000000 
-0.129701 0.000000 
-0.163127 -0.000000 
-0.186624 -0.000000 
-0.091049 0.000000 
0.478773 0.000000 
-0.158916 0.000000 
0.513292 0.000000 
-0.047684 0.000000 
-0.229670 0.000000 
0.512589 0.000000 
-0.457951 0.000000 
-0.106851 -0.000000 
0.343909 0.000000 
-0.530017 0.000000 
-0.302152 0.000000 
0.474686 -0.000000 
0.284965 -0.000000 
0.905227 0.000000 
0.870240 0.000000 
-0.228471 0.000000 
-0.383563 0.000000 
0.008173 -0.000000 
-0.245775 0.000000 
0.232900 -0.000000 
-0.797227 0.000000 
-0.061921 0.000000 
0.092925 0.000000 
-0.693267 0.000000 
0.365101 0.000000 
0.220634 0.000000 
0.321807 0.000000 
0.012071 0.000000 
-0.013645 0.000000 
-1.031664 0.000000 
0.975717 0.000000 
-0.037654 -0.000000 
-0.468344 0.000000 
0.153952 -0.000000 
-0.004915 -0.000000 
0.786931 0.000000 
0.655866 0.000000 
-0.016721 -0.000000 
-0.654023 0.000000 
0.148827 0.000000 
0.499525 0.000000 
-0.056447 0.000000 
-0.287162 0.000000 
-0.212931 0.000000 
-0.733419 0.000000 
-0.963206 -0.000000 
-0.146780 0.000000 
-0.040441 -0.000000 
0.087788 0.000000 
1.017664 -0.000000 
-0.259849 0.000000 
1.006612 -0.000000 
0.550011 0.000000 
0.124777 0.000000 
-0.345872 0.000000 
-0.671385 0.000000 
0.891193 0.000000 
-0.597384 0.000000 
-0.201735 -0.000000 
0.394188 0.000000 
1.043303 0.000000 
0.185926 0.000000 
-0.151144 -0.000000 
-0.047642 -0.000000 
0.778727 0.000000 
-0.465184 -0.000000 
-0.516796 0.000000 
0.829901 -0.000000 
0.052722 -0.000000 
-0.142240 -0.000000 
0.252552 0.000000 
0.284965 0.000000 
-0.060513 0.000000 
-0.255675 0.000000 
0.324321 0.000000 
-0.347165 0.000000 
-1.104038 0.000000 
-0.406049 -0.000000 
-0.293568 -0.000000 
-0.956374 0.000000 
0.505640 -0.000000 
-0.084882 0.000000 
-0.193930 0.000000 
0.218521 -0.000000 
-1.345687 0.000000 
-0.385821 -0.000000 
1.067818 0.000000 
0.037974 0.000000 
0.243580 0.000000 
-0.487587 -0.000000 
0.061909 0.000000 
0.412577 -0.000000 
-0.453361 0.000000 
-0.271323 -0.000000 
0.087327 0.000000 
-0.088966 0.000000 
0.237562 -0.000000 
-0.103772 -0.000000 
-0.484603 -0.000000 
0.248498 0.000000 
0.853642 0.000000 
-0.079114 -0.000000 
-0.156960 0.000000 
-0.162468 -0.000000 
-0.716715 0.000000 
0.308620 -0.000000 
-0.478924 -0.000000 
0.394227 -0.000000 
0.002655 0.000000 
0.647297 0.000000 
0.507033 -0.000000 
-0.380130 0.000000 
-0.010034 -0.000000 
-0.058185 0.000000 
-0.133743 -0.000000 
0.118117 0.000000 
-0.180968 0.000000 
0.820141 0.000000 
0.274198 -0.000000 
-0.053669 -0.000000 
-0.118021 0.000000 
-0.256529 -0.000000 
-0.648212 0.000000 
0.625933 0.000000 
-0.574390 -0.000000 
0.475819 0.000000 
0.273474 0.000000 
0.102227 0.000000 
-0.326615 0.000000 
1.120543 0.000000 
0.191842 0.000000 
-1.115778 -0.000000 
0.336205 0.000000 
-0.174393 0.000000 
-1.317572 -0.000000 
-1.123544 0.000000 
0.055453 -0.000000 
-0.006131 0.000000 
0.153250 0.000000 
-0.332888 0.000000 
0.283368 0.000000 
0.511927 0.000000 
1.008432 0.000000 
1.311692 0.000000 
0.068291 -0.000000 
-0.605580 0.000000 
-0.083149 -0.000000 
-0.392624 -0.000000 
-0.339920 0.000000 
0.503214 -0.000000 
0.350410 0.000000 
-0.049521 -0.000000 
0.519508 0.000000 
-0.150558 -0.000000 
-0.394236 -0.000000 
-0.410676 -0.000000 
-0.354251 -0.000000 
1.104522 -0.000000 
0.072998 0.000000 
-0.120045 0.000000 
0.042867 0.000000 
-0.227252 0.000000 
-0.200104 0.000000 
-0.775701 0.000000 
-0.182197 0.000000 
1.062125 -0.000000 
0.224316 0.000000 
0.225810 -0.000000 
-0.308539 -0.000000 
-0.338566 0.000000 
-0.657351 0.000000 
-0.235079 0.000000 
-0.064292 -0.000000 
1.418169 0.000000 
0.959591 0.000000 
-0.043132 -0.000000 
0.057250 0.000000 
-0.330845 0.000000 
0.089445 0.000000 
0.301010 0.000000 
0.063335 0.000000 
-0.676754 0.000000 
-0.159307 -0.000000 
0.257075 0.000000 
0.330027 -0.000000 
-0.498194 -0.000000 
0.558881 0.000000 
0.155297 0.000000 
0.266158 0.000000 
-0.232731 0.000000 
0.289628 0.000000 
0.562238 -0.000000 
0.456817 0.000000 
-0.319294 -0.000000 
-0.844384 0.000000 
0.754072 -0.000000 
-0.074511 -0.000000 
0.066853 0.000000 
0.240839 0.000000 
0.004112 0.000000 
0.232333 0.000000 
0.876208 0.000000 
0.276191 0.000000 
1.419071 0.000000 
0.380958 0.000000 
-0.091040 -0.000000 
0.777382 0.000000 
0.302427 0.000000 
-0.118724 0.000000 
0.644066 0.000000 
0.063236 0.000000 
-0.336863 0.000000 
-0.259091 -0.000000 
0.288019 0.000000 
-1.701539 -0.000000 
-0.952078 0.000000 
-0.749517 0.000000 
-0.139833 -0.000000 
-0.698911 0.000000 
0.645551 -0.000000 
-0.279696 -0.000000 
-0.904554 0.000000 
1.210131 0.000000 
0.053832 -0.000000 
-0.050306 0.000000 
0.146070 -0.000000 
-0.646325 0.000000 
0.971732 0.000000 
0.882529 0.000000 
-0.109912 0.000000 
0.318218 -0.000000 
-0.320230 0.000000 
-0.264082 0.000000 
0.096061 0.000000 
0.428782 0.000000 
0.535686 -0.000000 
-0.573197 0.000000 
-0.641251 0.000000 
-0.089857 -0.000000 
0.588081 -0.000000 
-0.700183 0.000000 
0.074064 0.000000 
-0.583094 -0.000000 
0.289579 -0.000000 
-0.790333 -0.000000 
0.131130 -0.000000 
-0.128602 0.000000 
-0.021555 0.000000 
0.008476 -0.000000 
-0.580785 0.000000 
1.061813 0.000000 
-0.366406 0.000000 
0.194784 0.000000 
-0.209556 0.000000 
-0.569491 -0.000000 
0.801414 0.000000 
0.817658 0.000000 
0.418708 0.000000 
-0.152334 0.000000 
-0.533300 0.000000 
0.318459 0.000000 
-1.001075 -0.000000 
-0.159715 0.000000 
-0.013888 0.000000 
1.150095 0.000000 
0.805728 0.000000 
-0.997842 0.000000 
-0.730785 -0.000000 
0.030040 0.000000 
0.224874 0.000000 
-0.083260 0.000000 
0.039524 -0.000000 
0.602135 0.000000 
-0.680834 0.000000 
0.211593 0.000000 
0.137566 0.000000 
0.367211 0.000000 
-0.014266 0.000000 
0.561665 0.000000 
-0.028182 0.000000 
1.305445 0.000000 
-0.215309 0.000000 
-0.345602 0.000000 
-0.066061 -0.000000 
1.368211 -0.000000 
-0.463398 0.000000 
-0.832731 0.000000 
0.032716 -0.000000 
-0.617290 0.000000 
-0.320405 0.000000 
-0.131695 0.000000 
1.121304 -0.000000 
-0.095958 0.000000 
0.461079 0.000000 
-0.277128 0.000000 
-0.053179 0.000000 
-0.149425 0.000000 
1.018451 0.000000 
-0.383064 0.000000 
-0.266653 0.000000 
0.080536 0.000000 
-0.040427 0.000000 
0.135199 0.000000 
-0.405314 0.000000 
0.088974 0.000000 
-0.165166 0.000000 
1.114650 0.000000 
0.010694 0.000000 
-0.951231 0.000000 
0.582671 0.000000 
0.442325 0.000000 
0.358091 0.000000 
0.319793 0.000000 
0.029595 0.000000 
0.267246 0.000000 
0.218515 0.000000 
-0.685909 0.000000 
-0.730244 -0.000000 
0.297952 0.000000 
0.453049 0.000000 
-0.260817 -0.000000 
0.261311 0.000000 
0.601171 0.000000 
0.059604 -0.000000 
0.181809 0.000000 
0.214478 0.000000 
0.896073 0.000000 
0.263804 -0.000000 
-1.062193 0.000000 
-0.072313 0.000000 
0.043187 -0.000000 
-0.872535 -0.000000 
0.829441 0.000000 
0.072096 0.000000 
0.390942 -0.000000 
-0.022049 0.000000 
-0.061377 0.000000 
-0.939988 0.000000 
-0.362459 -0.000000 
-0.102592 0.000000 
0.868659 -0.000000 
0.009784 0.000000 
-0.492772 0.000000 
-0.376493 0.000000 
-0.268593 0.000000 
-0.515911 0.000000 
-0.430802 0.000000 
0.699527 0.000000 
-0.665350 -0.000000 
0.126324 0.000000 
0.461440 -0.000000 
0.361049 0.000000 
-0.324224 -0.000000 
-0.421884 -0.000000 
0.826250 -0.000000 
-0.731537 -0.000000 
0.181534 -0.000000 
0.214811 0.000000 
-0.312290 -0.000000 
0.114324 -0.000000 
-0.092963 0.000000 
0.843363 -0.000000 
0.942237 0.000000 
-0.416578 0.000000 
-0.342915 0.000000 
0.293498 0.000000 
0.799847 -0.000000 
-0.134948 0.000000 
0.664599 0.000000 
-0.425153 0.000000 
-0.472880 0.000000 
-0.765087 0.000000 
-0.539693 0.000000 
-0.071497 0.000000 
0.643481 0.000000 
-0.183313 -0.000000 
-0.828830 0.000000 
-0.306940 -0.000000 
-0.088584 0.000000 
0.047943 0.000000 
-0.386050 0.000000 
-0.110082 0.000000 
-0.016211 0.000000 
-0.626830 -0.000000 
-0.286603 -0.000000 
0.463977 0.000000 
-0.162591 0.000000 
-0.187719 0.000000 
-0.228060 0.000000 
0.068605 0.000000 
0.274568 -0.000000 
0.197360 0.000000 
-0.225834 0.000000 
0.187634 -0.000000 
-0.538523 -0.000000 
-0.249607 -0.000000 
-0.419402 0.000000 
1.123593 0.000000 
-1.170243 0.000000 
-0.369288 -0.000000 
-0.090185 0.000000 
0.178871 0.000000 
-0.176658 0.000000 
-1.137558 0.000000 
0.456481 0.000000 
-0.657249 -0.000000 
0.055478 0.000000 
0.981907 0.000000 
-0.343343 0.000000 
-0.498423 0.000000 
-0.514871 0.000000 
-0.076092 0.000000 
-0.245839 0.000000 
-0.417620 -0.000000 
0.281783 0.000000 
-0.357559 0.000000 
-0.161083 0.000000 
-0.508426 0.000000 
0.308184 0.000000 
-0.020010 0.000000 
0.691197 -0.000000 
0.229481 -0.000000 
1.199716 0.000000 
0.886000 0.000000 
0.140430 0.000000 
-0.385755 0.000000 
-0.576539 0.000000 
-0.924579 0.000000 
-0.076580 0.000000 
0.444834 -0.000000 
-0.234638 -0.000000 
-0.140049 -0.000000 
0.549253 0.000000 
-0.463741 0.000000 
0.134166 -0.000000 
0.240628 -0.000000 
0.177604 -0.000000 
1.126433 0.000000 
0.142048 0.000000 
-0.527302 0.000000 
-0.081303 -0.000000 
-0.230608 -0.000000 
-0.010706 0.000000 
-0.270361 0.000000 
0.468971 -0.000000 
-0.140169 0.000000 
0.558642 0.000000 
1.009229 -0.000000 
-0.027944 0.000000 
0.226852 0.000000 
0.347480 0.000000 
0.688071 0.000000 
0.214919 0.000000 
-0.494952 0.000000 
0.574990 0.000000 
0.319707 0.000000 
0.159156 0.000000 
-0.053036 0.000000 
1.277236 -0.000000 
-0.429769 -0.000000 
0.628826 0.000000 
0.541679 0.000000 
-0.941096 0.000000 
-0.231846 0.000000 
0.189677 -0.000000 
-0.752031 0.000000 
0.130070 0.000000 
0.653537 0.000000 
-0.331933 0.000000 
0.604878 -0.000000 
0.147994 -0.000000 
-0.003566 -0.000000 
0.186429 -0.000000 
0.402791 0.000000 
-0.740652 0.000000 
0.588102 0.000000 
-1.085607 0.000000 
-0.538242 0.000000 
-0.456420 0.000000 
-0.241385 0.000000 
-0.209331 0.000000 
-0.628988 0.000000 
0.273288 0.000000 
0.431972 0.000000 
0.004497 0.000000 
0.076762 0.000000 
-0.142319 0.000000 
-0.552936 -0.000000 
0.501484 -0.000000 
-0.775990 -0.000000 
0.400520 -0.000000 
-0.291837 -0.000000 
-0.153066 0.000000 
0.227945 -0.000000 
-0.094067 0.000000 
-1.345825 -0.000000 
-0.417810 -0.000000 
-0.433461 0.000000 
-0.036920 0.000000 
0.470458 -0.000000 
1.414786 0.000000 
0.074084 -0.000000 
0.510977 -0.000000 
0.091525 -0.000000 
0.377404 -0.000000 
-0.089541 0.000000 
0.340838 0.000000 
0.446807 0.000000 
0.956367 -0.000000 
-0.679552 -0.000000 
0.940788 0.000000 
0.502453 0.000000 
-0.376547 -0.000000 
-0.198274 -0.000000 
-0.256803 0.000000 
-0.554629 -0.000000 
0.256980 0.000000 
-0.091393 -0.000000 
0.535627 0.000000 
-0.452024 0.000000 
-0.268422 0.000000 
0.676440 0.000000 
-0.505043 0.000000 
-0.272103 0.000000 
-0.021885 -0.000000 
-0.156606 0.000000 
0.025692 -0.000000 
-0.465258 0.000000 
-0.067024 0.000000 
0.289630 -0.000000 
0.132480 -0.000000 
-0.085015 0.000000 
0.408738 0.000000 
-1.251933 -0.000000 
0.980859 0.000000 
0.536004 0.000000 
-0.370413 0.000000 
-0.502786 0.000000 
0.200659 0.000000 
-0.391065 -0.000000 
0.449223 0.000000 
0.047240 0.000000 
0.101901 -0.000000 
-0.394128 0.000000 
0.697169 -0.000000 
0.124207 0.000000 
0.575760 0.000000 
-0.744001 0.000000 
-1.148839 0.000000 
-0.586878 -0.000000 
-0.219974 0.000000 
-0.178289 -0.000000 
0.284216 0.000000 
-0.612741 -0.000000 
0.303069 0.000000 
-0.699870 0.000000 
0.158044 -0.000000 
0.224042 0.000000 
0.239904 0.000000 
0.106954 0.000000 
-0.109503 0.000000 
0.081730 0.000000 
-0.656019 0.000000 
0.010571 0.000000 
0.771234 0.000000 
0.758544 0.000000 
-0.172880 0.000000 
0.402965 -0.000000 
-0.220962 0.000000 
0.732323 -0.000000 
0.578955 0.000000 
0.075870 0.000000 
0.075766 -0.000000 
0.503198 -0.000000 
0.976219 0.000000 
-1.820314 0.000000 
-0.179479 0.000000 
-0.218043 -0.000000 
-0.199218 0.000000 
0.182284 -0.000000 
-0.515341 0.000000 
-0.699629 -0.000000 
-0.052248 0.000000 
0.376689 0.000000 
-0.614892 -0.000000 
-0.500148 0.000000 
-0.257742 0.000000 
-0.301501 -0.000000 
0.163203 -0.000000 
0.449093 0.000000 
0.237866 0.000000 
-0.085762 0.000000 
-0.112426 0.000000 
-0.688195 -0.000000 
-0.087553 0.000000 
-0.151530 0.000000 
0.376391 -0.000000 
-0.631758 -0.000000 
-0.710716 -0.000000 
-0.953613 0.000000 
0.379653 -0.000000 
-0.062819 0.000000 
0.435158 0.000000 
0.188826 -0.000000 
0.878622 0.000000 
-0.236983 0.000000 
-0.625528 -0.000000 
-0.594088 0.000000 
0.769637 0.000000 
-0.210662 -0.000000 
-0.848254 0.000000 
-0.012029 0.000000 
0.206640 0.000000 
-0.688688 0.000000 
0.266090 0.000000 
-0.277683 0.000000 
0.648474 0.000000 
-0.269664 -0.000000 
-0.141009 0.000000 
0.281503 0.000000 
-0.071169 0.000000 
-0.145298 0.000000 
0.020431 -0.000000 
0.775825 -0.000000 
-0.793782 -0.000000 
-0.327659 0.000000 
0.762209 0.000000 
-0.006974 -0.000000 
-0.579747 -0.000000 
-0.079796 0.000000 
0.312947 0.000000 
0.426685 0.000000 
-0.542323 0.000000 
-0.992695 0.000000 
0.674371 -0.000000 
-0.446355 0.000000 
0.846086 -0.000000 
-0.826503 0.000000 
0.130002 -0.000000 
-0.664363 0.000000 
0.291366 0.000000 
-0.591658 0.000000 
0.133808 0.000000 
0.083147 -0.000000 
-0.022686 -0.000000 
-0.899708 0.000000 
-0.098593 -0.000000 
-0.696874 -0.000000 
0.001922 0.000000 
-0.532918 0.000000 
-0.124632 -0.000000 
0.041914 0.000000 
0.052372 0.000000 
-0.809859 0.000000 
-1.208683 0.000000 
0.124469 0.000000 
0.146470 -0.000000 
-0.720262 -0.000000 
-0.031363 0.000000 
-0.723348 -0.000000 
-0.099915 0.000000 
0.320718 0.000000 
-0.185996 0.000000 
-0.256523 0.000000 
1.155264 -0.000000 
-0.382917 0.000000 
0.379133 0.000000 
1.383109 0.000000 
0.549186 -0.000000 
-1.325176 -0.000000 
-0.083577 0.000000 
0.153470 -0.000000 
-0.600152 0.000000 
-0.033465 0.000000 
0.099579 -0.000000 
0.638860 0.000000 
0.067771 -0.000000 
-0.104726 -0.000000 
-0.400640 0.000000 
0.217370 0.000000 
0.062488 0.000000 
-1.029726 -0.000000 
-0.888160 -0.000000 
0.265702 0.000000 
0.081914 0.000000 
0.545375 0.000000 
0.344776 0.000000 
0.380160 -0.000000 
-0.206282 -0.000000 
0.934298 0.000000 
0.038684 -0.000000 
-0.712062 -0.000000 
0.514638 -0.000000 
-0.064351 0.000000 
0.032625 -0.000000 
1.254232 0.000000 
-0.818721 -0.000000 
0.053448 -0.000000 
-0.292904 0.000000 
0.520218 0.000000 
-0.618889 0.000000 
-0.424754 0.000000 
-0.069447 0.000000 
-0.295766 0.000000 
-0.058606 -0.000000 
0.510511 0.000000 
0.102120 -0.000000 
-0.649590 0.000000 
-0.310969 -0.000000 
0.230918 0.000000 
-0.010750 0.000000 
0.771950 0.000000 
0.123922 0.000000 
-0.278553 0.000000 
0.715723 0.000000 
-0.800769 0.000000 
0.419418 0.000000 
0.305972 -0.000000 
-0.722876 -0.000000 
0.265029 0.000000 
-0.029768 0.000000 
-0.227436 0.000000 
-0.037806 0.000000 
0.526613 0.000000 
1.102490 -0.000000 
0.426805 0.000000 
-0.500433 -0.000000 
0.463857 -0.000000 
-0.525951 -0.000000 
-0.155674 -0.000000 
-0.484564 -0.000000 
-0.450125 0.000000 
-0.028183 -0.000000 
0.576612 0.000000 
-0.772519 0.000000 
0.567477 0.000000 
0.521626 -0.000000 
0.245588 -0.000000 
0.191581 0.000000 
0.104922 -0.000000 
-0.272767 -0.000000 
-0.744901 0.000000 
-0.398124 0.000000 
-0.278728 -0.000000 
-0.108923 -0.000000 
1.107773 -0.000000 
1.260769 0.000000 
-0.437078 0.000000 
0.566444 -0.000000 
-0.044496 0.000000 
-0.534552 -0.000000 
-0.590035 -0.000000 
-0.208370 -0.000000 
0.067298 -0.000000 
-0.614868 0.000000 
-0.250155 0.000000 
0.353049 0.000000 
0.323270 0.000000 
-0.117628 0.000000 
0.251958 0.000000 
0.392575 -0.000000 
-0.141009 -0.000000 
0.001125 0.000000 
0.520575 0.000000 
-0.251456 0.000000 
-0.241810 0.000000 
-0.076214 0.000000 
0.192249 -0.000000 
0.011469 0.000000 
0.150686 0.000000 
-0.499117 0.000000 
0.120608 0.000000 
-0.762727 0.000000 
0.153121 0.000000 
0.646283 -0.000000 
-0.033946 0.000000 
-1.014493 0.000000 
0.943854 -0.000000 
-0.409252 -0.000000 
-0.994241 0.000000 
-0.031821 0.000000 
0.297196 0.000000 
-0.378088 -0.000000 
-0.443365 0.000000 
-0.633691 0.000000 
-0.704900 0.000000 
0.898629 -0.000000 
-0.104362 -0.000000 
0.069040 -0.000000 
-0.008461 0.000000 
1.127920 -0.000000 
0.016056 0.000000 
1.211537 0.000000 
0.157490 0.000000 
-0.033645 -0.000000 
-0.446786 -0.000000 
-1.718819 -0.000000 
-0.368756 0.000000 
0.619851 0.000000 
-0.576979 0.000000 
-0.391565 0.000000 
-0.436278 0.000000 
0.203932 0.000000 
0.457506 0.000000 
0.970150 0.000000 
-0.504562 0.000000 
0.479900 0.000000 
-1.240083 -0.000000 
0.208998 0.000000 
0.014329 0.000000 
1.032870 0.000000 
-0.045477 0.000000 
-0.922447 0.000000 
-0.117815 0.000000 
-0.057708 0.000000 
-0.175111 0.000000 
-0.463987 0.000000 
0.493880 -0.000000 
0.574693 0.000000 
0.477887 -0.000000 
0.282483 0.000000 
-0.316866 0.000000 
-0.521374 0.000000 
0.847349 0.000000 
0.454395 0.000000 
-0.138948 -0.000000 
0.114167 -0.000000 
0.324786 0.000000 
-0.356961 -0.000000 
0.852977 -0.000000 
0.459575 0.000000 
0.159743 0.000000 
-0.097290 -0.000000 
-0.159432 0.000000 
-0.163612 -0.000000 
0.008728 0.000000 
-0.906888 0.000000 
0.318604 -0.000000 
0.018823 0.000000 
0.538784 0.000000 
-0.069079 0.000000 
-0.375108 0.000000 
0.281810 -0.000000 
0.444869 -0.000000 
-0.471058 0.000000 
-0.691754 -0.000000 
-1.017144 0.000000 
-0.677824 0.000000 
0.307167 -0.000000 
0.658144 0.000000 
-0.248615 0.000000 
0.125517 0.000000 
0.879807 0.000000 
0.069248 0.000000 
0.106385 0.000000 
-0.450313 -0.000000 
0.262621 0.000000 
0.343735 -0.000000 
0.439373 0.000000 
-0.315449 -0.000000 
-0.123432 0.000000 
0.753093 -0.000000 
-0.625510 0.000000 
-0.141427 -0.000000 
-0.012918 -0.000000 
-0.071638 -0.000000 
0.615103 0.000000 
0.241896 0.000000 
0.939828 0.000000 
0.133552 -0.000000 
0.130185 0.000000 
-0.449801 0.000000 
0.089142 0.000000 
0.009953 -0.000000 
-0.463120 -0.000000 
-0.456368 -0.000000 
-0.439833 0.000000 
-0.349039 -0.000000 
0.124288 0.000000 
-0.021943 -0.000000 
0.665882 -0.000000 
-0.313127 0.000000 
0.166369 0.000000 
-0.827717 0.000000 
0.103753 0.000000 
0.132902 -0.000000 
0.269119 0.000000 
0.233334 0.000000 
0.258610 -0.000000 
0.581942 0.000000 
0.279748 -0.000000 
0.784712 0.000000 
0.529423 0.000000 
0.445628 -0.000000 
-0.277387 0.000000 
-0.366438 -0.000000 
0.356955 -0.000000 
-0.684047 -0.000000 
-0.369352 0.000000 
0.568115 0.000000 
-0.237604 0.000000 
-0.037965 0.000000 
0.172812 0.000000 
-0.162860 0.000000 
0.801743 -0.000000 
-0.926478 0.000000 
-0.362804 -0.000000 
-0.391350 0.000000 
0.087398 0.000000 
-0.183588 -0.000000 
-0.020312 0.000000 
-0.817697 0.000000 
-0.617746 0.000000 
0.762534 -0.000000 
-0.141115 -0.000000 
0.001594 0.000000 
-0.151227 0.000000 
0.512807 0.000000 
0.666653 0.000000 
-0.346100 0.000000 
-0.301013 0.000000 
-0.652992 0.000000 
0.195009 0.000000 
-0.602655 0.000000 
0.583647 -0.000000 
0.280766 0.000000 
0.188175 0.000000 
-0.369318 0.000000 
-0.998769 0.000000 
0.522564 -0.000000 
0.375141 -0.000000 
1.009806 0.000000 
-0.556981 -0.000000 
0.457419 0.000000 
1.284842 -0.000000 
-0.201030 0.000000 
-0.441413 0.000000 
-0.393509 -0.000000 
0.169330 0.000000 
-0.289686 0.000000 
0.005878 -0.000000 
0.873471 0.000000 
0.498215 0.000000 
0.317502 0.000000 
0.199064 0.000000 
-0.019353 0.000000 
-0.244422 0.000000 
0.123445 0.000000 
-0.477977 0.000000 
-0.769112 0.000000 
0.238585 0.000000 
0.741167 0.000000 
-0.398294 0.000000 
-0.504437 0.000000 
-0.375747 0.000000 
0.765513 0.000000 
0.073891 0.000000 
0.699751 0.000000 
-0.895275 0.000000 
0.125434 0.000000 
0.265548 -0.000000 
0.077761 0.000000 
-0.089683 0.000000 
0.043421 -0.000000 
-0.413110 -0.000000 
-0.453784 -0.000000 
-0.426024 0.000000 
0.904271 0.000000 
-0.284850 0.000000 
-0.167929 0.000000 
0.707600 -0.000000 
-0.707864 0.000000 
-0.284894 0.000000 
-0.164617 -0.000000 
-0.958760 0.000000 
-0.166949 0.000000 
0.961286 0.000000 
-0.935652 0.000000 
-0.148299 0.000000 
0.297405 -0.000000 
0.575064 -0.000000 
0.139892 0.000000 
0.334143 -0.000000 
0.568165 0.000000 
0.397566 -0.000000 
0.523473 -0.000000 
0.658008 0.000000 
0.649638 0.000000 
0.008588 0.000000 
0.790371 0.000000 
-1.142828 -0.000000 
0.301586 0.000000 
-0.787418 0.000000 
-0.295992 0.000000 
-0.251870 0.000000 
0.740988 -0.000000 
-0.422460 0.000000 
-0.420335 0.000000 
-0.866244 0.000000 
0.008169 -0.000000 
0.178100 0.000000 
-0.546013 -0.000000 
0.435878 0.000000 
0.182059 0.000000 
0.466313 0.000000 
-0.111305 0.000000 
0.589225 0.000000 
-0.415029 -0.000000 
0.172269 0.000000 
-0.206122 -0.000000 
-0.230011 -0.000000 
0.265477 -0.000000 
0.755607 0.000000 
0.192732 0.000000 
0.081976 -0.000000 
0.685235 0.000000 
0.009439 0.000000 
0.184673 0.000000 
0.338384 0.000000 
-1.014992 0.000000 
0.417647 -0.000000 
-0.715594 -0.000000 
0.289092 -0.000000 
0.436395 0.000000 
-0.373435 0.000000 
0.144512 0.000000 
-0.309447 -0.000000 
-0.813916 -0.000000 
0.005499 0.000000 
-0.004472 0.000000 
0.350638 -0.000000 
0.143815 -0.000000 
0.498717 0.000000 
0.415698 0.000000 
0.925083 0.000000 
-0.009801 0.000000 
0.044328 0.000000 
-0.145396 0.000000 
0.358099 0.000000 
0.327663 0.000000 
-0.177769 0.000000 
1.213959 0.000000 
0.747491 0.000000 
-0.357781 0.000000 
0.550262 0.000000 
0.950145 -0.000000 
0.184252 0.000000 
-0.070192 0.000000 
-0.239732 -0.000000 
-0.465358 -0.000000 
-0.084152 -0.000000 
-0.689186 0.000000 
-0.520255 0.000000 
1.311620 0.000000 
-0.460906 -0.000000 
0.178486 0.000000 
-0.570666 0.000000 
0.027028 0.000000 
0.153356 -0.000000 
-0.773955 0.000000 
-0.449962 0.000000 
-0.098944 -0.000000 
0.436598 -0.000000 
0.482357 0.000000 
-0.436038 -0.000000 
1.061492 0.000000 
0.300587 0.000000 
-0.025639 0.000000 
-0.694213 -0.000000 
-0.221412 0.000000 
-0.109940 -0.000000 
0.908249 0.000000 
-0.636051 0.000000 
0.863454 0.000000 
1.015766 0.000000 
-0.362265 0.000000 
-0.184535 0.000000 
-0.962254 0.000000 
0.988596 0.000000 
-0.025291 0.000000 
0.017827 0.000000 
0.128626 0.000000 
0.373985 0.000000 
0.033084 0.000000 
-0.000212 0.000000 
-0.265650 0.000000 
0.155151 0.000000 
0.960783 -0.000000 
0.943574 -0.000000 
-0.659128 0.000000 
-0.474616 0.000000 
-0.401777 -0.000000 
-0.402178 0.000000 
0.158069 -0.000000 
-0.150830 -0.000000 
1.418131 0.000000 
-0.287155 0.000000 
0.288196 -0.000000 
0.142325 0.000000 
-0.246711 0.000000 
0.176030 -0.000000 
-0.218084 0.000000 
0.132917 0.000000 
-0.349435 0.000000 
-0.546106 0.000000 
-0.246294 0.000000 
-0.992494 0.000000 
-1.013405 0.000000 
-0.184061 0.000000 
0.412164 -0.000000 
-0.158403 0.000000 
-0.793860 -0.000000 
0.020984 0.000000 
0.269152 0.000000 
0.655347 -0.000000 
-0.134610 0.000000 
0.092532 0.000000 
0.219605 0.000000 
0.699071 -0.000000 
0.546460 0.000000 
-0.261949 0.000000 
0.651113 -0.000000 
0.049739 0.000000 
-0.548723 0.000000 
-0.222574 0.000000 
-0.577727 0.000000 
0.959983 0.000000 
-0.324428 -0.000000 
-0.292689 -0.000000 
0.273327 -0.000000 
0.335670 -0.000000 
-0.064542 0.000000 
0.151550 0.000000 
0.351379 0.000000 
0.460753 0.000000 
0.154767 0.000000 
-0.409725 -0.000000 
-0.565490 -0.000000 
0.077389 -0.000000 
-0.984835 -0.000000 
-0.554368 0.000000 
-0.533220 -0.000000 
-0.668467 0.000000 
0.661027 0.000000 
0.142898 0.000000 
-0.421440 0.000000 
0.376963 0.000000 
0.103966 0.000000 
0.717752 -0.000000 
-0.089951 0.000000 
-0.180834 0.000000 
0.156517 -0.000000 
0.295311 0.000000 
-0.677281 0.000000 
0.130149 -0.000000 
-0.156619 0.000000 
-0.417366 -0.000000 
-0.154155 -0.000000 
-0.144957 0.000000 
-0.578832 0.000000 
-0.385689 0.000000 
-0.677983 -0.000000 
0.623080 -0.000000 
0.307820 -0.000000 
0.735323 -0.000000 
0.528268 0.000000 
0.523887 0.000000 
-0.541387 0.000000 
0.211816 0.000000 
0.720469 0.000000 
-0.021598 0.000000 
0.007424 -0.000000 
0.071303 0.000000 
0.042828 0.000000 
-0.117341 -0.000000 
0.369613 0.000000 
0.695984 0.000000 
0.197757 -0.000000 
0.406131 -0.000000 
-0.254526 -0.000000 
-0.890437 -0.000000 
-0.272909 0.000000 
0.038526 0.000000 
0.941824 0.000000 
-0.282797 0.000000 
-0.092722 0.000000 
-0.187261 -0.000000 
-0.397192 0.000000 
0.206931 0.000000 
-0.283398 0.000000 
0.063042 -0.000000 
1.530971 0.000000 
0.313986 0.000000 
0.557761 0.000000 
-0.135540 0.000000 
-0.646074 0.000000 
-0.244080 0.000000 
0.013403 -0.000000 
-0.716301 0.000000 
-0.133896 0.000000 
-0.224638 -0.000000 
0.104438 0.000000 
0.197263 0.000000 
-0.087244 0.000000 
-0.498634 -0.000000 
0.325816 -0.000000 
0.400043 -0.000000 
0.923178 0.000000 
0.337660 0.000000 
-0.276924 0.000000 
0.761091 0.000000 
0.003167 -0.000000 
-0.858763 0.000000 
0.640842 0.000000 
0.067316 -0.000000 
-0.494783 -0.000000 
-0.206887 0.000000 
0.316478 -0.000000 
-0.226117 -0.000000 
-0.748506 0.000000 
0.315536 0.000000 
-0.551561 0.000000 
-0.570860 0.000000 
0.088878 0.000000 
-0.254997 0.000000 
-0.809693 0.000000 
-0.608479 0.000000 
0.190500 -0.000000 
0.199169 0.000000 
-0.483311 -0.000000 
-0.370557 -0.000000 
-0.769726 0.000000 
0.185146 0.000000 
1.216098 -0.000000 
-0.589076 -0.000000 
-0.151154 0.000000 
0.003620 -0.000000 
-0.236005 0.000000 
0.380144 0.000000 
1.348321 -0.000000 
1.367449 0.000000 
-0.327843 0.000000 
-0.249720 -0.000000 
-0.244309 -0.000000 
1.016578 -0.000000 
-0.278118 0.000000 
-0.062883 0.000000 
0.196015 0.000000 
-0.397365 0.000000 
-0.501653 0.000000 
-0.574190 -0.000000 
0.826732 0.000000 
-0.137808 -0.000000 
-0.439193 -0.000000 
0.005731 0.000000 
0.446553 0.000000 
-0.236221 -0.000000 
-0.391556 0.000000 
0.080750 0.000000 
-0.007071 0.000000 
0.292941 0.000000 
-0.073629 0.000000 
0.858569 -0.000000 
-0.593427 -0.000000 
-1.101266 0.000000 
-0.512143 0.000000 
-0.424859 0.000000 
-0.286605 0.000000 
0.075931 0.000000 
0.026513 0.000000 
-0.720902 -0.000000 
0.867734 0.000000 
0.434997 -0.000000 
-0.069412 0.000000 
0.470976 -0.000000 
-0.498332 -0.000000 
0.052122 0.000000 
1.017980 -0.000000 
-0.909277 -0.000000 
-0.844286 0.000000 
-0.208156 -0.000000 
0.274872 -0.000000 
0.441329 -0.000000 
-0.289183 0.000000 
0.315541 0.000000 
-0.527582 0.000000 
-0.176504 -0.000000 
-0.614918 0.000000 
-0.145877 0.000000 
-0.133611 0.000000 
-0.291272 0.000000 
-0.093177 -0.000000 
0.248557 -0.000000 
0.400971 0.000000 
-0.189914 0.000000 
0.515236 0.000000 
1.018402 0.000000 
0.714933 0.000000 
-0.213912 0.000000 
0.335231 -0.000000 
-0.214299 0.000000 
0.192096 0.000000 
-0.617828 0.000000 
-0.321418 0.000000 
0.197836 0.000000 
0.024321 0.000000 
0.452803 0.000000 
-0.587058 0.000000 
-0.634872 0.000000 
-0.871951 0.000000 
-0.047806 -0.000000 
0.354489 0.000000 
-1.114862 0.000000 
-0.680571 0.000000 
0.770344 0.000000 
0.550724 0.000000 
0.053192 -0.000000 
0.091336 -0.000000 
-0.359090 0.000000 
-0.051558 0.000000 
0.507595 0.000000 
-0.103348 0.000000 
0.136784 0.000000 
-1.558223 0.000000 
-0.627394 0.000000 
0.105593 -0.000000 
-0.154205 -0.000000 
-0.667991 0.000000 
-0.569508 -0.000000 
-0.336628 -0.000000 
-0.013092 0.000000 
0.334422 0.000000 
0.786300 0.000000 
0.165306 0.000000 
0.134413 0.000000 
-0.160558 0.000000 
-0.415350 0.000000 
-0.356758 -0.000000 
-0.716375 0.000000 
0.279891 0.000000 
0.238329 0.000000 
-0.055034 0.000000 
0.089974 -0.000000 
-0.354271 0.000000 
0.075258 0.000000 
-1.128020 -0.000000 
0.118149 0.000000 
0.456658 0.000000 
0.418959 0.000000 
1.166952 -0.000000 
0.135745 -0.000000 
0.228242 0.000000 
0.302523 0.000000 
0.052290 0.000000 
-0.709171 0.000000 
0.128240 -0.000000 
-0.035230 -0.000000 
-0.617940 0.000000 
-0.157019 0.000000 
0.833678 0.000000 
-0.208717 0.000000 
-0.114494 0.000000 
0.138344 0.000000 
-0.737984 -0.000000 
0.218445 -0.000000 
0.174525 0.000000 
0.554754 0.000000 
-1.418578 0.000000 
0.096123 0.000000 
-0.217686 -0.000000 
0.297684 -0.000000 
0.108216 0.000000 
0.470261 0.000000 
0.073837 0.000000 
0.031850 -0.000000 
0.297842 0.000000 
0.462181 -0.000000 
0.281816 0.000000 
0.341867 0.000000 
0.072168 -0.000000 
0.685219 0.000000 
0.523693 0.000000 
-0.041603 -0.000000 
-0.728852 0.000000 
-0.397059 0.000000 
-0.220806 0.000000 
0.462973 0.000000 
-0.339146 -0.000000 
0.087903 0.000000 
0.386371 -0.000000 
-0.141987 0.000000 
-0.697971 0.000000 
0.090300 0.000000 
0.160314 -0.000000 
-0.567087 0.000000 
0.067823 0.000000 
0.569073 -0.000000 
-0.757383 0.000000 
0.063799 0.000000 
0.299091 -0.000000 
-0.239746 0.000000 
-0.014535 -0.000000 
0.283540 -0.000000 
0.035179 0.000000 
0.106224 0.000000 
0.666629 -0.000000 
0.134862 0.000000 
0.116511 0.000000 
-0.665971 -0.000000 
0.446424 0.000000 
0.685668 0.000000 
-0.220606 0.000000 
0.418418 0.000000 
0.280071 0.000000 
0.418349 -0.000000 
-0.715372 0.000000 
0.244904 -0.000000 
-0.460302 -0.000000 
-0.197905 -0.000000 
0.020653 0.000000 
0.537425 0.000000 
-0.600217 0.000000 
0.594984 0.000000 
0.739761 0.000000 
-0.098325 0.000000 
0.085756 -0.000000 
0.175794 0.000000 
0.383236 0.000000 
1.273020 0.000000 
-0.084628 0.000000 
-0.136396 0.000000 
0.419184 0.000000 
0.997889 -0.000000 
-0.107347 -0.000000 
-0.476897 0.000000 
0.526330 0.000000 
0.628000 -0.000000 
0.082733 0.000000 
-0.713952 -0.000000 
0.356444 -0.000000 
-0.116476 0.000000 
-0.030782 -0.000000 
0.464617 0.000000 
0.267375 0.000000 
-1.281308 -0.000000 
-0.013869 0.000000 
0.056832 -0.000000 
0.728131 0.000000 
-0.723373 0.000000 
0.332309 -0.000000 
-0.173088 0.000000 
0.170276 -0.000000 
-0.077626 0.000000 
0.107898 -0.000000 
-0.372263 0.000000 
0.203125 -0.000000 
-0.610431 0.000000 
0.014783 0.000000 
0.042616 0.000000 
-0.692278 0.000000 
-0.075117 0.000000 
0.641239 -0.000000 
-0.121635 -0.000000 
0.674919 0.000000 
-0.041992 0.000000 
0.774953 0.000000 
-0.777739 0.000000 
-0.214635 0.000000 
-0.236228 0.000000 
-0.545262 0.000000 
-0.119295 -0.000000 
0.030951 0.000000 
-0.899226 0.000000 
0.909471 0.000000 
0.369418 -0.000000 
-0.476183 0.000000 
-0.530653 -0.000000 
0.352141 0.000000 
-0.049863 0.000000 
0.113008 0.000000 
-0.173387 -0.000000 
-0.220116 0.000000 
-0.158090 0.000000 
-0.039827 0.000000 
-0.613639 -0.000000 
0.656777 -0.000000 
-1.145744 -0.000000 
0.315985 0.000000 
0.901779 0.000000 
-1.074014 0.000000 
0.447711 0.000000 
0.398778 -0.000000 
-0.238968 0.000000 
0.363077 0.000000 
-0.660455 0.000000 
0.426971 0.000000 
0.639707 -0.000000 
0.397721 0.000000 
0.254500 0.000000 
0.971972 0.000000 
-0.639821 -0.000000 
-0.443135 0.000000 
0.614196 0.000000 
-0.035285 -0.000000 
0.000127 0.000000 
-0.255702 0.000000 
-0.174242 0.000000 
0.330328 0.000000 
0.329198 0.000000 
-0.282226 -0.000000 
-0.667168 0.000000 
0.401797 0.000000 
-0.316764 -0.000000 
-0.687489 0.000000 
-0.682367 0.000000 
0.486910 0.000000 
-1.123502 -0.000000 
0.330191 -0.000000 
0.240796 0.000000 
0.103658 0.000000 
-0.467490 0.000000 
0.099776 0.000000 
-0.855978 0.000000 
0.358434 0.000000 
-0.927989 0.000000 
-0.498391 0.000000 
-0.328187 -0.000000 
-0.678977 -0.000000 
-0.513921 0.000000 
0.470887 -0.000000 
0.100607 -0.000000 
0.757152 0.000000 
1.335446 0.000000 
0.581937 -0.000000 
-0.246479 0.000000 
-0.017729 -0.000000 
0.657816 0.000000 
0.576819 0.000000 
0.853470 -0.000000 
0.989661 0.000000 
-0.075658 0.000000 
-0.797719 0.000000 
-0.219963 0.000000 
-0.880104 -0.000000 
0.133808 -0.000000 
-0.999122 -0.000000 
0.407051 0.000000 
-0.391858 0.000000 
0.145702 0.000000 
-0.616167 -0.000000 
-0.237403 -0.000000 
0.139125 -0.000000 
-0.319338 -0.000000 
-0.504865 -0.000000 
0.008250 0.000000 
-0.878605 0.000000 
0.194623 0.000000 
0.051451 0.000000 
-0.065091 0.000000 
-0.563462 -0.000000 
-0.097857 -0.000000 
0.486162 0.000000 
0.388598 0.000000 
0.101257 0.000000 
-0.413383 0.000000 
0.316083 0.000000 
0.082201 0.000000 
-0.342897 0.000000 
0.123610 0.000000 
0.180164 -0.000000 
-0.274242 -0.000000 
0.524478 0.000000 
0.479515 0.000000 
0.771108 0.000000 
0.302990 0.000000 
0.498848 -0.000000 
0.333443 0.000000 
-0.274932 0.000000 
0.015951 0.000000 
0.180384 0.000000 
-0.110971 -0.000000 
-0.531355 0.000000 
0.436434 0.000000 
-0.405556 -0.000000 
0.358941 0.000000 
-0.653012 0.000000 
0.515443 0.000000 
0.129757 -0.000000 
-0.292147 -0.000000 
0.394901 -0.000000 
0.016075 -0.000000 
0.800739 0.000000 
0.511336 -0.000000 
0.476939 -0.000000 
-0.095723 0.000000 
0.155591 0.000000 
-1.114392 0.000000 
-0.965657 0.000000 
-1.071910 0.000000 
0.245616 0.000000 
0.548571 0.000000 
0.348915 -0.000000 
-0.022183 0.000000 
-0.096121 0.000000 
0.565154 0.000000 
0.241984 0.000000 
0.567575 -0.000000 
-0.340906 0.000000 
0.016807 -0.000000 
0.617400 0.000000 
0.058246 -0.000000 
0.366676 -0.000000 
-0.208429 0.000000 
-0.066794 0.000000 
-0.137023 -0.000000 
-0.088149 0.000000 
-0.127179 0.000000 
0.415917 0.000000 
-0.493865 0.000000 
-0.336362 0.000000 
-0.468660 0.000000 
-0.242971 -0.000000 
0.768907 0.000000 
0.187565 0.000000 
-0.439064 0.000000 
-1.235828 0.000000 
0.001920 0.000000 
-0.187933 -0.000000 
0.088272 0.000000 
0.072047 0.000000 
0.690871 0.000000 
0.050625 0.000000 
-1.055960 0.000000 
0.615694 0.000000 
0.501309 0.000000 
0.360845 0.000000 
-0.056080 -0.000000 
-0.606965 -0.000000 
0.407930 -0.000000 
0.105131 0.000000 
0.130970 0.000000 
-0.118788 0.000000 
0.203073 0.000000 
0.050666 0.000000 
0.541453 0.000000 
0.259083 0.000000 
1.086765 0.000000 
0.370154 0.000000 
-0.746284 0.000000 
-0.336228 0.000000 
0.173920 0.000000 
-0.169718 0.000000 
0.455557 0.000000 
-0.340198 0.000000 
0.443275 0.000000 
0.118471 -0.000000 
-0.270564 -0.000000 
-1.205965 0.000000 
0.254834 0.000000 
0.211500 0.000000 
-0.099157 0.000000 
0.851558 0.000000 
-0.616088 -0.000000 
0.226315 0.000000 
-0.552884 0.000000 
0.473186 -0.000000 
1.270372 0.000000 
0.203742 0.000000 
0.051119 -0.000000 
-0.350520 0.000000 
0.382558 -0.000000 
-0.409835 0.000000 
-0.338475 0.000000 
0.731039 0.000000 
0.173493 0.000000 
-0.580564 -0.000000 
-0.321137 0.000000 
-0.057088 0.000000 
-0.867198 0.000000 
0.118588 -0.000000 
-0.235339 0.000000 
-0.384007 -0.000000 
-0.269583 0.000000 
-0.024792 0.000000 
-0.158144 -0.000000 
-0.129224 0.000000 
0.355967 0.000000 
0.028063 -0.000000 
-0.899780 -0.000000 
0.343949 0.000000 
-0.013422 0.000000 
0.508132 0.000000 
-0.137368 0.000000 
0.661361 0.000000 
0.135115 -0.000000 
0.022378 0.000000 
0.486882 -0.000000 
0.011687 0.000000 
0.707223 -0.000000 
0.596480 -0.000000 
-0.065363 -0.000000 
-0.196086 -0.000000 
0.428932 0.000000 
0.445398 0.000000 
-0.345322 0.000000 
0.739795 0.000000 
0.270383 0.000000 
-0.185233 0.000000 
0.336118 0.000000 
0.061021 0.000000 
0.346038 0.000000 
0.020475 -0.000000 
0.760663 0.000000 
0.252606 -0.000000 
0.746929 0.000000 
-0.045382 0.000000 
-0.277087 0.000000 
0.212072 0.000000 
0.288029 0.000000 
-0.836528 -0.000000 
-0.845251 0.000000 
0.670930 -0.000000 
-0.690815 0.000000 
0.468587 0.000000 
0.905878 0.000000 
1.135552 0.000000 
-0.610313 0.000000 
0.001699 0.000000 
-0.421297 0.000000 
-0.382582 0.000000 
0.050242 0.000000 
-0.464281 0.000000 
-0.513584 0.000000 
-1.160639 0.000000 
0.062466 0.000000 
-0.391907 0.000000 
0.082733 0.000000 
0.044105 0.000000 
0.096820 0.000000 
-0.092146 -0.000000 
-0.353399 0.000000 
-0.004864 0.000000 
1.030729 -0.000000 
0.352111 -0.000000 
0.395173 0.000000 
-0.298597 -0.000000 
-1.140011 -0.000000 
-0.210224 -0.000000 
-0.120479 -0.000000 
-0.319596 0.000000 
-0.613632 0.000000 
0.137518 -0.000000 
-0.555753 -0.000000 
-0.610536 0.000000 
0.135279 -0.000000 
0.448832 0.000000 
0.679862 0.000000 
-0.157636 0.000000 
-0.455562 -0.000000 
0.015461 -0.000000 
0.175558 -0.000000 
-0.012878 0.000000 
0.933770 0.000000 
0.462414 0.000000 
-0.154936 0.000000 
0.574018 0.000000 
-0.605293 0.000000 
0.523407 -0.000000 
0.064841 0.000000 
0.407844 -0.000000 
0.373963 -0.000000 
-0.350601 0.000000 
0.080690 -0.000000 
0.429632 0.000000 
0.324361 -0.000000 
-0.063870 0.000000 
1.149216 0.000000 
0.152475 -0.000000 
-0.963691 0.000000 
-0.516571 -0.000000 
0.617869 -0.000000 
-0.587173 0.000000 
-0.556683 -0.000000 
-0.968599 0.000000 
0.361282 0.000000 
-0.742491 -0.000000 
0.688599 0.000000 
-0.581596 -0.000000 
-1.220422 -0.000000 
-0.665254 0.000000 
0.280570 0.000000 
0.255504 0.000000 
0.139168 0.000000 
0.094528 -0.000000 
-0.365012 -0.000000 
-0.409289 -0.000000 
0.310066 0.000000 
-0.251255 -0.000000 
0.082264 0.000000 
-0.177321 0.000000 
0.215311 -0.000000 
-0.342372 0.000000 
-0.095406 0.000000 
-0.447575 -0.000000 
-0.138489 0.000000 
0.019356 0.000000 
-0.362001 -0.000000 
-0.416065 0.000000 
0.346863 0.000000 
0.091440 0.000000 
0.846771 0.000000 
0.201359 -0.000000 
-0.567879 0.000000 
-0.152277 0.000000 
-0.111148 -0.000000 
0.006907 0.000000 
0.591020 0.000000 
-0.362444 0.000000 
-0.676295 0.000000 
-0.139978 -0.000000 
-0.032610 0.000000 
0.279118 0.000000 
0.762636 0.000000 
-0.518014 -0.000000 
-0.550138 0.000000 
-0.205430 0.000000 
-0.187604 0.000000 
-0.835262 -0.000000 
-0.033963 0.000000 
0.316155 0.000000 
-0.125962 0.000000 
0.407940 0.000000 
-0.353274 0.000000 
0.381915 0.000000 
0.431600 0.000000 
0.472688 0.000000 
0.935119 -0.000000 
0.470862 -0.000000 
-0.719825 0.000000 
-0.192749 0.000000 
