T	 |m|	 <m[0]>	 <m[1]>	 <E>	 dim_{Lat}=2	 L=128,128	 J=1.000000,1.000000	 {/Symbol s}_J=0.000000,0.000000	 <J_{ij}>=0.000000,0.000000	 dim_{Spin}=2	 h=0.062500,0.000000	 {/Symbol s}_h=0.500000,0.000000	 <h_i>=-0.006287,0.000000	 order=1.000000,0.000000	 order_h=0	 order_r=1	 (thermalizing-MCS,averaging-MCS)/{/Symbol D}T=(128000,12800)/0.010000	 
Cooling... 
2.000000	 0.064533	 0.051817	 -0.000093	 -0.613145	 
1.990000	 0.065932	 0.053886	 -0.002144	 -0.617615	 
1.980000	 0.065966	 0.053621	 -0.001194	 -0.621695	 
1.970000	 0.066877	 0.054735	 -0.002324	 -0.625566	 
1.960000	 0.067947	 0.056443	 -0.000914	 -0.629214	 
1.950000	 0.068910	 0.057840	 -0.000143	 -0.632418	 
1.940000	 0.068702	 0.056963	 0.000319	 -0.635848	 
1.930000	 0.069027	 0.057292	 0.000667	 -0.639217	 
1.920000	 0.070012	 0.058555	 -0.001491	 -0.643826	 
1.910000	 0.071341	 0.059954	 -0.001705	 -0.648203	 
1.900000	 0.071693	 0.060344	 -0.002691	 -0.652124	 
1.890000	 0.072912	 0.061862	 -0.002545	 -0.656534	 
1.880000	 0.074610	 0.063435	 -0.001677	 -0.660912	 
1.870000	 0.074485	 0.063546	 0.001820	 -0.664051	 
1.860000	 0.074752	 0.063510	 -0.000276	 -0.668188	 
1.850000	 0.075606	 0.064375	 -0.000433	 -0.672307	 
1.840000	 0.077716	 0.067359	 -0.001153	 -0.677700	 
1.830000	 0.077292	 0.066708	 -0.002657	 -0.682121	 
1.820000	 0.079241	 0.068850	 -0.002734	 -0.687091	 
1.810000	 0.081741	 0.071660	 -0.001553	 -0.691578	 
1.800000	 0.081918	 0.072201	 0.000342	 -0.695281	 
1.790000	 0.081579	 0.071370	 -0.000216	 -0.699799	 
1.780000	 0.082357	 0.071746	 0.000601	 -0.703703	 
1.770000	 0.084933	 0.074700	 -0.003058	 -0.709719	 
1.760000	 0.085855	 0.076218	 -0.000834	 -0.715166	 
1.750000	 0.086251	 0.076242	 -0.003141	 -0.719755	 
1.740000	 0.088462	 0.079070	 -0.002290	 -0.725290	 
1.730000	 0.090677	 0.081333	 -0.000555	 -0.729927	 
1.720000	 0.090724	 0.081194	 0.001210	 -0.734132	 
1.710000	 0.092184	 0.082915	 -0.000838	 -0.739380	 
1.700000	 0.094084	 0.084572	 -0.000413	 -0.745163	 
1.690000	 0.095237	 0.086372	 -0.001461	 -0.750748	 
1.680000	 0.095793	 0.086782	 -0.003551	 -0.757001	 
1.670000	 0.098234	 0.089457	 -0.001581	 -0.762371	 
1.660000	 0.100911	 0.091923	 -0.001488	 -0.767927	 
1.650000	 0.102677	 0.094579	 0.001051	 -0.772791	 
1.640000	 0.103417	 0.094427	 0.001156	 -0.778677	 
1.630000	 0.105237	 0.096452	 0.000345	 -0.784077	 
1.620000	 0.108387	 0.099648	 -0.001637	 -0.791022	 
1.610000	 0.108648	 0.100411	 -0.002627	 -0.797544	 
1.600000	 0.110916	 0.102368	 -0.004894	 -0.804252	 
1.590000	 0.112579	 0.103969	 -0.003104	 -0.810051	 
1.580000	 0.116426	 0.108373	 -0.000867	 -0.816250	 
1.570000	 0.117630	 0.109271	 0.000977	 -0.822325	 
1.560000	 0.120112	 0.112221	 0.001571	 -0.828370	 
1.550000	 0.122609	 0.113992	 0.000000	 -0.835708	 
1.540000	 0.124753	 0.116578	 -0.002272	 -0.843266	 
1.530000	 0.127990	 0.119695	 -0.003961	 -0.850105	 
1.520000	 0.129391	 0.121557	 -0.004257	 -0.857411	 
1.510000	 0.135349	 0.127890	 -0.000372	 -0.864742	 
1.500000	 0.137025	 0.129456	 0.003012	 -0.871105	 
1.490000	 0.138735	 0.131209	 0.002494	 -0.878011	 
1.480000	 0.141075	 0.132474	 0.002790	 -0.885549	 
1.470000	 0.147300	 0.139660	 -0.000963	 -0.894623	 
1.460000	 0.148576	 0.140906	 -0.001574	 -0.902358	 
1.450000	 0.151967	 0.144550	 -0.006988	 -0.911213	 
1.440000	 0.157573	 0.149831	 -0.005379	 -0.919370	 
1.430000	 0.160064	 0.152896	 0.000723	 -0.925573	 
1.420000	 0.164517	 0.157231	 0.002823	 -0.933823	 
1.410000	 0.166119	 0.158412	 0.005275	 -0.941249	 
1.400000	 0.170697	 0.163298	 -0.003314	 -0.951554	 
1.390000	 0.175391	 0.168085	 -0.003408	 -0.960814	 
1.380000	 0.178728	 0.171480	 -0.008908	 -0.969630	 
1.370000	 0.182323	 0.174948	 -0.004088	 -0.979184	 
1.360000	 0.189701	 0.182704	 -0.003121	 -0.988189	 
1.350000	 0.195526	 0.188282	 0.006071	 -0.995942	 
1.340000	 0.196799	 0.189432	 0.001853	 -1.005431	 
1.330000	 0.200741	 0.193395	 0.000823	 -1.014954	 
1.320000	 0.209921	 0.203262	 -0.004032	 -1.025814	 
1.310000	 0.216548	 0.209046	 -0.010104	 -1.037062	 
1.300000	 0.220380	 0.213455	 -0.007446	 -1.047299	 
1.290000	 0.229836	 0.222551	 -0.002886	 -1.057740	 
1.280000	 0.233032	 0.226609	 0.001264	 -1.066528	 
1.270000	 0.236934	 0.229747	 0.001191	 -1.075669	 
1.260000	 0.243585	 0.235863	 0.003343	 -1.085940	 
1.250000	 0.251331	 0.243886	 -0.005296	 -1.098699	 
1.240000	 0.255388	 0.248127	 -0.000594	 -1.109831	 
1.230000	 0.260588	 0.252956	 -0.012374	 -1.121444	 
1.220000	 0.269433	 0.261134	 -0.004747	 -1.132141	 
1.210000	 0.278981	 0.271685	 -0.004412	 -1.143681	 
1.200000	 0.282983	 0.275953	 0.007426	 -1.153389	 
1.190000	 0.292462	 0.285146	 -0.004180	 -1.165030	 
1.180000	 0.303469	 0.295374	 -0.005778	 -1.177108	 
1.170000	 0.308347	 0.301497	 -0.004864	 -1.189349	 
1.160000	 0.316806	 0.308557	 -0.020435	 -1.203379	 
1.150000	 0.328955	 0.318232	 -0.015624	 -1.215168	 
1.140000	 0.335658	 0.327396	 -0.013502	 -1.226536	 
1.130000	 0.345767	 0.336381	 -0.001591	 -1.237609	 
1.120000	 0.351346	 0.343512	 0.005921	 -1.249635	 
1.110000	 0.359168	 0.351103	 0.014092	 -1.260785	 
1.100000	 0.368621	 0.360397	 0.000656	 -1.274870	 
1.090000	 0.378916	 0.369816	 -0.017355	 -1.287108	 
1.080000	 0.385989	 0.373157	 -0.039156	 -1.300846	 
1.070000	 0.397056	 0.383312	 -0.034471	 -1.312472	 
1.060000	 0.405665	 0.390906	 -0.018827	 -1.325761	 
1.050000	 0.413202	 0.404691	 -0.005729	 -1.335530	 
1.040000	 0.415949	 0.403456	 0.011907	 -1.346115	 
1.030000	 0.420427	 0.412316	 -0.005195	 -1.358901	 
1.020000	 0.426794	 0.417734	 -0.021322	 -1.370444	 
1.010000	 0.440891	 0.429829	 -0.058659	 -1.384192	 
1.000000	 0.451891	 0.435438	 -0.057351	 -1.395669	 
0.990000	 0.461269	 0.444444	 -0.083534	 -1.408948	 
0.980000	 0.470376	 0.453461	 0.055614	 -1.419423	 
0.970000	 0.473817	 0.462742	 -0.022976	 -1.428147	 
0.960000	 0.477214	 0.459366	 0.023973	 -1.440014	 
0.950000	 0.482468	 0.466496	 -0.027973	 -1.452006	 
0.940000	 0.496468	 0.474285	 -0.108250	 -1.463207	 
0.930000	 0.515669	 0.471071	 -0.188000	 -1.475195	 
0.920000	 0.502802	 0.484208	 -0.099914	 -1.485031	 
0.910000	 0.515340	 0.500961	 -0.057990	 -1.493531	 
0.900000	 0.508162	 0.501799	 -0.012546	 -1.503358	 
0.890000	 0.498947	 0.492433	 0.002932	 -1.513983	 
0.880000	 0.532053	 0.506870	 -0.136457	 -1.523598	 
0.870000	 0.520524	 0.497351	 -0.143627	 -1.532987	 
0.860000	 0.581562	 0.489666	 -0.303865	 -1.545418	 
0.850000	 0.572129	 0.490615	 -0.275735	 -1.554225	 
0.840000	 0.567191	 0.515054	 -0.213115	 -1.561375	 
0.830000	 0.594457	 0.511934	 -0.291148	 -1.570648	 
0.820000	 0.562220	 0.521318	 -0.187248	 -1.577604	 
0.810000	 0.613051	 0.507447	 -0.339926	 -1.587703	 
0.800000	 0.621153	 0.501544	 -0.359845	 -1.596671	 
0.790000	 0.597531	 0.518028	 -0.288398	 -1.604371	 
0.780000	 0.550251	 0.523257	 -0.158142	 -1.611128	 
0.770000	 0.635335	 0.504331	 -0.381491	 -1.621357	 
0.760000	 0.609000	 0.528138	 -0.295458	 -1.627981	 
0.750000	 0.626916	 0.524249	 -0.339021	 -1.635059	 
0.740000	 0.609060	 0.527073	 -0.297249	 -1.642484	 
0.730000	 0.655424	 0.517987	 -0.398186	 -1.650836	 
0.720000	 0.661983	 0.504416	 -0.424832	 -1.659027	 
0.710000	 0.545690	 0.538653	 -0.063513	 -1.664289	 
0.700000	 0.637704	 0.513395	 -0.373569	 -1.672870	 
0.690000	 0.623906	 0.527179	 -0.328891	 -1.679417	 
0.680000	 0.609950	 0.530275	 -0.293654	 -1.686310	 
0.670000	 0.626491	 0.523996	 -0.336753	 -1.693344	 
0.660000	 0.619347	 0.529177	 -0.318401	 -1.699769	 
0.650000	 0.606519	 0.527636	 -0.295925	 -1.707044	 
0.640000	 0.625460	 0.527083	 -0.334027	 -1.713758	 
0.630000	 0.628925	 0.525741	 -0.338476	 -1.719903	 
0.620000	 0.622109	 0.536751	 -0.308752	 -1.726644	 
0.610000	 0.650534	 0.526991	 -0.379012	 -1.733591	 
0.600000	 0.650150	 0.533312	 -0.368536	 -1.739777	 
0.590000	 0.655601	 0.524468	 -0.391379	 -1.746353	 
0.580000	 0.660317	 0.527961	 -0.395005	 -1.752659	 
0.570000	 0.655306	 0.520781	 -0.395766	 -1.759593	 
0.560000	 0.667533	 0.513534	 -0.425173	 -1.765789	 
0.550000	 0.671253	 0.514797	 -0.429019	 -1.772224	 
0.540000	 0.669835	 0.533833	 -0.399905	 -1.777201	 
0.530000	 0.680487	 0.534604	 -0.417018	 -1.783541	 
0.520000	 0.671551	 0.531410	 -0.407844	 -1.789613	 
0.510000	 0.693065	 0.519227	 -0.457705	 -1.796308	 
0.500000	 0.686383	 0.518865	 -0.448101	 -1.802638	 
0.490000	 0.690187	 0.516731	 -0.456081	 -1.808707	 
0.480000	 0.685325	 0.523920	 -0.440891	 -1.814219	 
0.470000	 0.687469	 0.537305	 -0.427313	 -1.819660	 
0.460000	 0.694346	 0.539878	 -0.434073	 -1.825396	 
0.450000	 0.689328	 0.545272	 -0.419575	 -1.831360	 
0.440000	 0.702987	 0.532520	 -0.457116	 -1.837463	 
0.430000	 0.710210	 0.528501	 -0.473491	 -1.843669	 
0.420000	 0.707608	 0.521045	 -0.477987	 -1.849642	 
0.410000	 0.711969	 0.517008	 -0.488886	 -1.855395	 
0.400000	 0.712225	 0.528756	 -0.476520	 -1.860756	 
0.390000	 0.701189	 0.535133	 -0.451703	 -1.866213	 
0.380000	 0.715324	 0.537786	 -0.470494	 -1.871885	 
0.370000	 0.720753	 0.535079	 -0.482052	 -1.877638	 
0.360000	 0.727533	 0.530014	 -0.497617	 -1.883523	 
0.350000	 0.729295	 0.529970	 -0.500323	 -1.889120	 
0.340000	 0.730729	 0.528094	 -0.504566	 -1.894826	 
0.330000	 0.732987	 0.529477	 -0.505965	 -1.900364	 
0.320000	 0.733760	 0.533024	 -0.503462	 -1.905590	 
0.310000	 0.741488	 0.544638	 -0.502492	 -1.910890	 
0.300000	 0.730174	 0.542196	 -0.488516	 -1.916533	 
0.290000	 0.739143	 0.533117	 -0.511467	 -1.922070	 
0.280000	 0.738130	 0.536199	 -0.506758	 -1.927566	 
0.270000	 0.731488	 0.535385	 -0.498070	 -1.933118	 
0.260000	 0.737646	 0.526359	 -0.516468	 -1.938658	 
0.250000	 0.751766	 0.535864	 -0.526752	 -1.943772	 
0.240000	 0.753261	 0.538389	 -0.526411	 -1.949143	 
0.230000	 0.753504	 0.545311	 -0.519590	 -1.954246	 
0.220000	 0.757515	 0.544150	 -0.526530	 -1.959771	 
0.210000	 0.759751	 0.538026	 -0.536119	 -1.965152	 
0.200000	 0.759369	 0.536516	 -0.537109	 -1.970413	 
0.190000	 0.767140	 0.533879	 -0.550602	 -1.975826	 
0.180000	 0.770616	 0.537228	 -0.552233	 -1.981121	 
0.170000	 0.773553	 0.537900	 -0.555631	 -1.986294	 
0.160000	 0.772785	 0.539042	 -0.553609	 -1.991294	 
0.150000	 0.775242	 0.541687	 -0.554492	 -1.996606	 
0.140000	 0.779479	 0.541354	 -0.560697	 -2.001856	 
0.130000	 0.778482	 0.542081	 -0.558604	 -2.007053	 
0.120000	 0.782284	 0.536262	 -0.569431	 -2.012297	 
0.110000	 0.785877	 0.538683	 -0.572104	 -2.017474	 
0.100000	 0.788673	 0.543175	 -0.571726	 -2.022540	 
0.090000	 0.787634	 0.547023	 -0.566605	 -2.027649	 
0.080000	 0.790417	 0.543205	 -0.574140	 -2.032750	 
0.070000	 0.791856	 0.538987	 -0.580076	 -2.037881	 
0.060000	 0.793730	 0.543997	 -0.577929	 -2.042992	 
0.050000	 0.795240	 0.546913	 -0.577288	 -2.048032	 
0.040000	 0.799324	 0.545887	 -0.583877	 -2.053121	 
0.030000	 0.802069	 0.547102	 -0.586487	 -2.058153	 
0.020000	 0.803109	 0.546651	 -0.588339	 -2.063197	 
0.010000	 0.805219	 0.545591	 -0.592201	 -2.068190	 
