-2.023785 2.023785 
0.000000 0.500000 -0.034446 
0.000000 0.000000 0.000000 

-0.033621 0.000000 
0.249853 0.000000 
0.400740 0.000000 
-0.269530 -0.000000 
-0.585347 0.000000 
0.057300 0.000000 
-0.107060 0.000000 
0.146037 -0.000000 
-0.153534 0.000000 
-0.171091 -0.000000 
-0.638922 0.000000 
0.346631 0.000000 
1.013365 -0.000000 
0.636205 0.000000 
-1.137748 0.000000 
0.121337 -0.000000 
0.487125 0.000000 
-0.391443 0.000000 
0.268584 -0.000000 
-0.179448 0.000000 
-0.166608 0.000000 
0.515501 -0.000000 
0.157031 -0.000000 
0.452941 -0.000000 
-0.052859 0.000000 
0.425970 0.000000 
-0.193034 0.000000 
-0.377081 -0.000000 
0.439691 0.000000 
-0.260074 0.000000 
-0.399854 0.000000 
0.461362 0.000000 
-0.297867 0.000000 
0.261006 0.000000 
-0.079180 -0.000000 
-0.953724 0.000000 
-0.190149 0.000000 
0.052658 0.000000 
-0.494900 0.000000 
-0.675470 0.000000 
-0.162664 0.000000 
-0.084201 -0.000000 
0.655445 0.000000 
-0.197256 0.000000 
-0.631945 -0.000000 
0.222940 -0.000000 
0.048337 -0.000000 
-0.405253 0.000000 
0.178309 0.000000 
0.611531 0.000000 
-0.526247 -0.000000 
-0.153361 0.000000 
0.551827 0.000000 
0.636603 -0.000000 
-0.468413 0.000000 
0.007404 0.000000 
-1.318096 -0.000000 
1.136525 -0.000000 
0.227310 -0.000000 
0.376380 -0.000000 
-0.336254 -0.000000 
0.448014 0.000000 
-0.258520 0.000000 
-0.007709 -0.000000 
0.522327 0.000000 
0.057627 0.000000 
0.280006 0.000000 
0.098139 0.000000 
-0.319711 0.000000 
0.229619 0.000000 
-0.892845 0.000000 
0.413820 0.000000 
-0.051372 0.000000 
-0.273852 0.000000 
0.061822 0.000000 
-0.584635 0.000000 
1.342705 0.000000 
0.233763 0.000000 
0.543613 -0.000000 
0.666425 0.000000 
-0.577997 -0.000000 
-0.087004 -0.000000 
0.270054 0.000000 
-0.016449 0.000000 
-0.436171 0.000000 
-0.283073 0.000000 
0.694474 0.000000 
0.167504 -0.000000 
-0.550104 0.000000 
0.087342 0.000000 
0.482970 0.000000 
-0.663699 -0.000000 
-0.153230 -0.000000 
-0.191841 0.000000 
0.164557 -0.000000 
0.149687 0.000000 
-0.102164 0.000000 
-0.106444 0.000000 
-0.510642 0.000000 
-0.217662 0.000000 
-0.446566 0.000000 
-0.008356 0.000000 
-0.529222 0.000000 
0.969102 0.000000 
0.740449 0.000000 
0.435314 0.000000 
-0.603401 0.000000 
-0.404466 -0.000000 
-0.596838 0.000000 
-0.190491 0.000000 
-0.222764 0.000000 
0.033601 0.000000 
-0.862736 0.000000 
-0.084088 0.000000 
0.369945 -0.000000 
-0.437702 0.000000 
-0.064860 -0.000000 
-0.127567 -0.000000 
1.126731 -0.000000 
0.140727 0.000000 
-0.533384 0.000000 
0.267159 0.000000 
0.565512 -0.000000 
-0.026724 -0.000000 
0.173472 -0.000000 
-0.767104 -0.000000 
0.669054 0.000000 
-0.097188 0.000000 
-0.347623 -0.000000 
-0.682184 -0.000000 
0.223236 0.000000 
0.735779 0.000000 
0.766710 -0.000000 
-0.225117 0.000000 
-0.658084 0.000000 
-0.533129 0.000000 
0.409596 0.000000 
0.468435 0.000000 
-0.550258 0.000000 
-0.305311 0.000000 
-0.646598 0.000000 
0.175567 -0.000000 
0.346798 -0.000000 
0.641200 -0.000000 
0.832711 0.000000 
0.356957 -0.000000 
-0.008426 0.000000 
0.535136 -0.000000 
-0.304875 0.000000 
-0.432030 0.000000 
0.847715 0.000000 
0.019085 -0.000000 
-0.062319 0.000000 
0.100035 -0.000000 
-0.391076 0.000000 
0.068132 -0.000000 
-0.391674 0.000000 
0.427365 0.000000 
-0.146115 0.000000 
-0.664521 0.000000 
0.640420 -0.000000 
-0.611677 -0.000000 
0.590040 0.000000 
-0.256867 0.000000 
1.064007 0.000000 
0.574740 -0.000000 
0.235643 0.000000 
-0.023040 -0.000000 
0.382155 0.000000 
-0.108476 0.000000 
-0.806840 0.000000 
-0.261392 0.000000 
-0.145830 0.000000 
-0.119693 -0.000000 
0.404534 -0.000000 
0.303273 0.000000 
-0.183441 0.000000 
0.149035 0.000000 
-0.702188 -0.000000 
0.067629 0.000000 
0.492358 -0.000000 
0.431388 0.000000 
-0.907440 0.000000 
-0.828429 0.000000 
-0.108680 0.000000 
-0.197015 0.000000 
-1.103992 -0.000000 
0.128966 0.000000 
-0.441831 0.000000 
-0.202317 -0.000000 
-1.147469 -0.000000 
0.059357 -0.000000 
0.094055 0.000000 
0.230388 0.000000 
0.188619 0.000000 
0.147218 0.000000 
-0.341425 0.000000 
0.081634 -0.000000 
0.540276 0.000000 
-0.770055 0.000000 
-0.286409 -0.000000 
0.699843 -0.000000 
0.182573 -0.000000 
-0.461841 0.000000 
-0.129396 -0.000000 
-0.007714 0.000000 
0.252342 0.000000 
-0.451436 0.000000 
0.568977 0.000000 
-0.120418 0.000000 
0.191714 0.000000 
0.285899 0.000000 
-0.815676 -0.000000 
0.051447 0.000000 
0.014005 0.000000 
-0.856101 0.000000 
-0.405327 0.000000 
0.300765 0.000000 
-0.570510 0.000000 
-0.933916 0.000000 
-0.461730 0.000000 
-0.172034 0.000000 
-0.299090 -0.000000 
-0.719677 -0.000000 
-0.434712 0.000000 
-0.723466 0.000000 
0.967149 -0.000000 
-0.558956 0.000000 
0.941085 0.000000 
0.207628 0.000000 
-0.337854 0.000000 
-0.146857 -0.000000 
-0.501334 -0.000000 
0.345662 0.000000 
-0.829318 0.000000 
0.278392 -0.000000 
-0.694545 -0.000000 
0.153226 0.000000 
0.222142 0.000000 
0.528588 0.000000 
-0.171511 0.000000 
-0.729905 0.000000 
0.049029 0.000000 
-0.266005 0.000000 
0.385982 0.000000 
-0.233682 -0.000000 
-0.048133 0.000000 
-0.897426 -0.000000 
-0.148376 0.000000 
0.474116 0.000000 
0.324599 0.000000 
-0.731687 0.000000 
-0.319521 0.000000 
0.486526 0.000000 
0.127556 0.000000 
0.293641 0.000000 
