T	 |m|	 <m[0]>	 <m[1]>	 <E>	 dim_{Lat}=2	 L=128,128	 J=1.000000,1.000000	 {/Symbol s}_J=0.000000,0.000000	 <J_{ij}>=0.000000,0.000000	 dim_{Spin}=2	 h=0.031250,0.000000	 {/Symbol s}_h=0.500000,0.000000	 <h_i>=-0.003404,0.000000	 order=1.000000,0.000000	 order_h=0	 order_r=1	 (thermalizing-MCS,averaging-MCS)/{/Symbol D}T=(128000,12800)/0.010000	 
Cooling... 
2.000000	 0.048025	 0.025182	 -0.000036	 -0.607464	 
1.990000	 0.049036	 0.027191	 -0.001813	 -0.611884	 
1.980000	 0.048746	 0.026459	 -0.001140	 -0.615798	 
1.970000	 0.049221	 0.026936	 -0.001774	 -0.619930	 
1.960000	 0.049554	 0.028297	 -0.000629	 -0.622864	 
1.950000	 0.050317	 0.029786	 -0.000224	 -0.626306	 
1.940000	 0.050093	 0.028190	 0.000311	 -0.629777	 
1.930000	 0.049985	 0.027529	 0.000684	 -0.632797	 
1.920000	 0.050775	 0.028974	 -0.001402	 -0.637487	 
1.910000	 0.051234	 0.029919	 -0.001583	 -0.641718	 
1.900000	 0.051117	 0.029678	 -0.002495	 -0.645808	 
1.890000	 0.051943	 0.030839	 -0.002218	 -0.649862	 
1.880000	 0.053004	 0.031719	 -0.001310	 -0.653584	 
1.870000	 0.052275	 0.031737	 0.002228	 -0.657246	 
1.860000	 0.052646	 0.030618	 -0.000243	 -0.661277	 
1.850000	 0.052963	 0.031430	 0.000066	 -0.665294	 
1.840000	 0.054080	 0.033666	 -0.000998	 -0.670041	 
1.830000	 0.053633	 0.032913	 -0.002578	 -0.674740	 
1.820000	 0.054452	 0.033973	 -0.002401	 -0.679620	 
1.810000	 0.056421	 0.036750	 -0.001490	 -0.683529	 
1.800000	 0.055849	 0.036438	 0.000246	 -0.687295	 
1.790000	 0.055281	 0.035408	 0.000108	 -0.692004	 
1.780000	 0.056399	 0.035283	 0.000714	 -0.695672	 
1.770000	 0.057200	 0.037196	 -0.003072	 -0.701414	 
1.760000	 0.057340	 0.037828	 -0.000527	 -0.706338	 
1.750000	 0.057335	 0.037490	 -0.002829	 -0.711067	 
1.740000	 0.059144	 0.039894	 -0.002602	 -0.716037	 
1.730000	 0.060287	 0.041701	 -0.000338	 -0.720659	 
1.720000	 0.059533	 0.040272	 0.000905	 -0.724811	 
1.710000	 0.059753	 0.040744	 -0.001177	 -0.729981	 
1.700000	 0.061779	 0.042000	 -0.001103	 -0.735160	 
1.690000	 0.061846	 0.042955	 -0.001229	 -0.740740	 
1.680000	 0.061954	 0.043213	 -0.003433	 -0.746609	 
1.670000	 0.063257	 0.045207	 -0.001382	 -0.751774	 
1.660000	 0.064573	 0.046474	 -0.001790	 -0.757407	 
1.650000	 0.064119	 0.048143	 0.001198	 -0.762047	 
1.640000	 0.065765	 0.047030	 0.001526	 -0.767712	 
1.630000	 0.066538	 0.048981	 0.000787	 -0.772955	 
1.620000	 0.068477	 0.050402	 -0.001370	 -0.779528	 
1.610000	 0.067133	 0.050156	 -0.002565	 -0.785579	 
1.600000	 0.068934	 0.051515	 -0.004747	 -0.792308	 
1.590000	 0.069146	 0.051753	 -0.002229	 -0.797705	 
1.580000	 0.072829	 0.056597	 0.000044	 -0.803907	 
1.570000	 0.072144	 0.054789	 0.000539	 -0.809036	 
1.560000	 0.072730	 0.055768	 0.001333	 -0.814885	 
1.550000	 0.075540	 0.058212	 -0.000240	 -0.822093	 
1.540000	 0.075331	 0.058918	 -0.001078	 -0.828839	 
1.530000	 0.076839	 0.059935	 -0.004338	 -0.835897	 
1.520000	 0.077633	 0.061814	 -0.002525	 -0.842601	 
1.510000	 0.081550	 0.066396	 -0.001124	 -0.849216	 
1.500000	 0.081546	 0.066801	 0.002686	 -0.855633	 
1.490000	 0.082268	 0.066602	 0.001476	 -0.862089	 
1.480000	 0.084746	 0.067339	 0.001077	 -0.869541	 
1.470000	 0.088150	 0.072641	 -0.002463	 -0.877467	 
1.460000	 0.086625	 0.071711	 -0.001874	 -0.885234	 
1.450000	 0.090255	 0.074364	 -0.006819	 -0.893203	 
1.440000	 0.093095	 0.078345	 -0.003295	 -0.900735	 
1.430000	 0.094044	 0.080223	 0.000249	 -0.907085	 
1.420000	 0.095506	 0.080670	 0.001338	 -0.914632	 
1.410000	 0.095269	 0.079563	 0.003703	 -0.921896	 
1.400000	 0.100410	 0.085531	 -0.002980	 -0.931771	 
1.390000	 0.100288	 0.085671	 -0.002152	 -0.940044	 
1.380000	 0.103379	 0.089850	 -0.008614	 -0.949327	 
1.370000	 0.106009	 0.091544	 -0.004352	 -0.957246	 
1.360000	 0.109392	 0.095671	 -0.002953	 -0.965584	 
1.350000	 0.115247	 0.100874	 0.002501	 -0.973119	 
1.340000	 0.113906	 0.099717	 0.001895	 -0.982284	 
1.330000	 0.116715	 0.102196	 -0.000290	 -0.991050	 
1.320000	 0.124049	 0.110224	 -0.005282	 -1.002146	 
1.310000	 0.123403	 0.110159	 -0.008143	 -1.011294	 
1.300000	 0.128819	 0.115008	 -0.007778	 -1.021639	 
1.290000	 0.135707	 0.122372	 -0.009441	 -1.031390	 
1.280000	 0.137531	 0.125062	 0.003149	 -1.040132	 
1.270000	 0.140731	 0.126156	 0.003775	 -1.048648	 
1.260000	 0.144165	 0.128711	 0.006050	 -1.059255	 
1.250000	 0.148448	 0.134062	 -0.006606	 -1.071105	 
1.240000	 0.149926	 0.136386	 -0.006429	 -1.080930	 
1.230000	 0.156192	 0.141323	 -0.010709	 -1.092891	 
1.220000	 0.159410	 0.143790	 -0.010620	 -1.101686	 
1.210000	 0.167809	 0.154606	 -0.008855	 -1.113655	 
1.200000	 0.167879	 0.154726	 0.007585	 -1.122486	 
1.190000	 0.176728	 0.162786	 -0.000264	 -1.133241	 
1.180000	 0.182058	 0.166137	 -0.003861	 -1.145578	 
1.170000	 0.189465	 0.174915	 -0.002568	 -1.158431	 
1.160000	 0.193009	 0.178217	 -0.020703	 -1.170560	 
1.150000	 0.202557	 0.185964	 -0.018038	 -1.181895	 
1.140000	 0.214476	 0.195774	 -0.004078	 -1.193966	 
1.130000	 0.219564	 0.203188	 -0.002701	 -1.204564	 
1.120000	 0.217987	 0.204518	 -0.001216	 -1.216194	 
1.110000	 0.228104	 0.210451	 0.014608	 -1.227225	 
1.100000	 0.237722	 0.218443	 -0.011225	 -1.240885	 
1.090000	 0.244157	 0.223087	 -0.029026	 -1.253682	 
1.080000	 0.246368	 0.226012	 -0.042231	 -1.266325	 
1.070000	 0.263369	 0.237678	 -0.058210	 -1.279406	 
1.060000	 0.270103	 0.243068	 -0.022810	 -1.291487	 
1.050000	 0.271357	 0.251635	 -0.012695	 -1.302379	 
1.040000	 0.275489	 0.249481	 0.017872	 -1.314018	 
1.030000	 0.284700	 0.266585	 -0.008622	 -1.326081	 
1.020000	 0.281982	 0.265410	 -0.036533	 -1.339309	 
1.010000	 0.297234	 0.271199	 -0.088524	 -1.354160	 
1.000000	 0.335765	 0.275927	 -0.102335	 -1.366886	 
0.990000	 0.320092	 0.290006	 -0.067311	 -1.378102	 
0.980000	 0.331957	 0.303055	 -0.087527	 -1.389546	 
0.970000	 0.329705	 0.294339	 0.002986	 -1.400254	 
0.960000	 0.307612	 0.297401	 0.007005	 -1.413405	 
0.950000	 0.405633	 0.300134	 -0.254904	 -1.427434	 
0.940000	 0.390862	 0.303667	 -0.227653	 -1.438637	 
0.930000	 0.504697	 0.283741	 -0.413381	 -1.455368	 
0.920000	 0.522052	 0.297951	 -0.424402	 -1.466698	 
0.910000	 0.518050	 0.309591	 -0.409426	 -1.477281	 
0.900000	 0.480154	 0.314317	 -0.350392	 -1.485985	 
0.890000	 0.530675	 0.303488	 -0.430984	 -1.495998	 
0.880000	 0.566801	 0.293738	 -0.481882	 -1.508353	 
0.870000	 0.603496	 0.274412	 -0.535285	 -1.520427	 
0.860000	 0.571855	 0.289250	 -0.490749	 -1.527881	 
0.850000	 0.604103	 0.286786	 -0.529449	 -1.538725	 
0.840000	 0.621881	 0.291366	 -0.546913	 -1.547819	 
0.830000	 0.629238	 0.295938	 -0.551710	 -1.556250	 
0.820000	 0.641032	 0.296059	 -0.565461	 -1.564758	 
0.810000	 0.645499	 0.287239	 -0.576251	 -1.573907	 
0.800000	 0.646939	 0.282236	 -0.580173	 -1.582754	 
0.790000	 0.664280	 0.274465	 -0.603294	 -1.591969	 
0.780000	 0.672458	 0.269779	 -0.614354	 -1.599410	 
0.770000	 0.677334	 0.284888	 -0.612735	 -1.607637	 
0.760000	 0.677336	 0.291103	 -0.609506	 -1.614476	 
0.750000	 0.676118	 0.287334	 -0.609380	 -1.621505	 
0.740000	 0.689159	 0.281180	 -0.627779	 -1.629468	 
0.730000	 0.693023	 0.284944	 -0.630081	 -1.637277	 
0.720000	 0.700592	 0.277946	 -0.641326	 -1.644927	 
0.710000	 0.701397	 0.277510	 -0.643150	 -1.652585	 
0.700000	 0.713962	 0.269402	 -0.660073	 -1.660056	 
0.690000	 0.712261	 0.279700	 -0.653467	 -1.666524	 
0.680000	 0.713993	 0.292423	 -0.649657	 -1.672953	 
0.670000	 0.718235	 0.286153	 -0.657163	 -1.679750	 
0.660000	 0.723000	 0.290390	 -0.660909	 -1.686957	 
0.650000	 0.727771	 0.281703	 -0.669718	 -1.693906	 
0.640000	 0.733974	 0.274689	 -0.679768	 -1.701381	 
0.630000	 0.735996	 0.271865	 -0.683031	 -1.707704	 
0.620000	 0.741529	 0.283054	 -0.684060	 -1.713998	 
0.610000	 0.742043	 0.291977	 -0.680699	 -1.720126	 
0.600000	 0.742654	 0.283690	 -0.685258	 -1.726230	 
0.590000	 0.753401	 0.285204	 -0.696265	 -1.733151	 
0.580000	 0.756247	 0.275083	 -0.703728	 -1.739588	 
0.570000	 0.757268	 0.280605	 -0.702311	 -1.746266	 
0.560000	 0.762447	 0.270197	 -0.712185	 -1.752775	 
0.550000	 0.765631	 0.270712	 -0.715374	 -1.758865	 
0.540000	 0.766054	 0.282135	 -0.711054	 -1.764501	 
0.530000	 0.770089	 0.288849	 -0.712971	 -1.770437	 
0.520000	 0.771636	 0.284034	 -0.716509	 -1.776446	 
0.510000	 0.778160	 0.282705	 -0.724130	 -1.782961	 
0.500000	 0.782711	 0.280884	 -0.729843	 -1.789421	 
0.490000	 0.787902	 0.271023	 -0.739313	 -1.795420	 
0.480000	 0.786931	 0.274273	 -0.737014	 -1.801220	 
0.470000	 0.790359	 0.279683	 -0.738591	 -1.806981	 
0.460000	 0.791715	 0.287770	 -0.736761	 -1.812471	 
0.450000	 0.793214	 0.291285	 -0.737085	 -1.818366	 
0.440000	 0.799957	 0.287620	 -0.745906	 -1.824220	 
0.430000	 0.803102	 0.278429	 -0.752684	 -1.830227	 
0.420000	 0.807487	 0.270498	 -0.760439	 -1.836318	 
0.410000	 0.810343	 0.275892	 -0.761396	 -1.842156	 
0.400000	 0.812573	 0.278854	 -0.762754	 -1.847639	 
0.390000	 0.814660	 0.286755	 -0.761981	 -1.853124	 
0.380000	 0.815245	 0.288405	 -0.762043	 -1.858612	 
0.370000	 0.818794	 0.286477	 -0.766646	 -1.864263	 
0.360000	 0.823132	 0.278547	 -0.774124	 -1.870128	 
0.350000	 0.827960	 0.281520	 -0.778192	 -1.875929	 
0.340000	 0.829780	 0.274316	 -0.782817	 -1.881728	 
0.330000	 0.832925	 0.276740	 -0.785337	 -1.887058	 
0.320000	 0.834912	 0.280089	 -0.786097	 -1.892422	 
0.310000	 0.836174	 0.287443	 -0.784886	 -1.897806	 
0.300000	 0.837550	 0.280029	 -0.789122	 -1.903266	 
0.290000	 0.840777	 0.285745	 -0.790458	 -1.908772	 
0.280000	 0.844223	 0.285876	 -0.794060	 -1.914339	 
0.270000	 0.848643	 0.279196	 -0.801154	 -1.919883	 
0.260000	 0.851795	 0.280522	 -0.804074	 -1.925374	 
0.250000	 0.852870	 0.285164	 -0.803572	 -1.930641	 
0.240000	 0.855659	 0.284476	 -0.806790	 -1.935915	 
0.230000	 0.857838	 0.284362	 -0.809184	 -1.941072	 
0.220000	 0.860484	 0.289178	 -0.810266	 -1.946406	 
0.210000	 0.863032	 0.286632	 -0.813888	 -1.951820	 
0.200000	 0.866022	 0.284197	 -0.817873	 -1.957312	 
0.190000	 0.868864	 0.281991	 -0.821697	 -1.962541	 
0.180000	 0.872652	 0.283846	 -0.825099	 -1.967923	 
0.170000	 0.873893	 0.280046	 -0.827718	 -1.972900	 
0.160000	 0.876342	 0.287941	 -0.827588	 -1.978174	 
0.150000	 0.878209	 0.284046	 -0.830910	 -1.983400	 
0.140000	 0.882003	 0.276841	 -0.837341	 -1.988611	 
0.130000	 0.882661	 0.282130	 -0.836283	 -1.993825	 
0.120000	 0.886249	 0.283064	 -0.839776	 -1.999086	 
0.110000	 0.888864	 0.285154	 -0.841811	 -2.004159	 
0.100000	 0.890704	 0.285992	 -0.843506	 -2.009306	 
0.090000	 0.893764	 0.284637	 -0.847174	 -2.014412	 
0.080000	 0.896035	 0.285862	 -0.849162	 -2.019514	 
0.070000	 0.898860	 0.286327	 -0.852014	 -2.024598	 
0.060000	 0.900964	 0.286372	 -0.854204	 -2.029735	 
0.050000	 0.903316	 0.285997	 -0.856827	 -2.034782	 
0.040000	 0.905394	 0.284914	 -0.859386	 -2.039853	 
0.030000	 0.907646	 0.285777	 -0.861470	 -2.044897	 
0.020000	 0.910824	 0.287288	 -0.864322	 -2.049926	 
0.010000	 0.912785	 0.287387	 -0.866359	 -2.054930	 
