-2.313114 2.313114 
0.000000 0.500000 0.003674 
0.000000 0.000000 0.000000 

-0.255241 0.000000 
-0.463661 0.000000 
-0.073248 -0.000000 
0.924274 -0.000000 
-0.071669 0.000000 
0.207154 -0.000000 
0.012582 0.000000 
0.168829 0.000000 
0.289872 0.000000 
-0.620796 -0.000000 
-0.023512 0.000000 
0.759039 0.000000 
-0.516477 -0.000000 
0.653568 -0.000000 
1.068209 -0.000000 
0.455020 -0.000000 
0.033729 0.000000 
-0.021843 0.000000 
0.489669 0.000000 
0.457467 -0.000000 
-0.867750 -0.000000 
0.498736 -0.000000 
0.290645 0.000000 
-0.508681 -0.000000 
0.211088 0.000000 
0.000289 0.000000 
-0.338130 -0.000000 
-0.448725 -0.000000 
0.191162 -0.000000 
0.482556 -0.000000 
0.333896 0.000000 
-0.275779 0.000000 
-0.359881 0.000000 
0.317337 0.000000 
-0.601124 0.000000 
0.628634 -0.000000 
0.097331 0.000000 
0.035326 -0.000000 
0.167226 0.000000 
-0.011425 0.000000 
-0.330123 -0.000000 
-0.292971 0.000000 
-0.009666 0.000000 
-0.406569 0.000000 
0.526445 0.000000 
-0.297068 0.000000 
0.443524 0.000000 
0.115379 0.000000 
-0.371235 0.000000 
-0.572445 0.000000 
0.521658 0.000000 
-0.227366 0.000000 
0.050957 0.000000 
-0.623531 0.000000 
0.397046 0.000000 
0.044411 0.000000 
-0.096441 0.000000 
-1.035434 0.000000 
-0.510022 0.000000 
0.545676 0.000000 
0.523136 0.000000 
0.089837 -0.000000 
0.084645 0.000000 
-0.513796 -0.000000 
0.191411 -0.000000 
0.196753 0.000000 
0.090218 0.000000 
-0.048346 -0.000000 
-0.147874 0.000000 
0.586952 0.000000 
0.492275 0.000000 
-0.961828 -0.000000 
0.447909 0.000000 
0.041417 0.000000 
-0.336866 0.000000 
0.078435 0.000000 
-0.320670 0.000000 
-0.138411 -0.000000 
0.070439 0.000000 
-0.236541 0.000000 
-0.315809 -0.000000 
-0.143417 -0.000000 
-0.369057 0.000000 
-0.548392 0.000000 
-0.325880 0.000000 
-0.049490 0.000000 
0.330215 -0.000000 
-0.552182 0.000000 
0.745400 0.000000 
-0.026283 0.000000 
0.115225 -0.000000 
0.039046 0.000000 
0.451970 0.000000 
0.504965 -0.000000 
0.700642 0.000000 
0.438900 0.000000 
0.102048 -0.000000 
-0.390940 -0.000000 
0.327147 0.000000 
0.077162 0.000000 
0.274364 0.000000 
-0.535126 0.000000 
0.199713 -0.000000 
-0.595383 0.000000 
-0.179776 -0.000000 
0.256856 0.000000 
0.020740 -0.000000 
0.474341 0.000000 
-0.565328 0.000000 
-0.687182 0.000000 
0.201686 0.000000 
-0.004379 0.000000 
-0.237170 0.000000 
0.065450 -0.000000 
0.313577 0.000000 
-0.459970 -0.000000 
0.186553 0.000000 
0.397500 -0.000000 
0.068522 -0.000000 
0.137866 0.000000 
-0.245622 0.000000 
0.245481 0.000000 
-0.731193 -0.000000 
0.377255 -0.000000 
0.355039 0.000000 
-0.818368 0.000000 
-0.306774 0.000000 
0.323366 0.000000 
0.033453 -0.000000 
-0.229991 -0.000000 
0.378607 -0.000000 
0.653358 0.000000 
-0.261010 0.000000 
0.163711 -0.000000 
-0.971229 0.000000 
-0.392057 0.000000 
-0.127917 0.000000 
-1.186549 0.000000 
0.217918 0.000000 
0.378535 0.000000 
1.012902 0.000000 
0.382721 0.000000 
0.001373 0.000000 
-0.074267 0.000000 
0.579706 -0.000000 
0.693541 0.000000 
-1.105590 0.000000 
0.439360 0.000000 
-0.323633 0.000000 
0.240630 0.000000 
-0.477853 0.000000 
-0.091223 0.000000 
0.039996 0.000000 
-0.436745 0.000000 
-0.196046 0.000000 
0.293205 0.000000 
-0.365983 0.000000 
-0.571593 0.000000 
0.818334 -0.000000 
-0.869118 -0.000000 
-0.717283 0.000000 
0.867243 0.000000 
1.074682 -0.000000 
0.266892 0.000000 
-0.134412 0.000000 
0.329989 0.000000 
0.423413 0.000000 
-0.436317 0.000000 
-0.416404 -0.000000 
1.014730 0.000000 
-0.832727 0.000000 
-0.625953 -0.000000 
0.474099 -0.000000 
-0.620903 -0.000000 
-0.011698 0.000000 
-0.108713 0.000000 
0.155322 -0.000000 
0.234158 -0.000000 
1.536231 -0.000000 
0.676085 0.000000 
0.026043 -0.000000 
0.032020 0.000000 
0.692576 0.000000 
0.087547 0.000000 
-0.588308 0.000000 
0.055790 -0.000000 
-0.873895 0.000000 
-0.184548 -0.000000 
0.532016 0.000000 
0.512380 -0.000000 
-0.719024 0.000000 
-0.321400 -0.000000 
0.086421 -0.000000 
-0.047104 -0.000000 
-0.556868 -0.000000 
0.062638 0.000000 
0.082119 0.000000 
0.442937 0.000000 
0.430561 0.000000 
-0.374272 0.000000 
-0.354212 0.000000 
-0.081065 0.000000 
0.826810 0.000000 
-0.318264 0.000000 
-0.417105 0.000000 
-0.166215 0.000000 
-1.219190 0.000000 
-0.682283 0.000000 
0.539682 -0.000000 
-0.443310 0.000000 
-0.509782 0.000000 
-0.360341 0.000000 
-0.341796 0.000000 
-0.069528 0.000000 
-0.904872 -0.000000 
-0.783494 -0.000000 
-0.030319 0.000000 
-0.144647 0.000000 
-0.094088 0.000000 
-0.472033 0.000000 
0.356444 -0.000000 
0.276384 0.000000 
-0.025714 0.000000 
0.560961 0.000000 
0.116462 0.000000 
-0.621216 -0.000000 
-0.254502 0.000000 
0.047525 0.000000 
-0.022727 -0.000000 
0.112004 -0.000000 
0.202769 0.000000 
-0.181544 0.000000 
-0.639088 0.000000 
-0.402239 -0.000000 
-0.662513 0.000000 
-0.247336 0.000000 
1.264815 0.000000 
0.225236 0.000000 
0.128724 -0.000000 
0.570032 0.000000 
0.199843 0.000000 
0.007260 -0.000000 
-0.156860 0.000000 
0.190441 -0.000000 
0.575898 0.000000 
-0.202454 0.000000 
-0.185809 0.000000 
-0.197670 0.000000 
-0.949534 0.000000 
-0.822198 0.000000 
-0.494347 0.000000 
0.006232 -0.000000 
0.065585 0.000000 
0.023255 0.000000 
0.080580 -0.000000 
-0.332185 0.000000 
0.091217 0.000000 
-0.181077 0.000000 
-0.313020 0.000000 
0.726501 -0.000000 
-0.118967 0.000000 
0.343432 0.000000 
0.360260 -0.000000 
0.242699 0.000000 
-0.075383 -0.000000 
-0.515218 0.000000 
-0.400722 0.000000 
0.214145 0.000000 
-0.203458 0.000000 
0.041266 0.000000 
-0.583193 0.000000 
-0.049772 -0.000000 
-0.100149 -0.000000 
0.270424 0.000000 
-0.320177 0.000000 
0.114213 -0.000000 
-0.958715 -0.000000 
0.439615 -0.000000 
-0.092408 0.000000 
-0.465449 0.000000 
-0.872378 0.000000 
-0.079189 0.000000 
0.551279 0.000000 
0.105686 -0.000000 
-0.036055 0.000000 
0.272767 -0.000000 
1.026261 0.000000 
-0.632470 0.000000 
0.144524 0.000000 
-0.122208 -0.000000 
-0.752963 -0.000000 
0.656954 -0.000000 
-0.938130 0.000000 
0.428123 -0.000000 
0.094810 -0.000000 
-0.288919 0.000000 
0.118857 0.000000 
0.410863 0.000000 
0.620086 0.000000 
-0.475580 -0.000000 
0.197068 0.000000 
0.354264 -0.000000 
-0.201404 0.000000 
-0.052611 0.000000 
0.157934 -0.000000 
-0.134071 0.000000 
0.385821 -0.000000 
0.209719 0.000000 
-0.124502 0.000000 
-0.170714 -0.000000 
0.492283 -0.000000 
-0.089081 0.000000 
-0.266066 0.000000 
0.360232 -0.000000 
-0.361521 0.000000 
-0.263380 -0.000000 
0.796243 0.000000 
0.099969 0.000000 
0.841513 0.000000 
0.019791 0.000000 
0.086320 0.000000 
-0.158394 -0.000000 
-0.443249 0.000000 
-0.014943 0.000000 
0.613186 0.000000 
-0.192886 0.000000 
0.239544 0.000000 
-0.254208 0.000000 
-0.203192 -0.000000 
-0.874208 0.000000 
0.102883 0.000000 
0.088441 0.000000 
-0.091031 0.000000 
0.150493 0.000000 
-0.904391 0.000000 
0.318538 -0.000000 
0.286164 -0.000000 
-0.286473 0.000000 
-0.288519 0.000000 
0.157119 -0.000000 
-0.400068 0.000000 
0.385512 -0.000000 
-0.455164 0.000000 
0.299763 0.000000 
0.518937 0.000000 
0.737646 0.000000 
0.087344 0.000000 
-0.093860 0.000000 
0.946948 0.000000 
-0.101062 0.000000 
-0.244314 0.000000 
-0.163714 -0.000000 
-0.243224 0.000000 
-0.363941 -0.000000 
-0.017884 -0.000000 
0.609322 -0.000000 
0.524948 0.000000 
-0.312238 0.000000 
-0.887468 -0.000000 
0.137383 -0.000000 
-0.023395 -0.000000 
-0.616725 0.000000 
-0.052290 0.000000 
0.862176 0.000000 
0.284905 -0.000000 
-0.748340 0.000000 
-0.155651 -0.000000 
0.012208 0.000000 
0.436684 0.000000 
-0.102990 -0.000000 
0.291320 0.000000 
0.169185 0.000000 
-0.123350 0.000000 
-0.040310 0.000000 
-0.160417 0.000000 
-0.095467 0.000000 
0.202342 0.000000 
0.028177 -0.000000 
-0.140377 -0.000000 
0.264485 0.000000 
0.515464 0.000000 
-0.768729 0.000000 
-0.539821 -0.000000 
0.134795 0.000000 
-0.056421 0.000000 
-0.462537 0.000000 
0.238213 -0.000000 
0.235754 0.000000 
0.654494 0.000000 
1.030159 0.000000 
-0.657083 0.000000 
0.048266 0.000000 
-0.470465 0.000000 
-0.899835 0.000000 
-0.200133 0.000000 
0.126207 0.000000 
-0.359382 -0.000000 
0.057151 -0.000000 
-0.346875 -0.000000 
-0.274952 0.000000 
-0.279208 0.000000 
0.255808 0.000000 
0.075159 -0.000000 
0.186714 0.000000 
-0.102205 -0.000000 
-0.292647 0.000000 
0.368552 0.000000 
0.949125 -0.000000 
0.178761 -0.000000 
0.215499 -0.000000 
0.171316 0.000000 
0.362945 0.000000 
0.359486 -0.000000 
-0.331126 0.000000 
0.386191 0.000000 
-0.648430 -0.000000 
0.616819 0.000000 
0.005875 -0.000000 
0.505830 0.000000 
-0.806913 0.000000 
0.296513 0.000000 
0.157857 -0.000000 
0.171956 0.000000 
-0.209295 0.000000 
-0.109563 0.000000 
0.061345 -0.000000 
-0.708588 -0.000000 
-0.245940 0.000000 
-1.055546 0.000000 
0.138358 0.000000 
-0.557736 0.000000 
-0.419675 -0.000000 
0.105876 -0.000000 
-0.692061 0.000000 
-0.191712 0.000000 
0.714255 -0.000000 
0.589494 0.000000 
-0.665094 -0.000000 
-0.175688 0.000000 
0.887900 0.000000 
0.109519 0.000000 
0.461562 0.000000 
-0.201966 -0.000000 
0.454751 0.000000 
-0.110489 0.000000 
-0.242232 0.000000 
0.652569 -0.000000 
-0.181448 -0.000000 
0.857651 0.000000 
-0.314089 0.000000 
-0.867448 -0.000000 
0.115796 0.000000 
0.309208 -0.000000 
-0.169265 0.000000 
0.505227 0.000000 
0.233006 -0.000000 
0.148353 0.000000 
-0.225393 0.000000 
-0.583357 -0.000000 
-0.140013 0.000000 
0.241049 -0.000000 
-0.670627 0.000000 
-0.967360 -0.000000 
-0.674531 -0.000000 
-0.649920 0.000000 
0.377450 0.000000 
0.982914 -0.000000 
0.359820 0.000000 
0.133214 -0.000000 
0.032814 0.000000 
0.723290 0.000000 
-0.420787 -0.000000 
0.669765 0.000000 
0.307453 0.000000 
-0.292553 -0.000000 
-0.929634 0.000000 
0.395499 -0.000000 
-1.038519 0.000000 
0.090216 0.000000 
-0.183266 0.000000 
-0.285759 -0.000000 
-1.128812 0.000000 
-0.107751 0.000000 
0.488578 0.000000 
-0.381858 0.000000 
0.237892 -0.000000 
-0.634493 -0.000000 
-0.695667 -0.000000 
0.094125 -0.000000 
-0.510604 -0.000000 
-0.219829 -0.000000 
-0.223238 0.000000 
1.025955 -0.000000 
-0.184960 -0.000000 
-0.011119 0.000000 
0.142792 0.000000 
0.487654 -0.000000 
-0.565698 0.000000 
0.457060 -0.000000 
-0.272222 0.000000 
-1.082569 0.000000 
-0.089941 -0.000000 
-0.022521 0.000000 
0.148342 0.000000 
-0.341925 0.000000 
-0.678512 0.000000 
0.212289 0.000000 
0.250399 0.000000 
0.493878 0.000000 
-0.714736 0.000000 
-0.326928 0.000000 
0.850558 -0.000000 
-0.235167 0.000000 
-0.624751 0.000000 
0.788965 0.000000 
-0.155356 0.000000 
0.634904 0.000000 
1.145522 0.000000 
0.727860 0.000000 
-0.164637 -0.000000 
0.395608 0.000000 
0.727729 0.000000 
0.656066 0.000000 
0.977204 0.000000 
-0.063289 -0.000000 
-0.395083 0.000000 
-0.269601 0.000000 
-0.488736 0.000000 
-0.364003 -0.000000 
-0.893936 0.000000 
-0.356929 0.000000 
0.346570 0.000000 
-0.348859 0.000000 
-0.584998 -0.000000 
0.021438 0.000000 
0.306309 0.000000 
-0.962641 -0.000000 
0.695405 0.000000 
0.279378 0.000000 
0.115139 0.000000 
1.331274 0.000000 
-0.583342 0.000000 
0.298245 0.000000 
0.661512 0.000000 
0.575552 0.000000 
0.623646 -0.000000 
0.365035 -0.000000 
-0.281413 0.000000 
0.327953 0.000000 
-0.275212 0.000000 
-0.435682 0.000000 
0.114526 0.000000 
-0.559552 0.000000 
0.956920 0.000000 
-0.445971 0.000000 
-0.302264 0.000000 
-0.776987 0.000000 
0.365865 -0.000000 
0.025518 0.000000 
-0.664529 0.000000 
0.128997 0.000000 
-0.354214 -0.000000 
0.926283 0.000000 
-0.310146 -0.000000 
0.650722 -0.000000 
-0.036886 -0.000000 
0.221518 -0.000000 
-0.427607 0.000000 
-0.535785 0.000000 
-0.038770 0.000000 
0.037699 -0.000000 
0.092096 0.000000 
0.313998 0.000000 
0.146026 -0.000000 
0.433393 -0.000000 
0.963771 0.000000 
-0.337786 0.000000 
-0.261743 0.000000 
0.454159 0.000000 
-0.142005 -0.000000 
0.261052 0.000000 
0.253710 0.000000 
0.656084 0.000000 
-0.505873 0.000000 
-0.044125 -0.000000 
-0.297179 0.000000 
0.042899 -0.000000 
0.245609 0.000000 
0.113469 0.000000 
-0.502795 0.000000 
0.457215 -0.000000 
-0.358552 -0.000000 
0.940527 0.000000 
-0.093467 0.000000 
0.533696 0.000000 
-0.940366 0.000000 
0.093514 0.000000 
-0.027201 0.000000 
-0.469343 0.000000 
0.354853 0.000000 
0.457546 -0.000000 
-1.017600 -0.000000 
1.411345 -0.000000 
-0.290850 0.000000 
-0.170189 0.000000 
-1.385961 0.000000 
-0.699839 -0.000000 
-0.028419 0.000000 
-0.918600 -0.000000 
0.405930 0.000000 
0.529786 0.000000 
-0.765714 0.000000 
0.537406 -0.000000 
-0.588227 -0.000000 
-0.195071 0.000000 
0.622931 -0.000000 
0.443422 0.000000 
-0.742875 -0.000000 
-0.713126 0.000000 
1.078795 -0.000000 
0.215457 -0.000000 
-0.961818 0.000000 
0.260093 0.000000 
0.033131 -0.000000 
-0.774439 -0.000000 
-0.606577 0.000000 
0.381860 -0.000000 
-1.487179 -0.000000 
0.503773 -0.000000 
-0.438758 0.000000 
-0.060672 -0.000000 
0.601886 0.000000 
0.374153 -0.000000 
0.215288 -0.000000 
0.028431 0.000000 
-0.342109 -0.000000 
0.167799 0.000000 
0.229976 0.000000 
0.097023 0.000000 
0.399301 0.000000 
1.173988 0.000000 
0.017317 -0.000000 
1.117395 -0.000000 
-0.069863 0.000000 
-0.128387 0.000000 
-1.660224 0.000000 
-0.138835 0.000000 
-0.071693 0.000000 
0.258281 0.000000 
0.469398 0.000000 
0.245424 0.000000 
0.020333 0.000000 
0.570754 -0.000000 
-1.250136 0.000000 
0.143306 -0.000000 
0.739829 0.000000 
0.223384 -0.000000 
0.293778 0.000000 
0.058894 0.000000 
-0.121993 -0.000000 
-0.360958 0.000000 
-0.216203 -0.000000 
-0.667415 0.000000 
0.952942 0.000000 
-0.162057 -0.000000 
-0.291286 0.000000 
0.347407 -0.000000 
-0.866386 0.000000 
1.792781 0.000000 
0.834928 0.000000 
-0.556898 0.000000 
-0.406834 0.000000 
0.092036 0.000000 
0.172581 -0.000000 
0.518448 -0.000000 
-0.417578 0.000000 
-0.315443 0.000000 
-1.214489 -0.000000 
0.134398 -0.000000 
0.516949 -0.000000 
-0.414948 -0.000000 
-0.229814 0.000000 
0.255592 0.000000 
-0.129212 -0.000000 
0.060451 0.000000 
-0.256784 0.000000 
0.353807 -0.000000 
0.194971 -0.000000 
0.270544 -0.000000 
0.461496 -0.000000 
0.045909 0.000000 
-0.244697 -0.000000 
-0.479027 0.000000 
0.253004 -0.000000 
-0.400835 -0.000000 
0.210813 0.000000 
0.658511 0.000000 
0.812586 -0.000000 
0.497252 0.000000 
0.028363 0.000000 
-0.177793 0.000000 
0.293715 0.000000 
-0.574835 0.000000 
0.225030 0.000000 
0.160376 0.000000 
0.454015 -0.000000 
0.075144 -0.000000 
0.371895 -0.000000 
-0.682445 0.000000 
-0.048604 0.000000 
-0.397194 0.000000 
-0.019041 0.000000 
0.235630 0.000000 
-0.083847 0.000000 
0.042224 0.000000 
-0.019385 -0.000000 
-0.152461 0.000000 
-0.577370 -0.000000 
-0.254721 -0.000000 
0.356536 0.000000 
-0.106631 0.000000 
0.099083 0.000000 
0.460440 0.000000 
0.388959 0.000000 
-0.895569 -0.000000 
0.212021 0.000000 
0.758899 -0.000000 
-1.134794 0.000000 
0.000381 0.000000 
0.737860 0.000000 
-0.741617 0.000000 
-0.103011 -0.000000 
0.362023 0.000000 
0.417847 0.000000 
0.229332 -0.000000 
0.475190 -0.000000 
0.320347 0.000000 
-0.351167 0.000000 
0.515357 0.000000 
0.225339 0.000000 
-0.129044 0.000000 
0.710859 -0.000000 
-0.078128 0.000000 
-0.139855 0.000000 
0.007839 0.000000 
0.251997 0.000000 
0.702905 -0.000000 
-0.332155 0.000000 
0.651493 -0.000000 
0.936536 -0.000000 
0.064053 0.000000 
-0.956549 0.000000 
-0.501514 0.000000 
0.272068 0.000000 
-0.521737 0.000000 
0.225501 -0.000000 
0.463309 0.000000 
-0.868273 0.000000 
0.272874 0.000000 
0.282354 0.000000 
-0.459733 0.000000 
0.593833 0.000000 
-0.673818 0.000000 
0.341071 0.000000 
0.421619 -0.000000 
0.896821 -0.000000 
-0.412182 0.000000 
-0.514490 0.000000 
-0.087066 0.000000 
0.284252 0.000000 
-0.099150 0.000000 
0.231253 0.000000 
-0.708338 0.000000 
-0.749124 0.000000 
0.452681 -0.000000 
0.119761 0.000000 
-0.230117 -0.000000 
0.031719 0.000000 
0.051585 0.000000 
0.321391 -0.000000 
-0.371853 -0.000000 
-0.214836 -0.000000 
-0.126079 0.000000 
-0.439826 0.000000 
0.175534 -0.000000 
-1.165980 -0.000000 
-0.602047 0.000000 
0.404704 0.000000 
0.221395 0.000000 
0.005099 -0.000000 
0.662542 0.000000 
0.046864 0.000000 
0.911348 -0.000000 
0.020123 0.000000 
0.133799 0.000000 
-0.418081 -0.000000 
0.532444 0.000000 
-0.499941 0.000000 
0.253268 0.000000 
0.421602 0.000000 
-0.512841 -0.000000 
-0.750945 0.000000 
0.044482 0.000000 
0.311181 0.000000 
0.115817 -0.000000 
-0.096843 0.000000 
-0.298610 0.000000 
-1.074168 0.000000 
-0.311277 -0.000000 
0.193503 0.000000 
0.355196 -0.000000 
-0.836473 0.000000 
0.447195 0.000000 
0.056933 -0.000000 
-0.545220 0.000000 
-0.475309 0.000000 
-0.792031 -0.000000 
-0.206575 0.000000 
1.157531 0.000000 
-0.431996 0.000000 
0.993672 -0.000000 
-0.064716 -0.000000 
-0.607736 0.000000 
-0.337999 -0.000000 
-0.245535 0.000000 
0.111977 0.000000 
-0.336220 0.000000 
0.274435 -0.000000 
-0.085451 0.000000 
-0.194716 0.000000 
0.589780 0.000000 
-0.362959 -0.000000 
-0.356929 0.000000 
-1.144732 0.000000 
-0.488219 0.000000 
-0.971432 0.000000 
0.219574 -0.000000 
0.950648 0.000000 
-1.162651 -0.000000 
0.253726 -0.000000 
-0.684836 0.000000 
0.202995 -0.000000 
-0.095257 0.000000 
-0.006615 -0.000000 
0.139692 -0.000000 
-0.222720 -0.000000 
0.148561 0.000000 
-0.484681 0.000000 
0.081083 0.000000 
-0.663440 -0.000000 
-0.500458 -0.000000 
0.099691 -0.000000 
0.055817 0.000000 
0.089045 -0.000000 
0.853527 -0.000000 
0.520241 0.000000 
0.107894 -0.000000 
0.269168 0.000000 
0.432360 0.000000 
0.651363 0.000000 
0.067722 0.000000 
0.247059 -0.000000 
-0.794440 0.000000 
-0.045668 0.000000 
0.227426 0.000000 
-0.111271 -0.000000 
-0.126139 0.000000 
-0.173824 -0.000000 
0.170481 0.000000 
-0.307098 0.000000 
0.249976 -0.000000 
0.802805 -0.000000 
0.440329 -0.000000 
-0.207501 0.000000 
-1.227299 0.000000 
-0.517789 -0.000000 
-0.178873 -0.000000 
0.252711 0.000000 
0.086383 0.000000 
0.289878 -0.000000 
-0.563516 0.000000 
0.729946 -0.000000 
0.777435 0.000000 
1.160937 0.000000 
0.058919 0.000000 
0.431608 0.000000 
-0.593866 -0.000000 
0.367238 0.000000 
0.148667 0.000000 
0.390215 0.000000 
-0.678303 0.000000 
0.462884 -0.000000 
-0.292720 0.000000 
-0.165064 -0.000000 
1.177610 0.000000 
0.974082 0.000000 
0.111142 0.000000 
-0.140407 0.000000 
0.269965 0.000000 
0.206618 0.000000 
-0.506849 0.000000 
0.388447 0.000000 
0.405506 0.000000 
0.314557 0.000000 
-0.799911 0.000000 
-0.037758 -0.000000 
0.170474 0.000000 
0.664991 -0.000000 
-0.817478 0.000000 
0.826590 0.000000 
-0.568219 0.000000 
-0.536234 0.000000 
0.283687 0.000000 
-0.099848 0.000000 
-0.798492 0.000000 
-0.123751 0.000000 
0.094523 0.000000 
0.705429 -0.000000 
-0.829296 -0.000000 
-0.600853 0.000000 
0.487996 0.000000 
-0.636784 0.000000 
0.383052 0.000000 
-0.352579 -0.000000 
-0.349785 0.000000 
0.202476 -0.000000 
-0.189486 0.000000 
-0.460442 0.000000 
-0.421360 0.000000 
0.704938 0.000000 
-0.301565 0.000000 
-0.644061 -0.000000 
0.417896 -0.000000 
1.202784 0.000000 
-0.529282 0.000000 
0.751730 0.000000 
-0.204418 0.000000 
-0.938347 0.000000 
-0.130159 0.000000 
0.499575 0.000000 
0.829347 0.000000 
0.222984 -0.000000 
-1.440007 0.000000 
-1.191572 -0.000000 
-0.435979 0.000000 
0.723002 0.000000 
-0.762461 0.000000 
-0.060372 -0.000000 
0.493390 -0.000000 
-0.207593 -0.000000 
0.222380 0.000000 
-0.460038 0.000000 
-0.717813 0.000000 
0.016109 0.000000 
0.315837 0.000000 
-0.554454 -0.000000 
-0.408345 0.000000 
-0.411942 -0.000000 
0.017383 -0.000000 
0.904276 0.000000 
0.394226 0.000000 
0.940053 0.000000 
0.119343 0.000000 
-0.535755 0.000000 
0.123129 -0.000000 
0.642806 0.000000 
-0.080323 0.000000 
1.044100 0.000000 
-0.609232 0.000000 
0.692534 -0.000000 
-0.075663 0.000000 
0.566031 0.000000 
0.292528 0.000000 
-0.233792 -0.000000 
-0.236279 -0.000000 
-0.545284 0.000000 
0.850176 -0.000000 
0.122371 0.000000 
-0.162977 0.000000 
0.166651 -0.000000 
0.713546 0.000000 
0.152929 0.000000 
0.363559 0.000000 
-0.119821 0.000000 
0.035156 0.000000 
0.833135 0.000000 
0.591558 0.000000 
0.024801 0.000000 
-0.594472 0.000000 
-0.011618 0.000000 
0.023419 0.000000 
0.738362 0.000000 
-0.423059 0.000000 
0.531409 -0.000000 
0.384653 0.000000 
0.176509 -0.000000 
-0.077673 -0.000000 
0.205063 0.000000 
0.177135 0.000000 
-0.379206 0.000000 
0.844550 -0.000000 
0.184363 0.000000 
-0.498282 0.000000 
0.885908 -0.000000 
-0.727923 -0.000000 
-0.404819 0.000000 
-0.162413 -0.000000 
0.237596 -0.000000 
0.165916 0.000000 
-1.062829 -0.000000 
-0.033584 0.000000 
-0.418663 0.000000 
-0.696076 0.000000 
-0.073871 -0.000000 
0.193764 0.000000 
0.182879 0.000000 
0.790417 0.000000 
0.176348 0.000000 
-0.681582 0.000000 
0.462577 0.000000 
-0.900310 0.000000 
-0.991642 0.000000 
-0.880644 0.000000 
0.849347 0.000000 
0.064249 0.000000 
0.473869 -0.000000 
0.874615 0.000000 
-0.588285 -0.000000 
0.568106 0.000000 
0.300556 0.000000 
0.046309 0.000000 
0.316293 0.000000 
-0.147170 0.000000 
0.060247 0.000000 
-0.131062 0.000000 
-0.923519 -0.000000 
0.038311 0.000000 
0.002047 0.000000 
0.444102 -0.000000 
0.645391 0.000000 
-0.145586 -0.000000 
0.494150 0.000000 
0.141543 0.000000 
-0.340891 -0.000000 
1.095738 0.000000 
0.786773 0.000000 
0.341539 0.000000 
-0.692138 0.000000 
0.517192 0.000000 
0.650104 0.000000 
0.280687 -0.000000 
-0.440499 0.000000 
-0.110724 0.000000 
0.573015 -0.000000 
-0.094853 0.000000 
-0.599747 0.000000 
-1.039782 0.000000 
-0.428255 -0.000000 
-0.182465 0.000000 
-0.416416 -0.000000 
-0.448424 -0.000000 
-0.231372 0.000000 
-0.211010 0.000000 
-0.531678 0.000000 
-0.117345 0.000000 
0.090202 0.000000 
-0.024438 -0.000000 
0.152334 -0.000000 
0.009909 0.000000 
0.630728 0.000000 
-1.214286 0.000000 
0.585272 0.000000 
0.171337 0.000000 
0.165189 0.000000 
-0.009283 0.000000 
0.083350 0.000000 
0.023022 -0.000000 
0.337638 0.000000 
0.081128 0.000000 
0.507761 -0.000000 
0.636440 0.000000 
0.330974 0.000000 
0.969587 -0.000000 
0.309784 -0.000000 
0.275710 -0.000000 
0.331391 0.000000 
0.415765 0.000000 
0.002348 0.000000 
0.407004 -0.000000 
0.165364 0.000000 
-0.034619 -0.000000 
0.211608 0.000000 
0.728227 0.000000 
-0.098035 0.000000 
0.027673 0.000000 
1.353286 0.000000 
0.158013 0.000000 
0.046471 0.000000 
0.264136 0.000000 
0.262355 0.000000 
0.337903 0.000000 
-0.203708 -0.000000 
0.443823 0.000000 
0.542766 -0.000000 
0.627106 -0.000000 
-0.509740 0.000000 
0.413521 -0.000000 
-0.225562 0.000000 
-0.430193 0.000000 
-0.755978 -0.000000 
-0.874314 -0.000000 
-0.507824 -0.000000 
0.555529 -0.000000 
0.404470 -0.000000 
-0.534785 0.000000 
0.369723 -0.000000 
-0.261448 0.000000 
-0.287653 0.000000 
1.068280 0.000000 
-0.333269 0.000000 
0.057606 0.000000 
0.368613 -0.000000 
-0.217296 -0.000000 
0.282619 0.000000 
-0.487773 -0.000000 
0.283437 -0.000000 
0.483029 -0.000000 
0.339595 0.000000 
-0.392483 0.000000 
0.093584 0.000000 
0.107696 0.000000 
0.040460 0.000000 
-0.120531 0.000000 
0.260396 -0.000000 
-0.427499 0.000000 
0.784429 -0.000000 
0.180893 0.000000 
-0.657336 0.000000 
-0.451815 -0.000000 
0.177659 -0.000000 
0.027508 0.000000 
1.033717 0.000000 
-0.303821 0.000000 
-0.290139 -0.000000 
-0.161885 0.000000 
-0.313978 0.000000 
0.296301 0.000000 
-0.175883 0.000000 
-0.514785 0.000000 
0.525999 0.000000 
-0.709013 0.000000 
-0.363056 0.000000 
-0.782033 -0.000000 
-0.419747 0.000000 
0.107463 0.000000 
-0.913840 0.000000 
0.667432 -0.000000 
0.267258 0.000000 
0.456412 -0.000000 
-0.933688 0.000000 
-0.143666 -0.000000 
0.405961 -0.000000 
0.476068 0.000000 
-0.515427 0.000000 
-0.479172 0.000000 
-0.158924 -0.000000 
-0.106064 0.000000 
0.068996 0.000000 
-1.653313 0.000000 
1.078098 0.000000 
0.616092 0.000000 
0.202178 0.000000 
0.001483 -0.000000 
0.093156 0.000000 
-0.225873 0.000000 
0.174160 -0.000000 
0.029857 -0.000000 
0.551971 0.000000 
-0.471122 0.000000 
1.437345 -0.000000 
0.163740 0.000000 
0.283361 -0.000000 
0.050296 -0.000000 
-0.230576 -0.000000 
0.380950 0.000000 
0.383505 0.000000 
0.010430 0.000000 
0.114127 0.000000 
-0.081485 -0.000000 
-0.060453 -0.000000 
-0.179275 -0.000000 
-0.471324 0.000000 
-0.786534 0.000000 
-0.090886 0.000000 
0.016293 0.000000 
0.600765 0.000000 
-0.692847 -0.000000 
-0.130114 0.000000 
-0.321522 0.000000 
0.765225 0.000000 
-0.245554 0.000000 
0.328000 -0.000000 
-0.945637 0.000000 
0.690271 0.000000 
0.380978 0.000000 
-0.208172 0.000000 
-0.459202 0.000000 
-0.116228 0.000000 
0.460976 0.000000 
0.605773 -0.000000 
0.916544 0.000000 
0.108048 0.000000 
-0.018112 0.000000 
0.419892 -0.000000 
0.221845 -0.000000 
0.421878 0.000000 
-0.475406 -0.000000 
0.088807 0.000000 
-0.026148 0.000000 
-0.073385 0.000000 
-0.623717 0.000000 
-0.163515 0.000000 
-0.845615 0.000000 
0.382075 0.000000 
0.496751 0.000000 
-0.536189 0.000000 
-0.862062 0.000000 
0.544581 0.000000 
0.448774 0.000000 
-0.049698 -0.000000 
0.490159 -0.000000 
-0.017199 0.000000 
0.282694 0.000000 
-0.207067 0.000000 
-0.616407 0.000000 
0.229648 0.000000 
0.294374 -0.000000 
0.868883 -0.000000 
1.180586 -0.000000 
0.975819 -0.000000 
0.072503 0.000000 
-0.631675 0.000000 
0.195669 0.000000 
0.813346 0.000000 
0.084784 -0.000000 
-1.027876 -0.000000 
-0.293555 0.000000 
-0.986713 -0.000000 
-0.004865 0.000000 
0.291003 -0.000000 
-0.068574 0.000000 
-1.258709 0.000000 
0.865272 -0.000000 
-0.031723 0.000000 
0.654329 0.000000 
-0.483483 0.000000 
0.137579 -0.000000 
0.379413 0.000000 
-1.111085 -0.000000 
0.594886 0.000000 
-0.664293 0.000000 
-0.331126 -0.000000 
-0.511818 0.000000 
0.141569 0.000000 
-0.467099 0.000000 
0.572540 0.000000 
-0.280849 -0.000000 
-0.419867 0.000000 
-1.039124 -0.000000 
0.430603 -0.000000 
0.001298 0.000000 
-0.390257 -0.000000 
-0.264763 -0.000000 
0.417892 -0.000000 
-0.225509 -0.000000 
0.177212 0.000000 
-0.316878 0.000000 
-0.691308 0.000000 
-0.942852 0.000000 
-1.015289 0.000000 
0.119418 0.000000 
-0.463521 0.000000 
-0.187549 -0.000000 
0.368766 -0.000000 
0.372436 0.000000 
0.467126 0.000000 
-0.598136 0.000000 
-0.795465 0.000000 
0.961053 0.000000 
0.380356 0.000000 
0.463375 -0.000000 
1.079657 0.000000 
-0.074089 0.000000 
0.033894 0.000000 
-0.181863 -0.000000 
-0.689504 0.000000 
1.547811 0.000000 
0.459299 -0.000000 
-0.951273 0.000000 
-0.144326 -0.000000 
0.658661 0.000000 
0.064090 0.000000 
0.337639 -0.000000 
-0.005474 -0.000000 
-0.379528 0.000000 
-1.066560 -0.000000 
0.820770 -0.000000 
0.836871 0.000000 
0.238074 -0.000000 
0.274272 0.000000 
0.592679 0.000000 
0.401227 -0.000000 
0.738631 0.000000 
0.614284 0.000000 
-0.159508 -0.000000 
-0.366977 0.000000 
0.177272 -0.000000 
0.108888 0.000000 
-0.148680 0.000000 
0.014246 0.000000 
-0.779899 0.000000 
-0.170213 -0.000000 
-0.150948 0.000000 
-0.773520 0.000000 
-0.057692 0.000000 
0.065387 0.000000 
0.018284 -0.000000 
0.324114 -0.000000 
-0.183180 -0.000000 
-0.229370 0.000000 
0.282543 -0.000000 
-0.154887 0.000000 
0.403841 0.000000 
0.076945 0.000000 
0.069300 0.000000 
0.318467 0.000000 
-0.067388 0.000000 
0.169560 0.000000 
-0.496383 0.000000 
-0.187494 0.000000 
-0.006435 -0.000000 
0.211558 0.000000 
0.674779 -0.000000 
0.105573 0.000000 
-0.218273 0.000000 
0.119335 0.000000 
-0.150478 0.000000 
0.113759 0.000000 
0.098184 0.000000 
1.019510 0.000000 
0.158737 -0.000000 
0.963464 0.000000 
0.694824 0.000000 
-0.100790 -0.000000 
0.113585 0.000000 
0.628506 0.000000 
-0.791894 0.000000 
-0.152724 0.000000 
0.385306 0.000000 
-0.401818 -0.000000 
0.547490 -0.000000 
-0.256298 0.000000 
0.385970 0.000000 
-0.189331 0.000000 
0.110171 0.000000 
-0.063670 0.000000 
0.535136 0.000000 
0.206066 0.000000 
0.543714 -0.000000 
0.286748 0.000000 
-0.515993 0.000000 
0.161635 -0.000000 
0.599470 0.000000 
0.107902 0.000000 
-0.727334 0.000000 
0.106980 0.000000 
-0.550409 0.000000 
-0.263481 0.000000 
0.515176 0.000000 
-0.613909 -0.000000 
-0.607803 -0.000000 
-0.139794 0.000000 
-0.761307 0.000000 
0.170843 -0.000000 
0.320407 0.000000 
0.450008 -0.000000 
-0.212780 -0.000000 
0.417740 -0.000000 
0.149703 0.000000 
0.049639 0.000000 
0.671148 0.000000 
0.491442 -0.000000 
0.266041 0.000000 
0.073028 -0.000000 
0.825376 -0.000000 
0.282596 -0.000000 
-0.535132 0.000000 
-0.654748 0.000000 
0.466203 0.000000 
-0.144305 -0.000000 
-0.436986 0.000000 
-0.770168 0.000000 
0.203644 -0.000000 
-0.834339 0.000000 
-0.007000 -0.000000 
-0.584723 0.000000 
-0.560459 0.000000 
0.040299 0.000000 
-0.049585 0.000000 
-1.069620 0.000000 
0.079233 -0.000000 
-0.169971 0.000000 
0.148262 0.000000 
-0.022792 -0.000000 
0.123686 0.000000 
-0.853510 0.000000 
0.500594 -0.000000 
0.132869 -0.000000 
-0.175977 0.000000 
-0.929102 0.000000 
0.212658 -0.000000 
-0.064032 0.000000 
-0.063635 0.000000 
0.181341 0.000000 
-0.026369 -0.000000 
0.816930 -0.000000 
0.818592 0.000000 
-0.127174 0.000000 
-0.600597 0.000000 
-0.001794 -0.000000 
0.552743 0.000000 
0.425814 0.000000 
-0.142437 0.000000 
0.584830 0.000000 
0.477441 0.000000 
-0.148071 0.000000 
-0.945259 0.000000 
0.405149 -0.000000 
-0.297999 -0.000000 
0.222278 -0.000000 
-0.115533 0.000000 
0.139828 -0.000000 
0.988545 -0.000000 
-0.080674 0.000000 
-0.101504 0.000000 
0.350652 -0.000000 
0.276778 0.000000 
-0.978771 0.000000 
-0.097284 0.000000 
-0.267299 0.000000 
-0.386620 0.000000 
0.207210 0.000000 
-0.119881 0.000000 
-0.520365 -0.000000 
0.154381 0.000000 
-0.363144 0.000000 
-0.291745 -0.000000 
-0.643118 0.000000 
-0.632938 0.000000 
-0.414092 0.000000 
-0.331327 0.000000 
0.469880 -0.000000 
0.486455 -0.000000 
-0.549751 0.000000 
-0.104977 0.000000 
0.809766 0.000000 
-0.612038 0.000000 
-0.462068 -0.000000 
1.089057 0.000000 
-0.203196 0.000000 
-0.360439 0.000000 
-0.345110 -0.000000 
0.282084 0.000000 
-0.761138 -0.000000 
0.550462 0.000000 
-0.342162 0.000000 
0.833129 0.000000 
-0.363753 -0.000000 
0.508135 0.000000 
-1.213700 0.000000 
-0.378123 0.000000 
-0.269188 -0.000000 
-0.486189 -0.000000 
0.010570 0.000000 
0.568974 -0.000000 
-0.106301 -0.000000 
-0.222951 0.000000 
1.184479 0.000000 
-0.890582 0.000000 
-0.005349 0.000000 
-0.602719 0.000000 
0.794443 0.000000 
0.341494 0.000000 
-0.243455 0.000000 
0.179889 0.000000 
0.040261 0.000000 
0.711683 0.000000 
0.246859 0.000000 
-0.000017 0.000000 
-0.223539 0.000000 
0.586778 -0.000000 
-0.029081 0.000000 
-0.115025 0.000000 
1.026061 0.000000 
0.348786 -0.000000 
0.122681 0.000000 
0.382327 0.000000 
-0.039540 0.000000 
0.874417 0.000000 
0.161608 0.000000 
0.005781 0.000000 
0.031898 0.000000 
0.140441 -0.000000 
-0.414828 0.000000 
-0.689055 0.000000 
0.696828 -0.000000 
-0.385067 0.000000 
0.033191 0.000000 
0.496984 0.000000 
-0.034058 -0.000000 
0.110395 -0.000000 
-0.232804 0.000000 
0.372783 0.000000 
-0.245518 -0.000000 
0.247849 0.000000 
0.530807 0.000000 
0.336442 0.000000 
-0.043145 -0.000000 
0.325694 0.000000 
-0.245606 0.000000 
0.010432 0.000000 
0.173675 -0.000000 
-0.433423 0.000000 
-0.074870 0.000000 
0.357203 -0.000000 
0.056145 0.000000 
-0.470407 -0.000000 
0.336567 0.000000 
0.838636 0.000000 
-0.462902 0.000000 
0.149924 0.000000 
0.047507 0.000000 
0.035247 0.000000 
-0.243526 0.000000 
-0.071050 -0.000000 
0.130272 -0.000000 
0.259312 0.000000 
1.550895 0.000000 
0.362832 0.000000 
0.446755 -0.000000 
-0.092704 0.000000 
0.003962 -0.000000 
0.388223 0.000000 
-0.640955 0.000000 
0.285230 -0.000000 
0.900229 0.000000 
-0.462162 0.000000 
0.173592 0.000000 
-0.668412 0.000000 
0.174090 -0.000000 
0.661716 -0.000000 
0.358171 0.000000 
-0.103167 0.000000 
0.319908 -0.000000 
0.563478 -0.000000 
-0.470237 -0.000000 
-0.153338 -0.000000 
0.612146 0.000000 
1.194739 -0.000000 
-0.143901 -0.000000 
0.566573 0.000000 
-0.165336 -0.000000 
0.248419 0.000000 
0.676636 0.000000 
-0.553939 -0.000000 
0.916569 0.000000 
0.360583 -0.000000 
-0.400122 0.000000 
0.266883 0.000000 
-0.915982 0.000000 
0.062959 0.000000 
-0.218727 0.000000 
0.545839 0.000000 
-0.170496 0.000000 
0.826341 0.000000 
0.107313 0.000000 
-0.542727 0.000000 
-0.080200 -0.000000 
0.615902 0.000000 
-1.929017 0.000000 
-0.600977 0.000000 
0.261950 0.000000 
-0.601700 -0.000000 
0.289973 0.000000 
-0.014225 0.000000 
0.260473 0.000000 
1.339309 0.000000 
-1.152679 0.000000 
-0.753117 0.000000 
-0.294949 0.000000 
-0.680603 0.000000 
-0.714120 0.000000 
-0.274647 0.000000 
-1.167568 0.000000 
-0.181750 0.000000 
-0.366041 0.000000 
-0.565833 0.000000 
0.179814 0.000000 
0.209433 0.000000 
-0.999823 0.000000 
-0.085580 0.000000 
-0.331159 0.000000 
0.148712 -0.000000 
0.191770 -0.000000 
-0.823302 0.000000 
0.847940 0.000000 
-0.375474 0.000000 
0.680034 -0.000000 
0.815770 -0.000000 
-0.676055 0.000000 
0.092445 0.000000 
0.548768 0.000000 
0.372861 0.000000 
-0.044695 0.000000 
0.533017 -0.000000 
0.448177 0.000000 
-0.141182 -0.000000 
0.221561 0.000000 
-0.100292 0.000000 
-0.437477 -0.000000 
-0.019062 0.000000 
0.087156 -0.000000 
0.053464 -0.000000 
0.497878 0.000000 
-0.660190 0.000000 
0.357581 0.000000 
0.659608 -0.000000 
-0.937099 -0.000000 
0.242612 -0.000000 
0.060321 -0.000000 
-0.366999 0.000000 
0.436020 -0.000000 
0.327873 0.000000 
-0.090379 0.000000 
-0.113387 -0.000000 
-0.056844 0.000000 
0.005574 0.000000 
0.033029 -0.000000 
0.850197 0.000000 
0.983034 0.000000 
-0.361657 0.000000 
-0.329425 0.000000 
-0.818036 0.000000 
-0.068495 -0.000000 
0.585291 0.000000 
-1.233415 0.000000 
-0.468582 0.000000 
-0.489382 -0.000000 
1.739398 -0.000000 
-0.062244 0.000000 
-0.474067 0.000000 
-0.325499 0.000000 
-0.028196 0.000000 
0.387095 0.000000 
-0.447229 0.000000 
-0.122149 0.000000 
-0.146886 0.000000 
0.023685 0.000000 
0.219733 0.000000 
0.151694 0.000000 
-0.001532 0.000000 
-0.021824 0.000000 
-0.361388 0.000000 
-0.467141 -0.000000 
-0.412518 0.000000 
-0.094493 0.000000 
0.358593 0.000000 
0.349360 0.000000 
-0.012640 0.000000 
0.884948 0.000000 
0.071016 0.000000 
0.616842 0.000000 
1.084830 0.000000 
0.107379 -0.000000 
-0.925754 0.000000 
-0.226927 0.000000 
-0.301688 -0.000000 
0.666290 0.000000 
-0.067883 -0.000000 
-1.044119 0.000000 
-0.277632 -0.000000 
0.149326 0.000000 
0.077139 0.000000 
0.188134 -0.000000 
-0.386935 0.000000 
0.360296 0.000000 
0.332428 0.000000 
-0.985642 -0.000000 
-0.506284 0.000000 
0.324474 0.000000 
0.232362 0.000000 
-0.089705 0.000000 
-0.964674 -0.000000 
0.487689 -0.000000 
-0.853394 0.000000 
-0.311487 0.000000 
-0.544883 -0.000000 
0.055544 0.000000 
-0.357256 -0.000000 
-0.979191 0.000000 
0.079357 -0.000000 
0.729362 0.000000 
0.424385 0.000000 
-0.199414 -0.000000 
-0.351169 0.000000 
-0.124856 0.000000 
1.120180 0.000000 
0.108845 0.000000 
0.826107 0.000000 
-0.514756 -0.000000 
-0.033560 -0.000000 
0.352972 0.000000 
-0.590565 -0.000000 
0.577142 0.000000 
1.056288 0.000000 
0.090212 0.000000 
-0.835950 0.000000 
0.538549 -0.000000 
0.511654 0.000000 
0.775281 0.000000 
-1.244846 -0.000000 
-0.159336 0.000000 
-0.366660 0.000000 
0.080329 0.000000 
-0.080674 -0.000000 
0.039772 -0.000000 
-0.244789 0.000000 
0.233348 -0.000000 
-0.309384 -0.000000 
-1.624313 0.000000 
0.414699 -0.000000 
-1.055062 0.000000 
-0.749429 0.000000 
-0.092564 0.000000 
0.093313 -0.000000 
-0.201068 -0.000000 
0.238622 0.000000 
-0.323992 0.000000 
-0.159178 0.000000 
0.392853 -0.000000 
0.016124 0.000000 
-0.480597 0.000000 
-0.110746 0.000000 
0.356739 -0.000000 
-0.727483 0.000000 
-0.090164 0.000000 
-0.827408 0.000000 
0.431561 0.000000 
0.199391 -0.000000 
0.441999 0.000000 
0.504654 0.000000 
-0.811191 -0.000000 
0.281056 0.000000 
0.451992 0.000000 
0.077683 0.000000 
0.486901 -0.000000 
-0.466644 -0.000000 
-0.133356 -0.000000 
-0.847286 0.000000 
0.515199 0.000000 
0.040492 0.000000 
-0.557084 0.000000 
-0.779045 0.000000 
-1.342998 0.000000 
0.060842 0.000000 
0.134627 -0.000000 
-0.310708 -0.000000 
0.110086 0.000000 
-0.299983 0.000000 
-0.318751 -0.000000 
-0.027349 0.000000 
-0.221788 0.000000 
-0.292273 0.000000 
0.323095 0.000000 
0.946898 -0.000000 
0.152443 0.000000 
0.219898 0.000000 
0.053828 -0.000000 
-0.762921 -0.000000 
0.158123 0.000000 
-0.008118 -0.000000 
-0.530424 0.000000 
-0.222953 0.000000 
0.397298 0.000000 
0.191401 -0.000000 
0.056600 0.000000 
0.661337 0.000000 
-0.427207 0.000000 
0.008165 0.000000 
-0.722535 0.000000 
-0.678836 -0.000000 
-0.293917 -0.000000 
0.302004 0.000000 
-0.285995 0.000000 
-0.147107 0.000000 
-0.141304 0.000000 
0.395322 0.000000 
-0.398561 0.000000 
0.237544 0.000000 
-0.649606 -0.000000 
0.004799 0.000000 
-0.114257 0.000000 
-0.761589 -0.000000 
0.184792 0.000000 
0.470724 0.000000 
0.323929 0.000000 
0.408034 0.000000 
-0.413195 -0.000000 
0.091748 0.000000 
0.032396 -0.000000 
0.668813 0.000000 
-0.197903 0.000000 
0.564723 0.000000 
-0.155618 -0.000000 
0.354393 -0.000000 
-0.333286 -0.000000 
0.474904 0.000000 
-0.707589 -0.000000 
0.033375 0.000000 
0.969078 0.000000 
0.206966 -0.000000 
0.435487 0.000000 
0.003937 0.000000 
0.902806 0.000000 
-0.196410 0.000000 
0.012782 0.000000 
-0.287514 -0.000000 
0.787591 0.000000 
-0.779112 0.000000 
-0.637863 -0.000000 
-0.155376 0.000000 
-1.064987 -0.000000 
-0.248116 0.000000 
0.028091 0.000000 
0.666844 0.000000 
0.580592 0.000000 
-0.279489 0.000000 
-0.476297 -0.000000 
0.553761 0.000000 
0.536192 0.000000 
0.795631 -0.000000 
-0.661436 0.000000 
0.687155 0.000000 
-0.733060 0.000000 
-0.376347 0.000000 
-0.175744 0.000000 
0.710945 0.000000 
-0.736156 -0.000000 
0.182733 0.000000 
-1.079603 0.000000 
0.277354 -0.000000 
0.350804 0.000000 
-0.339355 0.000000 
-0.136170 0.000000 
-0.648349 0.000000 
-0.617570 0.000000 
0.106822 0.000000 
0.028781 -0.000000 
-0.243952 0.000000 
0.056663 0.000000 
-0.676445 0.000000 
-0.022760 -0.000000 
-0.336424 -0.000000 
0.023218 0.000000 
0.067080 0.000000 
-0.687896 0.000000 
-0.493571 0.000000 
-0.929018 0.000000 
-0.168310 0.000000 
0.071070 0.000000 
-0.264867 0.000000 
1.808871 0.000000 
0.199604 0.000000 
0.013901 0.000000 
0.467610 0.000000 
0.574040 0.000000 
-0.249334 0.000000 
0.327400 0.000000 
0.074462 -0.000000 
-0.146482 0.000000 
-0.136353 -0.000000 
-0.621017 0.000000 
-0.706334 0.000000 
0.926447 0.000000 
0.617703 0.000000 
-0.694023 -0.000000 
0.091695 0.000000 
0.811522 0.000000 
0.902658 -0.000000 
0.561881 0.000000 
-0.126649 0.000000 
-0.330528 0.000000 
-0.600793 0.000000 
0.725155 0.000000 
-1.466404 0.000000 
0.584268 0.000000 
0.304081 0.000000 
-0.458778 -0.000000 
0.036660 0.000000 
-1.057428 0.000000 
0.015542 -0.000000 
0.674806 0.000000 
-0.068167 0.000000 
-1.099396 -0.000000 
0.622747 0.000000 
-0.602760 0.000000 
-0.241767 -0.000000 
-0.498740 0.000000 
-0.271228 -0.000000 
-0.535434 0.000000 
0.027241 -0.000000 
0.300263 -0.000000 
0.560834 0.000000 
-0.200417 0.000000 
0.162845 0.000000 
-0.438618 0.000000 
1.003107 -0.000000 
-0.019633 0.000000 
0.244807 -0.000000 
-0.955158 0.000000 
-0.562454 0.000000 
-0.831992 0.000000 
0.857176 0.000000 
-1.218245 0.000000 
-0.152508 -0.000000 
-0.881066 -0.000000 
-0.549102 0.000000 
-0.466164 0.000000 
0.821023 0.000000 
-0.193778 -0.000000 
0.233655 -0.000000 
-0.970728 -0.000000 
-0.012885 -0.000000 
-0.307993 0.000000 
0.263086 -0.000000 
-0.917444 0.000000 
0.206732 -0.000000 
0.476869 0.000000 
-0.461070 -0.000000 
0.366299 0.000000 
-0.117527 0.000000 
-0.896132 0.000000 
0.182549 0.000000 
-0.320667 0.000000 
0.242546 0.000000 
0.170951 0.000000 
-0.873225 -0.000000 
0.479023 0.000000 
-0.540143 -0.000000 
-0.393879 -0.000000 
1.020762 0.000000 
-0.983326 0.000000 
0.031088 0.000000 
0.087581 -0.000000 
-0.076203 0.000000 
0.013284 -0.000000 
0.245352 0.000000 
-0.101671 -0.000000 
-0.550326 0.000000 
-0.489015 -0.000000 
-0.474804 0.000000 
-0.094770 -0.000000 
-0.457018 -0.000000 
-0.245293 -0.000000 
0.060587 -0.000000 
-0.389650 0.000000 
0.841952 0.000000 
0.571734 -0.000000 
0.138883 0.000000 
-0.715680 0.000000 
0.757254 0.000000 
0.484163 0.000000 
-0.302628 0.000000 
0.270692 0.000000 
-0.698763 0.000000 
0.086813 -0.000000 
-0.135699 0.000000 
-0.426734 0.000000 
-0.265419 0.000000 
-1.028186 0.000000 
0.342557 0.000000 
-0.657361 0.000000 
0.729044 -0.000000 
0.609981 0.000000 
0.205707 -0.000000 
-0.257538 0.000000 
0.820757 0.000000 
-0.871719 -0.000000 
0.343699 -0.000000 
-0.739006 0.000000 
-0.456487 0.000000 
0.701505 0.000000 
-0.292665 0.000000 
-1.086066 0.000000 
-0.025590 0.000000 
-0.070263 0.000000 
-0.236774 0.000000 
-0.656512 0.000000 
-0.015903 0.000000 
-0.041401 0.000000 
-0.209177 0.000000 
0.342323 0.000000 
-0.823854 0.000000 
0.592452 0.000000 
0.103029 -0.000000 
0.331427 0.000000 
-1.066114 0.000000 
0.104649 0.000000 
0.438574 -0.000000 
1.219092 0.000000 
-0.414048 0.000000 
0.521991 -0.000000 
0.281670 0.000000 
-0.061161 0.000000 
-1.243104 0.000000 
0.152735 -0.000000 
-0.304443 -0.000000 
0.316757 0.000000 
0.048042 0.000000 
0.122520 0.000000 
-0.129037 0.000000 
-0.760404 0.000000 
0.471643 0.000000 
0.293405 0.000000 
0.382795 0.000000 
0.847680 0.000000 
-0.570978 0.000000 
1.060847 -0.000000 
-0.748326 0.000000 
0.101562 0.000000 
0.862771 0.000000 
0.971845 0.000000 
-0.470484 0.000000 
0.578262 0.000000 
-0.104080 0.000000 
-0.613401 0.000000 
-0.108944 0.000000 
0.348604 0.000000 
0.165030 -0.000000 
-0.502792 0.000000 
0.517443 0.000000 
-0.265154 0.000000 
-0.855000 -0.000000 
0.102958 0.000000 
-0.883966 -0.000000 
-0.601428 0.000000 
0.017311 -0.000000 
0.434728 0.000000 
0.627201 0.000000 
-0.353499 0.000000 
0.169941 -0.000000 
-0.416525 -0.000000 
0.219454 0.000000 
-0.451262 -0.000000 
0.170301 0.000000 
0.060354 0.000000 
-0.506703 0.000000 
0.498329 -0.000000 
-0.664569 0.000000 
0.013318 0.000000 
-0.671878 0.000000 
-0.240153 -0.000000 
0.883606 0.000000 
0.235880 0.000000 
0.197444 0.000000 
-1.011548 0.000000 
0.151433 0.000000 
-0.387962 0.000000 
-0.178623 0.000000 
-0.421364 0.000000 
0.405008 0.000000 
-0.063075 0.000000 
-0.138945 -0.000000 
-0.070281 0.000000 
0.393021 0.000000 
-0.050563 0.000000 
-0.793831 0.000000 
0.602339 0.000000 
-0.094010 0.000000 
-0.097624 0.000000 
-0.915757 0.000000 
-0.531370 0.000000 
-0.303887 0.000000 
-0.298828 0.000000 
-0.891866 0.000000 
-0.629297 0.000000 
-0.413122 0.000000 
-0.177699 0.000000 
0.534191 0.000000 
0.222019 0.000000 
-0.878472 -0.000000 
-0.121032 0.000000 
-0.032539 0.000000 
0.041269 -0.000000 
-0.390085 0.000000 
-0.718090 -0.000000 
0.271049 0.000000 
0.161793 0.000000 
0.420256 0.000000 
-0.031469 0.000000 
0.601934 0.000000 
-0.795915 0.000000 
0.022005 0.000000 
-0.013072 -0.000000 
-0.345317 0.000000 
0.529277 -0.000000 
-0.355791 0.000000 
-0.121074 0.000000 
0.030290 0.000000 
0.893474 0.000000 
-0.269564 0.000000 
-0.459408 -0.000000 
-0.011142 0.000000 
-0.447613 -0.000000 
0.311016 -0.000000 
0.495906 0.000000 
0.425032 0.000000 
-0.173124 0.000000 
0.368256 -0.000000 
-0.296734 0.000000 
-0.555133 -0.000000 
-0.300313 0.000000 
0.266605 0.000000 
0.686761 0.000000 
1.074678 0.000000 
-0.363987 -0.000000 
-0.530506 0.000000 
-0.214626 -0.000000 
0.804997 0.000000 
0.667920 -0.000000 
-0.026260 -0.000000 
0.244362 0.000000 
-0.574997 -0.000000 
1.029740 0.000000 
-0.598979 0.000000 
0.046490 0.000000 
0.185154 0.000000 
-0.262238 -0.000000 
-0.246476 0.000000 
-0.604288 0.000000 
-0.224749 0.000000 
0.435441 -0.000000 
-0.531760 0.000000 
-0.019954 0.000000 
1.178492 0.000000 
0.729758 -0.000000 
-0.032071 0.000000 
-0.542194 0.000000 
0.366170 0.000000 
-0.695463 0.000000 
-0.242354 0.000000 
-0.515548 0.000000 
-0.626084 0.000000 
-0.113630 0.000000 
-0.209532 0.000000 
0.630766 -0.000000 
-0.154596 0.000000 
0.337016 0.000000 
0.103287 0.000000 
-0.119150 -0.000000 
0.499887 -0.000000 
0.263505 -0.000000 
-0.396875 0.000000 
-0.005007 0.000000 
0.151850 0.000000 
-0.203980 -0.000000 
-0.287352 -0.000000 
-0.503578 0.000000 
0.134917 0.000000 
0.517236 -0.000000 
-0.518497 0.000000 
-0.652897 0.000000 
-0.227530 -0.000000 
0.043350 0.000000 
0.329781 -0.000000 
0.483310 0.000000 
-0.108821 -0.000000 
0.129282 -0.000000 
-0.102270 0.000000 
0.629555 0.000000 
0.128019 -0.000000 
0.170128 0.000000 
0.052941 -0.000000 
0.385238 0.000000 
0.472993 0.000000 
0.451004 0.000000 
0.134014 -0.000000 
-0.256322 0.000000 
-0.199094 0.000000 
0.031860 -0.000000 
-0.468642 0.000000 
0.206197 0.000000 
0.567811 0.000000 
1.165289 0.000000 
0.288891 -0.000000 
0.195610 0.000000 
-0.321449 -0.000000 
-0.287155 0.000000 
0.255916 0.000000 
-0.470184 0.000000 
0.242600 -0.000000 
-0.140989 -0.000000 
-0.082844 0.000000 
-0.213645 0.000000 
0.609465 0.000000 
0.260916 -0.000000 
0.106257 0.000000 
0.310092 -0.000000 
-0.221111 0.000000 
-0.112553 0.000000 
-0.427397 0.000000 
-1.004371 0.000000 
-0.227815 -0.000000 
0.186773 0.000000 
0.616843 -0.000000 
-0.366828 0.000000 
-0.963349 -0.000000 
0.057449 0.000000 
0.131019 -0.000000 
-0.916481 -0.000000 
-0.375421 -0.000000 
-0.633586 0.000000 
0.548207 -0.000000 
0.195880 0.000000 
0.287753 0.000000 
0.060206 0.000000 
-0.243249 0.000000 
-0.275514 0.000000 
-0.153933 0.000000 
-0.223527 0.000000 
0.159788 0.000000 
0.494528 -0.000000 
0.346157 0.000000 
-0.132179 -0.000000 
0.599824 0.000000 
-0.200424 -0.000000 
0.516421 0.000000 
0.169566 -0.000000 
0.000069 -0.000000 
0.005930 0.000000 
0.777357 0.000000 
0.226598 0.000000 
0.019373 0.000000 
-0.257123 -0.000000 
0.576528 0.000000 
-0.280124 -0.000000 
0.183490 0.000000 
0.589219 0.000000 
-0.494624 0.000000 
-0.333350 -0.000000 
0.051781 0.000000 
-0.469392 -0.000000 
-0.209066 0.000000 
-0.436581 0.000000 
-0.377940 -0.000000 
-0.579358 0.000000 
-0.659892 0.000000 
0.228008 -0.000000 
0.135720 -0.000000 
-0.810990 0.000000 
-0.637234 0.000000 
0.050113 -0.000000 
-0.107042 -0.000000 
0.705342 0.000000 
0.173673 0.000000 
0.023994 0.000000 
-0.039508 0.000000 
0.542423 0.000000 
-0.263747 0.000000 
-0.739460 -0.000000 
-0.297376 0.000000 
0.419693 0.000000 
-0.264333 0.000000 
-0.090223 0.000000 
0.045036 0.000000 
0.166429 -0.000000 
0.098316 0.000000 
-0.384818 0.000000 
-0.207660 0.000000 
-0.055909 -0.000000 
-0.606788 0.000000 
-0.784557 0.000000 
-0.020759 -0.000000 
-0.632863 0.000000 
-0.146253 0.000000 
-0.021454 -0.000000 
-0.724580 0.000000 
-0.617280 0.000000 
0.278518 -0.000000 
-1.375417 0.000000 
-0.492022 0.000000 
0.078622 -0.000000 
0.319575 0.000000 
-0.833315 0.000000 
-0.380482 0.000000 
0.011676 0.000000 
-0.912179 0.000000 
-0.614482 -0.000000 
0.370438 0.000000 
0.154684 -0.000000 
0.196995 -0.000000 
0.259275 -0.000000 
0.167739 -0.000000 
0.312177 0.000000 
1.082428 -0.000000 
-0.047247 0.000000 
-0.160523 -0.000000 
-0.023391 -0.000000 
-0.511486 0.000000 
-0.290664 0.000000 
-0.541760 0.000000 
0.091920 0.000000 
-0.119828 -0.000000 
0.341827 0.000000 
-0.759519 -0.000000 
0.035692 0.000000 
-0.801983 -0.000000 
-1.235989 0.000000 
0.017583 0.000000 
-0.626809 0.000000 
-0.467395 0.000000 
0.674932 0.000000 
0.413952 0.000000 
0.055275 0.000000 
0.306843 -0.000000 
0.406075 -0.000000 
-0.217444 -0.000000 
0.696147 0.000000 
0.135599 0.000000 
-0.387754 0.000000 
-0.052722 0.000000 
-0.605984 -0.000000 
-0.355322 -0.000000 
0.733781 -0.000000 
0.910059 0.000000 
0.322515 0.000000 
-0.030727 0.000000 
0.536651 -0.000000 
0.065396 -0.000000 
0.344433 -0.000000 
0.342651 0.000000 
-0.324094 -0.000000 
0.192501 0.000000 
1.031969 -0.000000 
-0.386340 -0.000000 
-0.331786 -0.000000 
0.820991 0.000000 
-1.540038 -0.000000 
-0.872764 0.000000 
0.282117 0.000000 
0.472216 0.000000 
0.189161 0.000000 
0.192755 0.000000 
-0.208950 0.000000 
0.145731 0.000000 
0.005277 0.000000 
0.954297 0.000000 
-0.427394 0.000000 
-0.017745 -0.000000 
-0.590893 0.000000 
-1.174319 0.000000 
0.036308 0.000000 
0.894868 -0.000000 
0.370863 -0.000000 
-0.230330 0.000000 
0.101333 0.000000 
-0.259318 0.000000 
0.227983 0.000000 
-0.131136 0.000000 
-0.345179 0.000000 
-0.175304 -0.000000 
-0.556841 0.000000 
0.534511 -0.000000 
-0.777797 0.000000 
0.650207 -0.000000 
-0.031359 0.000000 
-0.070069 -0.000000 
-0.812868 0.000000 
0.096375 -0.000000 
0.372681 0.000000 
-0.205695 -0.000000 
0.438681 0.000000 
-0.142781 -0.000000 
-0.075194 0.000000 
0.030586 -0.000000 
-0.560637 -0.000000 
0.930402 0.000000 
0.003686 0.000000 
0.235836 0.000000 
-0.188183 0.000000 
0.465078 0.000000 
0.558610 0.000000 
-0.350981 0.000000 
0.377840 0.000000 
0.644577 0.000000 
0.500364 0.000000 
0.249084 0.000000 
0.584579 -0.000000 
0.006571 0.000000 
0.335657 -0.000000 
-0.780444 -0.000000 
-0.339859 0.000000 
-0.282861 -0.000000 
0.319216 0.000000 
-0.188253 0.000000 
-0.106705 0.000000 
0.307983 0.000000 
0.108922 0.000000 
0.359267 0.000000 
-0.853366 -0.000000 
0.023305 0.000000 
0.727486 0.000000 
0.596035 0.000000 
-0.850748 0.000000 
-0.044440 -0.000000 
-0.053406 0.000000 
-0.143030 0.000000 
-0.652704 0.000000 
-0.709975 0.000000 
-0.274504 0.000000 
0.159775 0.000000 
-0.061052 -0.000000 
0.085786 0.000000 
0.344631 0.000000 
0.205235 0.000000 
-0.158928 0.000000 
0.849210 -0.000000 
0.754124 0.000000 
0.332850 -0.000000 
-0.770634 0.000000 
0.568291 0.000000 
0.516973 0.000000 
0.238963 0.000000 
-0.781273 0.000000 
-0.837086 0.000000 
0.112757 0.000000 
-0.298997 0.000000 
-0.979848 0.000000 
0.379392 0.000000 
-0.182425 0.000000 
-0.400833 0.000000 
-0.559442 0.000000 
-0.187256 0.000000 
-0.020697 0.000000 
0.242061 -0.000000 
0.324361 0.000000 
0.875983 0.000000 
0.185678 0.000000 
0.816030 0.000000 
-0.177774 0.000000 
-0.314103 -0.000000 
0.400016 0.000000 
-0.353467 0.000000 
0.739878 -0.000000 
-0.374261 0.000000 
-0.140531 0.000000 
-0.108826 0.000000 
0.335686 0.000000 
-0.135200 -0.000000 
-0.217453 0.000000 
0.127665 0.000000 
1.423753 0.000000 
0.105705 0.000000 
-0.093045 0.000000 
0.446276 0.000000 
0.051083 -0.000000 
0.561637 0.000000 
-0.602509 -0.000000 
0.579301 -0.000000 
-0.072655 -0.000000 
0.746278 0.000000 
0.523369 0.000000 
-0.391818 0.000000 
0.066144 0.000000 
1.411211 -0.000000 
0.245436 0.000000 
-0.553770 -0.000000 
-1.109245 0.000000 
-0.053008 0.000000 
0.428355 0.000000 
-0.867681 0.000000 
0.372057 -0.000000 
-1.080051 0.000000 
-0.145832 0.000000 
-1.111450 -0.000000 
0.512653 0.000000 
1.284051 0.000000 
-0.240543 -0.000000 
0.345394 -0.000000 
-0.027611 0.000000 
0.077389 -0.000000 
0.312572 -0.000000 
-0.744407 0.000000 
-0.391799 0.000000 
0.170387 0.000000 
0.369755 0.000000 
-0.058162 0.000000 
0.302353 0.000000 
0.892986 0.000000 
-0.277015 -0.000000 
0.456582 0.000000 
0.281798 -0.000000 
-0.474629 0.000000 
-0.158385 0.000000 
-0.271945 -0.000000 
0.891608 0.000000 
-0.978374 0.000000 
0.321708 0.000000 
0.737871 0.000000 
0.386053 0.000000 
0.026016 0.000000 
-0.051786 0.000000 
0.427331 0.000000 
0.164621 0.000000 
-0.296260 -0.000000 
0.445876 0.000000 
0.158683 0.000000 
0.454566 0.000000 
-0.208088 -0.000000 
0.231510 -0.000000 
0.228909 0.000000 
0.064793 0.000000 
-0.037236 0.000000 
1.333697 -0.000000 
-0.609214 0.000000 
-0.685433 0.000000 
0.253509 -0.000000 
0.568568 0.000000 
0.731655 0.000000 
-0.027981 0.000000 
-0.125312 0.000000 
0.346957 -0.000000 
-0.163388 0.000000 
0.228875 0.000000 
0.023762 0.000000 
-0.787320 -0.000000 
-0.553102 0.000000 
0.465698 0.000000 
-0.345476 -0.000000 
-1.054526 0.000000 
0.454410 0.000000 
-0.288530 -0.000000 
-0.495465 0.000000 
-0.626048 0.000000 
0.219534 -0.000000 
-0.029584 0.000000 
-0.918063 -0.000000 
-0.701091 0.000000 
0.190941 0.000000 
-0.185952 -0.000000 
0.390526 0.000000 
-0.304641 -0.000000 
0.459006 -0.000000 
1.195511 -0.000000 
0.363095 -0.000000 
0.287286 -0.000000 
-0.307835 0.000000 
-1.386231 -0.000000 
0.638522 0.000000 
-1.385008 0.000000 
0.378467 0.000000 
-0.438598 -0.000000 
0.282559 0.000000 
0.452575 0.000000 
0.603851 0.000000 
-0.884720 -0.000000 
1.226118 0.000000 
0.226923 0.000000 
-0.263597 -0.000000 
0.870121 0.000000 
0.070986 0.000000 
0.600794 0.000000 
-0.004328 -0.000000 
-0.355842 -0.000000 
0.526323 -0.000000 
0.488935 0.000000 
-0.518104 0.000000 
-0.104139 0.000000 
0.569243 0.000000 
-0.471593 -0.000000 
0.642816 0.000000 
-0.328766 0.000000 
-0.081557 -0.000000 
-0.307304 0.000000 
-0.059442 -0.000000 
-0.539992 -0.000000 
0.039829 0.000000 
0.701985 0.000000 
1.211568 -0.000000 
-0.972667 -0.000000 
0.444575 0.000000 
-0.002337 0.000000 
0.411001 0.000000 
-0.198977 -0.000000 
0.540594 0.000000 
1.022449 0.000000 
-0.138903 0.000000 
-0.634696 0.000000 
0.392130 0.000000 
0.582411 0.000000 
-0.368595 0.000000 
0.770428 0.000000 
-0.287318 0.000000 
-0.303049 0.000000 
-0.046918 -0.000000 
0.977418 0.000000 
-0.811192 -0.000000 
-0.367597 0.000000 
-0.818576 0.000000 
-0.470399 0.000000 
0.312526 -0.000000 
0.567851 -0.000000 
0.180956 0.000000 
-0.499092 -0.000000 
-0.629391 0.000000 
0.253255 0.000000 
-0.404664 0.000000 
-0.066517 0.000000 
-0.294299 -0.000000 
0.546883 0.000000 
0.086658 0.000000 
0.041419 -0.000000 
-0.376513 -0.000000 
-1.089578 0.000000 
0.074081 0.000000 
-0.049232 0.000000 
0.238050 0.000000 
-0.198538 -0.000000 
-0.840590 -0.000000 
-1.187693 0.000000 
0.218817 0.000000 
0.144001 0.000000 
0.686488 0.000000 
0.120430 -0.000000 
0.022350 0.000000 
-0.296514 0.000000 
-0.355081 0.000000 
-0.083267 0.000000 
-0.506218 0.000000 
0.065733 0.000000 
0.420960 0.000000 
-0.251496 -0.000000 
0.134020 0.000000 
0.334330 0.000000 
-0.736888 -0.000000 
0.511470 0.000000 
-0.777310 0.000000 
-0.896628 0.000000 
0.778922 -0.000000 
-0.105632 0.000000 
-0.405539 -0.000000 
0.289644 -0.000000 
0.440274 0.000000 
0.229795 0.000000 
0.095035 0.000000 
0.666103 -0.000000 
0.066797 -0.000000 
-1.182551 0.000000 
0.550272 0.000000 
0.075524 0.000000 
0.428766 0.000000 
-0.534659 -0.000000 
-0.039428 0.000000 
-0.314527 0.000000 
0.482215 -0.000000 
-0.661317 -0.000000 
0.960924 0.000000 
-0.681014 0.000000 
0.196471 -0.000000 
0.741867 0.000000 
0.445577 0.000000 
0.758662 -0.000000 
0.226295 -0.000000 
-0.538026 0.000000 
-0.104671 -0.000000 
1.011057 -0.000000 
0.723287 0.000000 
0.068672 -0.000000 
0.172796 0.000000 
-0.340121 -0.000000 
0.766627 0.000000 
0.628144 0.000000 
-0.233485 -0.000000 
0.237040 0.000000 
0.239299 0.000000 
0.689007 -0.000000 
0.377238 0.000000 
1.165518 -0.000000 
0.913261 -0.000000 
-0.071271 0.000000 
-0.643039 0.000000 
0.045409 0.000000 
-0.442072 0.000000 
-0.946383 0.000000 
0.924488 0.000000 
0.707669 0.000000 
0.066082 0.000000 
-0.898093 0.000000 
0.807685 -0.000000 
-0.361560 -0.000000 
0.188037 0.000000 
0.174233 -0.000000 
0.194739 -0.000000 
-0.527789 0.000000 
0.487902 0.000000 
0.357899 0.000000 
-0.704037 0.000000 
0.352448 -0.000000 
-0.205196 0.000000 
0.529466 0.000000 
-0.537617 0.000000 
0.379233 0.000000 
0.282100 0.000000 
0.226628 0.000000 
1.107349 0.000000 
-0.013554 0.000000 
-0.092684 0.000000 
0.572312 -0.000000 
-0.524211 0.000000 
1.162345 0.000000 
-0.127860 -0.000000 
-0.262150 0.000000 
0.050887 0.000000 
-0.244647 0.000000 
0.209548 0.000000 
-0.388123 0.000000 
0.347842 -0.000000 
0.518355 0.000000 
-0.345760 0.000000 
-0.252430 -0.000000 
0.110232 0.000000 
0.144963 -0.000000 
0.271071 0.000000 
0.092597 0.000000 
0.393194 0.000000 
0.277399 -0.000000 
-0.004303 0.000000 
-0.181072 0.000000 
-0.922791 0.000000 
-0.089781 0.000000 
0.326576 -0.000000 
0.188246 -0.000000 
-0.085720 0.000000 
-0.235104 -0.000000 
-0.594781 0.000000 
-0.236973 0.000000 
0.148414 0.000000 
0.276674 0.000000 
-0.187559 0.000000 
-0.044234 0.000000 
0.094824 0.000000 
-0.539062 0.000000 
-0.054763 -0.000000 
0.597136 0.000000 
-0.291659 0.000000 
0.451269 0.000000 
0.109878 0.000000 
-0.156536 -0.000000 
1.166026 0.000000 
0.169719 0.000000 
0.457325 0.000000 
-0.367372 -0.000000 
-0.483083 0.000000 
-0.176859 0.000000 
0.034245 0.000000 
0.195583 0.000000 
0.256064 0.000000 
0.368106 0.000000 
-0.536560 0.000000 
-0.451662 -0.000000 
-0.905240 0.000000 
-0.083839 0.000000 
0.236292 0.000000 
-0.491031 0.000000 
0.870601 0.000000 
-0.761381 0.000000 
-0.637411 0.000000 
-0.025153 -0.000000 
-0.827481 0.000000 
-1.175025 0.000000 
0.045569 -0.000000 
-0.471120 0.000000 
0.423013 0.000000 
-0.417387 -0.000000 
0.365846 0.000000 
-0.079597 -0.000000 
0.227987 -0.000000 
0.180725 -0.000000 
0.440074 0.000000 
-0.007127 0.000000 
0.554625 0.000000 
0.261827 -0.000000 
-0.292185 0.000000 
-0.356839 -0.000000 
0.681196 0.000000 
-0.188338 -0.000000 
-0.481669 0.000000 
-0.409270 0.000000 
-0.357418 -0.000000 
0.040272 0.000000 
-0.325630 -0.000000 
-0.626548 0.000000 
-0.623211 -0.000000 
0.633601 0.000000 
0.200260 -0.000000 
-0.231580 -0.000000 
-0.500975 -0.000000 
0.551264 0.000000 
-0.420953 0.000000 
-1.101705 -0.000000 
0.170356 0.000000 
0.904240 0.000000 
-0.653416 0.000000 
0.110131 -0.000000 
-0.087382 -0.000000 
-0.581685 0.000000 
0.598764 0.000000 
-0.094926 -0.000000 
0.582668 -0.000000 
-0.372575 0.000000 
-0.119850 -0.000000 
0.305329 0.000000 
-0.436502 -0.000000 
-0.537095 -0.000000 
-0.807639 0.000000 
-0.089814 0.000000 
-0.704221 0.000000 
0.356388 0.000000 
0.685821 0.000000 
-0.101535 0.000000 
0.442930 0.000000 
-0.221669 -0.000000 
0.358279 0.000000 
-0.258327 0.000000 
0.586835 -0.000000 
0.631518 -0.000000 
-1.162427 -0.000000 
0.479226 -0.000000 
-0.226702 0.000000 
-0.363840 -0.000000 
1.742321 0.000000 
-0.035715 0.000000 
-1.424554 0.000000 
0.587870 -0.000000 
-0.593624 0.000000 
0.836297 0.000000 
0.124760 0.000000 
0.304200 0.000000 
-1.297014 0.000000 
0.208344 -0.000000 
0.366812 0.000000 
0.143618 -0.000000 
0.065586 -0.000000 
0.092036 0.000000 
0.546794 0.000000 
-0.056790 0.000000 
-0.268093 0.000000 
-0.647185 0.000000 
0.567148 0.000000 
-0.492246 0.000000 
-0.816294 0.000000 
0.241219 -0.000000 
0.374008 -0.000000 
-0.216797 -0.000000 
-0.881608 -0.000000 
0.170858 0.000000 
-0.145725 0.000000 
-0.065622 -0.000000 
0.944046 -0.000000 
0.600439 0.000000 
-0.493936 -0.000000 
0.765065 0.000000 
0.311371 0.000000 
0.821751 0.000000 
0.578543 0.000000 
-0.606823 -0.000000 
0.630957 -0.000000 
0.572978 -0.000000 
0.166548 -0.000000 
-0.214434 -0.000000 
-0.862031 -0.000000 
-0.252717 -0.000000 
0.423371 -0.000000 
-0.127347 0.000000 
0.801650 0.000000 
0.161380 0.000000 
-0.292758 -0.000000 
0.663717 0.000000 
0.080308 -0.000000 
-0.314335 -0.000000 
0.712623 0.000000 
-0.490344 0.000000 
0.522937 -0.000000 
0.566483 0.000000 
0.209562 -0.000000 
-0.691004 0.000000 
0.205226 0.000000 
-0.421133 0.000000 
0.378579 -0.000000 
-0.160337 0.000000 
0.312251 -0.000000 
0.280701 0.000000 
-0.174535 0.000000 
0.587610 0.000000 
0.432687 0.000000 
-0.005303 0.000000 
-0.018308 0.000000 
-0.466547 0.000000 
-0.452750 0.000000 
-0.061422 0.000000 
0.251205 0.000000 
0.555391 -0.000000 
-0.520407 -0.000000 
-0.777417 0.000000 
-0.558917 -0.000000 
0.257866 -0.000000 
0.697752 0.000000 
0.048393 -0.000000 
-1.020038 0.000000 
0.365766 0.000000 
-0.333576 0.000000 
0.302294 -0.000000 
0.123701 -0.000000 
0.075043 -0.000000 
0.602869 0.000000 
0.532088 0.000000 
0.164103 0.000000 
-0.306570 -0.000000 
-0.335623 -0.000000 
0.212313 0.000000 
0.384344 0.000000 
0.092671 0.000000 
0.482323 0.000000 
-0.147265 -0.000000 
0.437736 0.000000 
-0.656166 0.000000 
0.333025 0.000000 
-0.291841 -0.000000 
0.213628 0.000000 
-1.115328 0.000000 
-0.273342 0.000000 
-0.576887 0.000000 
-0.523200 0.000000 
-0.026646 0.000000 
-0.400620 0.000000 
0.116919 0.000000 
0.212972 -0.000000 
0.036912 0.000000 
-0.221967 -0.000000 
-0.215736 0.000000 
-0.421810 -0.000000 
-0.343958 0.000000 
-0.970731 -0.000000 
0.110366 -0.000000 
0.522092 -0.000000 
-0.260918 0.000000 
0.259972 -0.000000 
-0.009559 -0.000000 
0.581628 0.000000 
-0.888239 0.000000 
-0.140450 0.000000 
-0.876281 0.000000 
0.921392 0.000000 
-0.750780 0.000000 
-0.106372 -0.000000 
0.127082 -0.000000 
0.040845 0.000000 
0.116851 0.000000 
0.248470 0.000000 
0.046709 0.000000 
-0.411076 0.000000 
0.265996 0.000000 
0.488438 0.000000 
-0.132573 0.000000 
0.211369 0.000000 
0.419506 0.000000 
-0.743364 0.000000 
0.260068 -0.000000 
-0.361712 0.000000 
0.382034 -0.000000 
0.071346 0.000000 
-0.537421 0.000000 
-0.503717 0.000000 
-0.202262 0.000000 
-0.626194 -0.000000 
-0.334493 -0.000000 
-0.463288 0.000000 
-0.196539 -0.000000 
0.505110 0.000000 
0.265510 -0.000000 
0.022120 0.000000 
0.540134 0.000000 
0.555870 0.000000 
-0.170209 -0.000000 
0.219459 0.000000 
-0.212492 -0.000000 
-0.090967 0.000000 
-0.399371 0.000000 
-0.231758 0.000000 
-0.640201 0.000000 
-0.387654 0.000000 
-0.143186 0.000000 
0.929107 0.000000 
-0.255316 0.000000 
-0.353478 0.000000 
-0.636606 0.000000 
0.349417 -0.000000 
0.081514 0.000000 
0.062280 -0.000000 
0.103775 -0.000000 
0.481582 0.000000 
0.777089 0.000000 
-0.667217 0.000000 
0.047002 -0.000000 
-0.061940 -0.000000 
0.240076 0.000000 
-0.188044 0.000000 
-1.385178 -0.000000 
-0.307393 0.000000 
-0.029885 0.000000 
0.227495 -0.000000 
-0.315923 0.000000 
-0.569182 0.000000 
1.023665 -0.000000 
-0.827641 0.000000 
-0.409015 0.000000 
-0.414845 0.000000 
0.110045 -0.000000 
0.590717 -0.000000 
0.768011 -0.000000 
-0.525564 0.000000 
0.052402 -0.000000 
-0.317646 0.000000 
-0.013986 0.000000 
-0.167873 -0.000000 
-0.376070 -0.000000 
0.554011 -0.000000 
-0.515936 -0.000000 
-1.019242 0.000000 
0.046330 0.000000 
0.370281 -0.000000 
0.638177 0.000000 
-0.305794 -0.000000 
0.405578 0.000000 
-0.263920 0.000000 
0.529404 0.000000 
-0.283379 0.000000 
0.561622 0.000000 
-0.426571 0.000000 
-0.389789 0.000000 
-0.337212 -0.000000 
0.898123 0.000000 
-0.021710 -0.000000 
-0.309212 -0.000000 
0.948154 0.000000 
0.738888 0.000000 
-0.098346 0.000000 
0.619762 0.000000 
0.383891 -0.000000 
0.393266 0.000000 
0.390898 0.000000 
-0.247496 0.000000 
0.450404 -0.000000 
-0.799253 -0.000000 
0.170819 -0.000000 
-0.096592 0.000000 
-0.354759 -0.000000 
0.391972 0.000000 
0.865989 -0.000000 
0.271590 -0.000000 
0.120279 -0.000000 
-0.048498 0.000000 
-0.149595 0.000000 
-0.427617 0.000000 
0.622615 0.000000 
-0.127756 0.000000 
-0.396829 0.000000 
0.555317 -0.000000 
-0.481604 0.000000 
-0.067308 0.000000 
0.174878 0.000000 
-0.201483 0.000000 
0.243502 0.000000 
0.166526 0.000000 
-0.052088 0.000000 
-0.733668 0.000000 
-0.757346 -0.000000 
-0.452225 0.000000 
0.293782 0.000000 
-0.100510 -0.000000 
-0.182773 -0.000000 
-0.135952 0.000000 
0.054307 0.000000 
-0.178395 0.000000 
1.109187 0.000000 
0.334181 0.000000 
0.152586 0.000000 
-0.063023 0.000000 
0.027746 0.000000 
-0.644469 -0.000000 
0.146467 -0.000000 
0.210622 -0.000000 
0.594852 0.000000 
-0.269740 -0.000000 
0.757580 -0.000000 
0.629558 0.000000 
-0.195588 0.000000 
0.172285 0.000000 
0.668912 0.000000 
-0.670136 -0.000000 
0.347373 -0.000000 
-0.570572 0.000000 
0.932618 0.000000 
-0.374063 0.000000 
-0.987246 -0.000000 
0.023963 -0.000000 
-0.364975 0.000000 
-1.424445 -0.000000 
0.014607 0.000000 
0.041941 -0.000000 
-0.035988 0.000000 
-0.358683 -0.000000 
-0.129081 0.000000 
0.229198 0.000000 
-0.292582 -0.000000 
1.105719 0.000000 
-0.116592 -0.000000 
0.560023 0.000000 
-0.558691 -0.000000 
-0.173198 0.000000 
-0.490617 0.000000 
-0.728089 -0.000000 
0.249103 0.000000 
0.753395 0.000000 
-0.465290 0.000000 
-0.133532 0.000000 
0.371175 0.000000 
0.333103 0.000000 
0.167286 0.000000 
0.777230 0.000000 
0.043016 0.000000 
-0.560176 0.000000 
0.324677 0.000000 
-0.885096 0.000000 
-0.834260 0.000000 
0.450048 -0.000000 
0.134993 -0.000000 
-0.302102 -0.000000 
-0.694597 -0.000000 
-0.749559 -0.000000 
-0.173339 -0.000000 
0.403940 -0.000000 
-0.706558 0.000000 
1.019472 0.000000 
-0.809936 -0.000000 
0.105638 0.000000 
0.906604 0.000000 
0.142729 0.000000 
-0.307808 0.000000 
-1.320894 0.000000 
0.093614 -0.000000 
0.627453 -0.000000 
0.327032 0.000000 
0.713739 0.000000 
0.631032 -0.000000 
-0.955421 0.000000 
0.455122 0.000000 
0.412804 0.000000 
-0.075558 0.000000 
0.533296 0.000000 
0.575832 0.000000 
-0.224350 0.000000 
-0.631798 -0.000000 
0.309320 0.000000 
-0.302507 0.000000 
-0.133590 0.000000 
0.455877 0.000000 
-1.124025 0.000000 
0.107611 0.000000 
0.746806 0.000000 
-0.127553 0.000000 
0.032736 0.000000 
-0.019609 0.000000 
-0.662047 0.000000 
0.363600 0.000000 
-0.532780 -0.000000 
-0.063023 0.000000 
0.856817 0.000000 
0.561855 0.000000 
0.040259 0.000000 
0.149821 0.000000 
-0.090047 -0.000000 
0.376236 -0.000000 
0.318935 0.000000 
-0.252319 0.000000 
-0.030433 0.000000 
-0.223325 0.000000 
0.320159 -0.000000 
0.508469 0.000000 
-0.223303 -0.000000 
-0.065172 -0.000000 
-0.176231 0.000000 
0.262380 -0.000000 
-0.018185 0.000000 
-0.027476 -0.000000 
0.720240 -0.000000 
-0.383501 -0.000000 
-0.668778 0.000000 
-0.565788 0.000000 
0.529793 0.000000 
-0.775151 0.000000 
0.764050 0.000000 
0.408682 0.000000 
-0.253940 0.000000 
-0.289620 0.000000 
0.989773 -0.000000 
-0.498049 0.000000 
1.411879 -0.000000 
0.527989 0.000000 
0.106256 0.000000 
0.771532 -0.000000 
0.087718 0.000000 
0.735304 0.000000 
-0.765635 0.000000 
0.268201 0.000000 
0.949655 0.000000 
0.305721 0.000000 
-0.007787 -0.000000 
0.057217 -0.000000 
-0.545507 0.000000 
0.569991 0.000000 
-0.698320 0.000000 
-0.200297 0.000000 
0.890944 -0.000000 
0.864960 0.000000 
0.466173 0.000000 
-0.139225 0.000000 
0.079415 0.000000 
0.636473 0.000000 
-0.234720 0.000000 
-0.420629 0.000000 
-0.464654 0.000000 
0.309012 0.000000 
-0.122923 -0.000000 
0.272829 -0.000000 
0.114405 -0.000000 
-0.142624 0.000000 
0.654039 -0.000000 
-0.237891 -0.000000 
0.466222 -0.000000 
0.446509 0.000000 
0.372939 -0.000000 
-0.407748 0.000000 
-0.920920 0.000000 
-0.772300 0.000000 
0.496705 -0.000000 
0.214964 0.000000 
0.406603 0.000000 
-0.067099 -0.000000 
0.082369 0.000000 
-0.199902 -0.000000 
-0.226554 -0.000000 
-0.118716 0.000000 
0.265488 0.000000 
0.198472 0.000000 
-0.160568 0.000000 
0.956997 0.000000 
0.141598 -0.000000 
0.699776 -0.000000 
0.989021 -0.000000 
0.306786 0.000000 
0.830972 -0.000000 
-0.226876 0.000000 
0.145720 -0.000000 
0.295649 0.000000 
0.215670 -0.000000 
-0.354591 -0.000000 
-0.633492 0.000000 
-0.055703 0.000000 
-0.116920 0.000000 
-0.465139 0.000000 
-0.377008 0.000000 
-0.455987 -0.000000 
0.058400 0.000000 
-0.521018 0.000000 
-0.461530 0.000000 
-0.509093 -0.000000 
0.207228 0.000000 
0.638442 0.000000 
0.031010 0.000000 
-0.023048 0.000000 
-0.232117 0.000000 
-0.235000 -0.000000 
0.634009 0.000000 
-0.036556 0.000000 
0.391849 0.000000 
0.228838 0.000000 
-0.094474 0.000000 
-0.370056 -0.000000 
0.250473 0.000000 
0.304727 0.000000 
0.080545 0.000000 
0.482837 0.000000 
-0.488352 0.000000 
0.337050 0.000000 
-0.149465 -0.000000 
-0.480932 -0.000000 
0.244329 -0.000000 
0.383299 0.000000 
0.664247 0.000000 
-0.063521 -0.000000 
0.094732 -0.000000 
-0.295101 0.000000 
0.784723 0.000000 
-0.210201 -0.000000 
0.116625 0.000000 
0.349844 0.000000 
-0.981796 0.000000 
-0.069509 0.000000 
0.389515 0.000000 
-0.039586 0.000000 
0.185936 0.000000 
-0.857188 0.000000 
0.279749 -0.000000 
-0.405097 -0.000000 
-0.095390 0.000000 
0.320833 0.000000 
0.087916 0.000000 
-0.702796 0.000000 
0.247187 0.000000 
0.124678 0.000000 
0.186030 0.000000 
0.510068 -0.000000 
-0.176240 -0.000000 
-0.381182 0.000000 
-0.125219 0.000000 
-0.746782 -0.000000 
-0.308843 0.000000 
0.779653 0.000000 
0.399055 0.000000 
-0.208653 0.000000 
0.394638 0.000000 
0.090604 0.000000 
0.106888 0.000000 
1.003970 -0.000000 
-0.046553 0.000000 
0.122510 -0.000000 
0.906566 0.000000 
0.013507 0.000000 
0.483884 0.000000 
-0.213469 0.000000 
-0.738675 0.000000 
0.460480 0.000000 
0.101071 0.000000 
0.323670 0.000000 
-0.474298 -0.000000 
-0.721455 -0.000000 
0.398521 0.000000 
0.322462 0.000000 
0.494746 0.000000 
0.461483 0.000000 
0.451495 0.000000 
-0.485082 0.000000 
0.568958 0.000000 
-0.635185 0.000000 
0.217434 -0.000000 
0.002248 0.000000 
0.525230 0.000000 
-0.019665 0.000000 
0.244917 0.000000 
-0.158705 0.000000 
0.009848 -0.000000 
-0.137818 0.000000 
0.218406 0.000000 
0.237830 0.000000 
-0.100415 0.000000 
-1.309115 0.000000 
-0.043639 0.000000 
0.127412 0.000000 
0.179803 -0.000000 
0.735713 0.000000 
-0.114779 -0.000000 
0.259598 0.000000 
0.277205 0.000000 
-0.138058 -0.000000 
-0.468966 0.000000 
0.048488 0.000000 
0.141096 0.000000 
-0.171212 -0.000000 
-0.378825 0.000000 
0.403695 0.000000 
-0.646042 -0.000000 
0.460401 0.000000 
-0.333549 0.000000 
-0.998127 0.000000 
1.204923 0.000000 
0.207612 -0.000000 
-0.058908 0.000000 
1.002755 -0.000000 
-0.393297 0.000000 
0.955441 0.000000 
-0.012682 -0.000000 
0.158564 -0.000000 
-0.383209 0.000000 
0.353884 -0.000000 
-0.375391 0.000000 
0.852019 0.000000 
0.918025 -0.000000 
-0.020936 0.000000 
0.006977 0.000000 
0.327905 -0.000000 
0.534366 0.000000 
0.130550 0.000000 
-0.385140 0.000000 
0.447268 0.000000 
0.292759 0.000000 
-0.723673 -0.000000 
-0.411098 0.000000 
0.654067 0.000000 
-0.455083 0.000000 
0.127776 0.000000 
-0.108228 -0.000000 
-0.415149 0.000000 
-0.352198 0.000000 
-0.017946 0.000000 
-0.217321 -0.000000 
-0.576697 0.000000 
-0.390410 0.000000 
0.882966 0.000000 
0.158267 0.000000 
0.099432 0.000000 
-0.506817 -0.000000 
0.452539 0.000000 
0.115031 -0.000000 
0.460488 0.000000 
-0.531726 0.000000 
0.219877 0.000000 
0.018234 -0.000000 
0.841260 -0.000000 
-0.244746 0.000000 
0.880431 0.000000 
-0.821377 -0.000000 
0.321603 0.000000 
-0.174906 0.000000 
0.401421 -0.000000 
0.033776 -0.000000 
0.122426 0.000000 
0.331160 0.000000 
0.316387 0.000000 
-0.461591 0.000000 
0.507998 0.000000 
0.535686 0.000000 
0.534086 0.000000 
0.846049 0.000000 
-0.675728 0.000000 
0.794290 -0.000000 
0.535778 -0.000000 
-0.467572 0.000000 
0.666995 0.000000 
0.366585 -0.000000 
0.000411 0.000000 
0.524175 0.000000 
-0.236678 0.000000 
0.105555 0.000000 
0.068859 0.000000 
0.397652 -0.000000 
0.262963 0.000000 
0.117128 0.000000 
-0.216368 0.000000 
-0.406645 0.000000 
0.687821 0.000000 
0.596462 0.000000 
-0.177409 0.000000 
0.865600 0.000000 
-0.511030 0.000000 
-0.269385 0.000000 
0.764552 0.000000 
-0.066905 0.000000 
0.274700 0.000000 
0.022609 -0.000000 
0.136334 -0.000000 
-0.065690 0.000000 
-0.336319 -0.000000 
-0.633055 -0.000000 
-1.044313 0.000000 
0.389850 0.000000 
0.049028 -0.000000 
-0.415473 -0.000000 
-0.329221 0.000000 
0.111214 -0.000000 
-0.748360 0.000000 
0.002792 -0.000000 
-0.827323 0.000000 
-0.159872 0.000000 
0.208577 0.000000 
-0.430924 0.000000 
-0.247088 0.000000 
0.486782 0.000000 
0.552964 -0.000000 
0.197898 0.000000 
-0.093738 0.000000 
0.075629 -0.000000 
0.171265 0.000000 
-0.793434 0.000000 
0.404423 -0.000000 
-0.420080 0.000000 
0.496711 0.000000 
0.626697 0.000000 
0.712893 0.000000 
-0.473950 0.000000 
-0.531098 0.000000 
0.185440 0.000000 
-0.309610 0.000000 
0.337736 -0.000000 
-0.183387 0.000000 
-0.061026 0.000000 
0.514236 0.000000 
0.479458 -0.000000 
-0.273860 0.000000 
-0.184343 0.000000 
-0.100315 0.000000 
-0.060931 0.000000 
-0.175650 0.000000 
-0.599537 0.000000 
0.291635 0.000000 
0.497133 -0.000000 
-0.269975 0.000000 
-0.308867 0.000000 
-0.279361 -0.000000 
-0.689250 0.000000 
-0.111435 0.000000 
-0.690152 0.000000 
0.022089 0.000000 
1.081251 0.000000 
0.496515 0.000000 
-0.064812 0.000000 
-1.376866 0.000000 
-0.414200 -0.000000 
-1.277591 -0.000000 
0.709185 0.000000 
-0.318736 0.000000 
-0.659285 0.000000 
0.452710 0.000000 
-0.133301 0.000000 
-0.365910 0.000000 
-0.603114 0.000000 
0.163893 0.000000 
0.645348 -0.000000 
-0.410626 0.000000 
-0.096824 0.000000 
-0.086643 0.000000 
-0.817674 0.000000 
0.236100 0.000000 
-0.209936 0.000000 
0.288683 -0.000000 
-0.320766 0.000000 
-0.929445 0.000000 
0.665653 0.000000 
0.897670 -0.000000 
0.491695 0.000000 
-0.299241 0.000000 
0.222714 0.000000 
0.397335 0.000000 
0.091994 -0.000000 
0.096859 0.000000 
0.338825 0.000000 
-0.307197 0.000000 
0.218969 0.000000 
0.900559 -0.000000 
0.044323 0.000000 
-0.457986 0.000000 
-0.224582 0.000000 
1.143830 0.000000 
-0.352155 -0.000000 
-0.699197 0.000000 
0.874098 0.000000 
0.298184 0.000000 
0.365664 0.000000 
0.078061 0.000000 
-0.395839 -0.000000 
-0.091623 0.000000 
-0.302425 -0.000000 
-0.942565 -0.000000 
0.171390 0.000000 
0.542855 0.000000 
0.426033 0.000000 
0.530110 -0.000000 
-0.150533 0.000000 
0.830008 0.000000 
0.054755 0.000000 
0.393892 0.000000 
0.935261 0.000000 
1.601281 0.000000 
-1.018248 0.000000 
0.020739 0.000000 
-0.611720 0.000000 
0.364473 0.000000 
0.950675 -0.000000 
0.481308 0.000000 
0.545913 -0.000000 
0.219237 0.000000 
0.785836 -0.000000 
0.742131 0.000000 
-0.113123 0.000000 
0.600064 0.000000 
-0.466400 -0.000000 
-0.210858 -0.000000 
0.408490 0.000000 
0.093287 -0.000000 
-0.085282 0.000000 
0.300975 0.000000 
-0.622056 0.000000 
0.848409 0.000000 
0.313013 -0.000000 
-0.597254 0.000000 
-0.192972 0.000000 
0.015964 0.000000 
-0.151160 0.000000 
1.141193 0.000000 
0.346320 0.000000 
-0.331026 0.000000 
0.221147 0.000000 
0.127516 0.000000 
0.632913 0.000000 
1.105775 0.000000 
-0.513894 0.000000 
0.291883 -0.000000 
0.569139 -0.000000 
0.207785 -0.000000 
-0.492798 -0.000000 
-0.859926 -0.000000 
0.288020 0.000000 
0.328032 0.000000 
0.678488 0.000000 
0.134048 0.000000 
-0.107652 0.000000 
0.170554 0.000000 
-1.413247 0.000000 
-0.513051 -0.000000 
-0.163209 0.000000 
1.134970 0.000000 
0.617953 0.000000 
-0.217508 0.000000 
-0.046713 0.000000 
-0.867578 -0.000000 
-0.408260 0.000000 
0.581605 -0.000000 
-0.217376 -0.000000 
0.484846 0.000000 
1.352515 0.000000 
0.132491 0.000000 
-0.078957 -0.000000 
-0.419954 0.000000 
1.381967 0.000000 
0.153865 0.000000 
0.124193 0.000000 
0.393560 0.000000 
0.090059 -0.000000 
0.689567 0.000000 
-0.538658 0.000000 
-0.446002 0.000000 
-0.517284 0.000000 
-0.570122 0.000000 
0.227059 0.000000 
-0.080145 -0.000000 
-0.371486 -0.000000 
0.007557 -0.000000 
-0.148873 0.000000 
0.441851 -0.000000 
-0.346501 -0.000000 
-0.302052 0.000000 
-0.278641 -0.000000 
-0.690751 0.000000 
0.998209 0.000000 
0.262398 0.000000 
-0.277533 0.000000 
0.444241 -0.000000 
0.098223 0.000000 
0.127487 0.000000 
0.565845 0.000000 
-0.667461 -0.000000 
-0.684490 0.000000 
-0.800205 -0.000000 
-0.517831 0.000000 
0.754947 0.000000 
0.500354 -0.000000 
0.114410 0.000000 
0.382076 -0.000000 
0.082678 0.000000 
-1.119194 -0.000000 
-1.007776 0.000000 
-0.478132 0.000000 
-0.023590 -0.000000 
0.152264 0.000000 
-0.864513 0.000000 
0.531899 0.000000 
0.527743 0.000000 
0.335435 0.000000 
0.498746 0.000000 
-1.041814 0.000000 
1.575672 0.000000 
0.150059 0.000000 
-0.769600 0.000000 
0.008880 0.000000 
0.222808 0.000000 
0.672317 0.000000 
0.663717 0.000000 
-0.362211 0.000000 
0.187823 -0.000000 
0.599042 0.000000 
-0.509349 -0.000000 
0.058544 0.000000 
-0.154419 0.000000 
-0.416783 0.000000 
0.131937 0.000000 
0.203877 0.000000 
-0.386064 0.000000 
0.530904 0.000000 
-0.055056 -0.000000 
0.229524 0.000000 
0.857978 -0.000000 
0.641814 0.000000 
0.291598 0.000000 
0.963856 0.000000 
0.195189 0.000000 
1.403469 0.000000 
-0.196267 -0.000000 
-0.760876 0.000000 
-1.068327 0.000000 
0.135969 0.000000 
0.750812 0.000000 
0.342048 0.000000 
0.476838 0.000000 
-0.057573 0.000000 
-0.850964 -0.000000 
0.006861 0.000000 
0.422381 0.000000 
-0.696862 -0.000000 
0.649946 0.000000 
-0.114068 -0.000000 
0.177413 0.000000 
-0.099120 -0.000000 
0.095075 0.000000 
-1.463289 0.000000 
1.168869 0.000000 
0.862488 0.000000 
0.369061 -0.000000 
0.730028 0.000000 
-0.645802 0.000000 
-0.369030 -0.000000 
0.499013 0.000000 
-0.278823 0.000000 
-0.012447 0.000000 
-0.613153 -0.000000 
0.228022 0.000000 
-0.464600 -0.000000 
0.144137 0.000000 
-0.507078 0.000000 
-1.241718 0.000000 
-0.308244 0.000000 
-0.222530 0.000000 
0.471633 -0.000000 
-0.157764 0.000000 
0.128208 0.000000 
-0.657629 0.000000 
-1.119719 0.000000 
0.963899 0.000000 
-0.715893 -0.000000 
0.799005 0.000000 
-0.402395 0.000000 
-0.124137 0.000000 
0.197034 -0.000000 
0.700666 0.000000 
-0.008973 0.000000 
0.696094 0.000000 
-0.166484 0.000000 
0.325233 0.000000 
0.345204 0.000000 
-0.233030 -0.000000 
-0.459532 0.000000 
0.076601 0.000000 
-0.439746 0.000000 
0.181835 -0.000000 
0.709100 -0.000000 
-0.267966 0.000000 
0.237559 0.000000 
0.173656 0.000000 
0.191428 0.000000 
-0.001034 0.000000 
0.595406 0.000000 
-0.058848 -0.000000 
-0.472006 0.000000 
-0.597214 0.000000 
-0.504885 -0.000000 
0.340370 0.000000 
-0.210365 0.000000 
-0.041213 0.000000 
0.463728 0.000000 
0.130449 0.000000 
1.099245 0.000000 
-0.068269 -0.000000 
0.230665 0.000000 
-0.237123 0.000000 
0.200089 0.000000 
-0.358712 0.000000 
-0.042091 0.000000 
-0.223257 0.000000 
0.902889 0.000000 
0.183800 0.000000 
-0.690560 0.000000 
-0.390582 0.000000 
-0.252226 -0.000000 
-0.442272 0.000000 
0.468549 -0.000000 
0.301849 0.000000 
0.600501 0.000000 
-0.711704 0.000000 
0.375497 0.000000 
0.273409 0.000000 
-1.159076 -0.000000 
0.070035 0.000000 
0.154290 0.000000 
0.897123 0.000000 
0.629368 0.000000 
-0.493557 0.000000 
-0.210113 0.000000 
-0.069365 -0.000000 
-0.033818 0.000000 
0.622112 0.000000 
0.821809 0.000000 
-0.905018 -0.000000 
0.073520 0.000000 
-0.637089 -0.000000 
-0.427067 0.000000 
0.299580 0.000000 
-0.344529 -0.000000 
-0.164390 0.000000 
0.104066 0.000000 
-0.028344 0.000000 
-0.183327 -0.000000 
-0.198972 0.000000 
-0.464835 -0.000000 
0.392817 -0.000000 
0.236932 0.000000 
-0.111563 0.000000 
-0.011763 -0.000000 
0.003358 0.000000 
-0.679196 0.000000 
0.529189 -0.000000 
-0.323682 0.000000 
-0.109448 0.000000 
-0.252877 0.000000 
0.259183 0.000000 
-0.024069 -0.000000 
0.040425 0.000000 
-0.578742 -0.000000 
-0.065717 -0.000000 
0.459718 0.000000 
-0.962092 0.000000 
-0.816930 -0.000000 
-0.038991 0.000000 
0.048517 0.000000 
-0.585435 0.000000 
0.126246 0.000000 
-0.717386 0.000000 
-0.190445 -0.000000 
-0.394251 0.000000 
0.638115 -0.000000 
0.025804 -0.000000 
-0.222310 0.000000 
0.343315 -0.000000 
-0.795505 -0.000000 
-0.148127 -0.000000 
0.008531 0.000000 
0.677755 0.000000 
0.419190 0.000000 
-0.054712 -0.000000 
-0.086769 0.000000 
0.332687 -0.000000 
-1.253338 0.000000 
0.104600 -0.000000 
0.010483 -0.000000 
-0.279565 0.000000 
-0.016073 0.000000 
-0.508388 -0.000000 
0.067410 0.000000 
0.253273 0.000000 
-0.031603 0.000000 
0.178584 0.000000 
0.133036 0.000000 
1.323853 0.000000 
-0.697773 0.000000 
0.992343 0.000000 
-0.411665 0.000000 
-0.072202 0.000000 
-0.371799 0.000000 
0.603283 -0.000000 
-0.118864 -0.000000 
0.701416 0.000000 
0.073226 0.000000 
1.033777 -0.000000 
0.779214 -0.000000 
-0.000678 -0.000000 
-0.301370 -0.000000 
0.040471 0.000000 
-0.184029 0.000000 
-0.199208 0.000000 
-0.105372 0.000000 
-0.326212 0.000000 
-0.041437 -0.000000 
-0.079498 0.000000 
0.015722 -0.000000 
-0.327069 0.000000 
-0.404980 0.000000 
0.031237 0.000000 
0.204927 -0.000000 
0.285713 0.000000 
-0.762148 0.000000 
0.117635 0.000000 
0.514127 0.000000 
0.085137 0.000000 
-1.028390 0.000000 
0.085560 0.000000 
1.023648 -0.000000 
0.256337 0.000000 
-0.677985 -0.000000 
-0.195541 0.000000 
0.440761 0.000000 
0.264344 0.000000 
0.533490 0.000000 
0.610669 0.000000 
-0.626756 0.000000 
0.970233 0.000000 
-0.943200 0.000000 
-0.218650 0.000000 
0.271557 -0.000000 
-0.028968 0.000000 
0.089641 0.000000 
-0.768404 0.000000 
0.418104 0.000000 
-0.302458 0.000000 
-0.146132 0.000000 
-0.026611 -0.000000 
-0.212990 0.000000 
-0.558768 0.000000 
0.122579 -0.000000 
0.472896 0.000000 
-0.517860 0.000000 
0.668761 0.000000 
0.093423 0.000000 
0.144173 -0.000000 
0.515896 -0.000000 
0.115537 -0.000000 
0.097303 0.000000 
0.154730 0.000000 
0.239382 0.000000 
-0.207049 0.000000 
0.448663 0.000000 
-0.253887 -0.000000 
0.325365 0.000000 
-0.838626 -0.000000 
-0.398432 0.000000 
-0.112409 -0.000000 
0.098094 0.000000 
0.243984 0.000000 
-0.827962 0.000000 
0.378970 0.000000 
0.265855 0.000000 
0.001440 -0.000000 
0.867807 -0.000000 
0.186608 -0.000000 
-0.177320 -0.000000 
-0.203403 0.000000 
-0.036841 0.000000 
0.238425 0.000000 
-0.723955 -0.000000 
0.275218 0.000000 
0.433900 0.000000 
0.368927 0.000000 
0.641268 -0.000000 
-0.735158 -0.000000 
-0.191387 0.000000 
0.042322 0.000000 
0.328194 0.000000 
0.129242 -0.000000 
-1.123947 -0.000000 
0.605664 -0.000000 
0.097723 0.000000 
-0.082471 0.000000 
1.308345 -0.000000 
-0.416060 0.000000 
0.462416 0.000000 
-0.273952 0.000000 
0.259537 0.000000 
0.724253 -0.000000 
-0.073892 0.000000 
-0.890109 0.000000 
0.725558 0.000000 
0.178503 0.000000 
0.306433 0.000000 
0.744880 0.000000 
0.253306 -0.000000 
-0.388865 -0.000000 
0.671034 -0.000000 
-0.734538 -0.000000 
0.430093 -0.000000 
0.288255 0.000000 
0.216085 0.000000 
0.716212 0.000000 
0.762732 0.000000 
-0.264024 -0.000000 
-0.412764 0.000000 
0.058125 0.000000 
0.504563 0.000000 
-0.218911 -0.000000 
0.225290 0.000000 
-0.022152 -0.000000 
0.094166 -0.000000 
-0.171489 0.000000 
0.151138 -0.000000 
0.040560 0.000000 
0.603883 0.000000 
-0.784382 0.000000 
-0.467760 -0.000000 
-0.449238 -0.000000 
-0.029388 0.000000 
0.214810 0.000000 
-0.576283 0.000000 
-0.394565 0.000000 
0.201526 0.000000 
0.014708 0.000000 
0.476292 0.000000 
0.283713 -0.000000 
-0.561470 0.000000 
-0.486791 0.000000 
0.469344 0.000000 
-0.119793 0.000000 
-0.118693 0.000000 
1.543448 0.000000 
-0.949907 0.000000 
0.050918 0.000000 
0.330470 0.000000 
0.720300 0.000000 
0.521629 0.000000 
-0.148306 0.000000 
-0.306090 -0.000000 
0.637619 -0.000000 
-0.212249 -0.000000 
-0.682518 -0.000000 
-0.778065 0.000000 
-0.499764 0.000000 
0.098995 0.000000 
-0.097324 0.000000 
0.579403 -0.000000 
-0.534394 0.000000 
-1.097079 -0.000000 
0.186154 0.000000 
-0.078097 0.000000 
0.298166 0.000000 
-0.105845 0.000000 
-0.995977 0.000000 
-0.986664 -0.000000 
0.355311 0.000000 
-0.487554 0.000000 
-0.822735 0.000000 
-0.740685 -0.000000 
-0.332292 -0.000000 
0.057590 -0.000000 
0.171267 0.000000 
-0.144961 0.000000 
-0.188877 -0.000000 
0.108831 0.000000 
0.714378 0.000000 
0.029545 0.000000 
-0.598454 0.000000 
-0.300811 -0.000000 
-0.238365 0.000000 
0.407894 0.000000 
-0.323853 0.000000 
-0.122835 -0.000000 
0.364231 0.000000 
0.091873 0.000000 
-0.128550 -0.000000 
-0.937073 -0.000000 
-0.245989 0.000000 
-0.421760 0.000000 
