-2.125454 2.125454 
0.000000 0.500000 0.017169 
0.000000 0.000000 0.000000 

-0.550947 0.000000 
0.252828 0.000000 
0.627488 -0.000000 
0.935039 -0.000000 
-0.185850 0.000000 
0.066300 0.000000 
-0.049760 -0.000000 
0.954052 -0.000000 
1.106352 0.000000 
-0.351004 0.000000 
0.098486 0.000000 
0.083558 -0.000000 
0.156960 0.000000 
0.013837 0.000000 
-0.284539 -0.000000 
-0.052622 -0.000000 
-0.563589 -0.000000 
0.200889 0.000000 
0.278740 -0.000000 
0.773635 0.000000 
0.605626 -0.000000 
-0.342458 0.000000 
-0.378273 -0.000000 
0.052062 -0.000000 
0.437824 0.000000 
-0.654685 0.000000 
-0.305706 -0.000000 
-0.275729 0.000000 
-0.011276 -0.000000 
0.579462 0.000000 
0.421953 0.000000 
-0.052825 -0.000000 
0.129221 0.000000 
-0.118581 0.000000 
0.076146 0.000000 
0.099388 0.000000 
-0.386033 0.000000 
0.128084 0.000000 
-0.460932 -0.000000 
0.155695 0.000000 
0.326763 0.000000 
-0.330624 0.000000 
0.020083 0.000000 
-0.725969 0.000000 
0.554137 0.000000 
0.153223 0.000000 
0.644446 0.000000 
0.242631 0.000000 
-0.403772 0.000000 
-0.064115 0.000000 
-0.214615 -0.000000 
0.731232 0.000000 
-1.008549 0.000000 
-0.264738 0.000000 
-0.446658 -0.000000 
-0.253276 -0.000000 
0.725635 0.000000 
-0.555087 0.000000 
-0.918793 0.000000 
-0.537172 0.000000 
-0.488973 0.000000 
0.686610 0.000000 
-0.111793 0.000000 
0.863977 -0.000000 
-0.389759 0.000000 
0.928569 -0.000000 
-0.448241 -0.000000 
0.512953 -0.000000 
-0.146053 -0.000000 
-0.141032 0.000000 
-0.208604 -0.000000 
0.173638 -0.000000 
0.538077 -0.000000 
-1.063031 0.000000 
0.519204 0.000000 
0.274163 0.000000 
0.419367 -0.000000 
0.303035 0.000000 
-0.089257 0.000000 
0.575744 0.000000 
0.289548 -0.000000 
0.522035 0.000000 
-0.241123 -0.000000 
0.460058 -0.000000 
1.070637 0.000000 
-0.656705 -0.000000 
0.107928 -0.000000 
0.312054 -0.000000 
0.928694 0.000000 
0.415312 0.000000 
-0.859198 0.000000 
0.108272 0.000000 
0.217509 -0.000000 
0.187509 0.000000 
0.453773 0.000000 
-0.049921 0.000000 
0.070437 0.000000 
0.784773 0.000000 
0.135302 -0.000000 
0.416536 0.000000 
0.379450 0.000000 
-0.888956 0.000000 
0.581387 -0.000000 
0.206416 -0.000000 
0.087820 0.000000 
-0.231057 0.000000 
0.753647 -0.000000 
0.236814 0.000000 
-0.443984 -0.000000 
-0.062660 -0.000000 
-0.162806 0.000000 
-0.921792 0.000000 
-0.618025 0.000000 
0.093525 0.000000 
-0.303627 0.000000 
-1.116065 0.000000 
0.002904 0.000000 
0.538521 0.000000 
-0.182700 0.000000 
-0.020405 -0.000000 
0.850677 0.000000 
0.561543 0.000000 
0.621397 -0.000000 
-0.641423 0.000000 
0.353324 0.000000 
-0.291679 0.000000 
0.098494 -0.000000 
0.226880 0.000000 
-0.488819 0.000000 
-0.710651 0.000000 
0.253546 0.000000 
0.127495 -0.000000 
-0.398025 0.000000 
-0.085800 0.000000 
-0.294917 0.000000 
0.001290 0.000000 
0.030328 0.000000 
0.845476 -0.000000 
-0.788291 -0.000000 
-0.352554 0.000000 
-0.251254 -0.000000 
0.534448 0.000000 
-0.657719 0.000000 
-0.494727 0.000000 
0.121524 0.000000 
-0.273982 0.000000 
-0.594560 0.000000 
-0.146042 0.000000 
0.508486 -0.000000 
-0.141112 0.000000 
-0.177328 0.000000 
0.193428 0.000000 
-0.246095 -0.000000 
0.312171 0.000000 
-0.002490 0.000000 
0.343326 0.000000 
0.779868 0.000000 
-0.511283 0.000000 
-0.333327 -0.000000 
0.145505 0.000000 
0.429647 -0.000000 
-0.416905 0.000000 
-0.158119 0.000000 
0.551570 0.000000 
0.310575 0.000000 
-0.200062 -0.000000 
-0.728476 0.000000 
-0.104440 -0.000000 
-0.319003 0.000000 
-0.520729 -0.000000 
0.642834 0.000000 
0.586289 -0.000000 
-0.449922 -0.000000 
0.290398 0.000000 
0.216027 0.000000 
-0.087044 -0.000000 
-0.648746 0.000000 
0.254038 0.000000 
-0.603118 -0.000000 
-0.164372 0.000000 
0.083843 0.000000 
-0.699583 0.000000 
0.740090 0.000000 
-0.452615 0.000000 
0.166594 0.000000 
-0.214057 0.000000 
0.097223 0.000000 
-0.273911 0.000000 
0.449330 0.000000 
-0.489201 -0.000000 
0.181461 -0.000000 
1.251913 0.000000 
0.229693 0.000000 
0.648387 -0.000000 
0.180314 0.000000 
0.632030 -0.000000 
-1.181462 0.000000 
-0.864804 0.000000 
0.050338 -0.000000 
-0.253760 -0.000000 
0.299124 0.000000 
-0.810675 0.000000 
-0.350399 0.000000 
0.153456 -0.000000 
0.919862 0.000000 
0.101806 0.000000 
0.599641 0.000000 
0.132183 -0.000000 
-0.496028 0.000000 
-0.522298 -0.000000 
-0.460192 0.000000 
0.571443 0.000000 
-0.110019 0.000000 
-0.934690 0.000000 
-0.490187 0.000000 
-0.558501 -0.000000 
0.201639 0.000000 
-0.313659 -0.000000 
0.520197 0.000000 
0.072193 0.000000 
0.424233 0.000000 
-0.438672 -0.000000 
-0.260791 -0.000000 
-0.860871 -0.000000 
-0.123424 -0.000000 
-0.085665 0.000000 
-0.119183 -0.000000 
0.120587 0.000000 
0.127540 -0.000000 
-0.000731 0.000000 
0.296917 0.000000 
-0.889091 0.000000 
0.401601 -0.000000 
-0.013460 0.000000 
-0.858250 0.000000 
-0.057154 0.000000 
0.492525 -0.000000 
-0.732484 -0.000000 
0.350239 0.000000 
-0.102070 0.000000 
0.660719 0.000000 
0.639766 0.000000 
0.197937 -0.000000 
-0.534069 -0.000000 
0.260739 0.000000 
-0.169862 -0.000000 
-0.079470 0.000000 
-0.430044 -0.000000 
0.123891 0.000000 
0.121386 0.000000 
0.213607 0.000000 
-0.384594 0.000000 
-0.048462 0.000000 
-0.235077 -0.000000 
-0.417858 0.000000 
-0.351766 0.000000 
0.140893 0.000000 
0.347138 -0.000000 
-0.537172 0.000000 
0.583730 0.000000 
0.415272 0.000000 
-0.217674 0.000000 
-0.021508 0.000000 
-0.650208 0.000000 
0.482984 0.000000 
-0.471558 0.000000 
0.353847 -0.000000 
-0.102372 0.000000 
-0.009392 0.000000 
-0.219181 0.000000 
0.158437 0.000000 
-0.034984 -0.000000 
1.255653 0.000000 
-0.453098 0.000000 
-0.115102 -0.000000 
-0.077012 -0.000000 
0.125171 -0.000000 
-0.062833 0.000000 
0.137564 0.000000 
-0.158779 0.000000 
-0.556541 0.000000 
0.274215 0.000000 
-0.025180 0.000000 
0.567112 0.000000 
-0.219245 -0.000000 
-0.724534 -0.000000 
-0.317055 0.000000 
0.964588 -0.000000 
0.245585 0.000000 
-0.352526 0.000000 
-0.086919 0.000000 
0.051022 0.000000 
-0.347690 0.000000 
-0.179527 0.000000 
0.427800 0.000000 
0.299945 -0.000000 
0.757455 0.000000 
0.135950 0.000000 
0.087935 0.000000 
-0.054160 -0.000000 
0.472280 0.000000 
0.808022 0.000000 
0.192057 0.000000 
-0.042535 0.000000 
0.269827 0.000000 
0.288079 -0.000000 
0.010053 0.000000 
0.463133 0.000000 
0.484280 0.000000 
0.532655 0.000000 
-0.893147 0.000000 
-0.441181 0.000000 
0.040407 0.000000 
0.313307 0.000000 
-0.157374 0.000000 
0.755766 0.000000 
0.965850 0.000000 
0.665504 0.000000 
-0.216928 0.000000 
-0.531966 0.000000 
-0.065085 0.000000 
-0.210944 0.000000 
-0.429849 0.000000 
-0.073487 0.000000 
0.480080 -0.000000 
1.006797 0.000000 
0.233399 0.000000 
0.116378 0.000000 
-0.546081 -0.000000 
-0.010698 0.000000 
0.147481 -0.000000 
-0.380178 0.000000 
-0.620616 0.000000 
0.106297 0.000000 
-0.359349 0.000000 
-0.100359 0.000000 
0.030150 -0.000000 
0.160019 0.000000 
0.151403 -0.000000 
0.579284 -0.000000 
-0.039016 0.000000 
0.272947 0.000000 
0.069395 -0.000000 
-0.101373 0.000000 
0.658806 -0.000000 
0.933838 0.000000 
-0.091871 0.000000 
-0.102358 0.000000 
0.074687 -0.000000 
-0.253659 0.000000 
-0.150660 0.000000 
-0.532428 0.000000 
0.348596 -0.000000 
0.164419 0.000000 
0.449910 0.000000 
-0.054015 0.000000 
-0.881722 0.000000 
0.558494 0.000000 
-0.003296 0.000000 
0.066218 0.000000 
-0.799839 0.000000 
0.683757 0.000000 
0.207120 -0.000000 
0.259864 0.000000 
-0.649626 0.000000 
-0.355341 0.000000 
-0.025317 0.000000 
-0.482406 0.000000 
0.597871 -0.000000 
0.459632 -0.000000 
-0.104152 0.000000 
0.983384 0.000000 
0.804689 0.000000 
0.390327 0.000000 
-0.061553 0.000000 
-0.238129 0.000000 
0.099743 0.000000 
0.069435 -0.000000 
-0.088730 0.000000 
0.095014 0.000000 
-0.644862 0.000000 
-0.084558 0.000000 
0.040421 0.000000 
0.063168 0.000000 
-0.723800 0.000000 
-0.527590 0.000000 
0.211443 0.000000 
0.589434 0.000000 
0.017566 -0.000000 
0.358166 0.000000 
0.753773 0.000000 
0.025295 0.000000 
-0.251357 0.000000 
-0.748934 0.000000 
-0.857544 -0.000000 
0.431373 0.000000 
0.312565 -0.000000 
0.130668 -0.000000 
-0.305683 0.000000 
0.611331 0.000000 
-0.216211 -0.000000 
-0.078018 0.000000 
0.444654 0.000000 
-0.075086 0.000000 
0.575541 0.000000 
0.466211 -0.000000 
0.161127 -0.000000 
-0.420605 0.000000 
-0.287846 0.000000 
-0.770152 0.000000 
0.581559 0.000000 
0.290063 -0.000000 
0.554037 -0.000000 
0.442664 0.000000 
0.208636 0.000000 
1.309527 0.000000 
0.073592 0.000000 
0.153012 0.000000 
0.009504 -0.000000 
-0.232754 -0.000000 
0.091480 -0.000000 
0.822123 0.000000 
0.066872 0.000000 
0.752377 0.000000 
-0.062820 -0.000000 
0.074925 0.000000 
-0.767138 0.000000 
0.612632 0.000000 
-0.426365 0.000000 
-0.562208 0.000000 
-0.293862 0.000000 
-0.453726 0.000000 
0.071735 0.000000 
0.079287 0.000000 
-0.956427 0.000000 
0.000629 0.000000 
0.686612 0.000000 
0.730329 -0.000000 
0.463625 -0.000000 
0.995065 0.000000 
0.484895 -0.000000 
0.782168 0.000000 
0.328368 -0.000000 
0.891811 0.000000 
-0.791800 -0.000000 
-0.249534 0.000000 
0.870484 0.000000 
-0.377996 0.000000 
-0.214074 -0.000000 
-0.132722 -0.000000 
0.105261 0.000000 
-0.195822 0.000000 
0.333582 0.000000 
-0.485545 -0.000000 
0.491317 0.000000 
-0.097312 0.000000 
-0.306024 0.000000 
0.185816 0.000000 
0.849741 0.000000 
-0.030349 0.000000 
0.138109 0.000000 
0.200100 0.000000 
-0.069514 -0.000000 
-0.591292 0.000000 
0.756391 0.000000 
0.737365 -0.000000 
0.362393 0.000000 
-0.250778 -0.000000 
0.667053 0.000000 
0.041537 0.000000 
0.260349 0.000000 
0.627770 -0.000000 
0.596317 0.000000 
-0.038235 0.000000 
-0.134538 0.000000 
-0.164793 -0.000000 
0.218421 0.000000 
-0.610478 0.000000 
-0.851356 0.000000 
-0.231174 0.000000 
-0.385169 0.000000 
-0.006389 0.000000 
-0.163949 -0.000000 
0.521310 0.000000 
-0.567644 0.000000 
0.406611 0.000000 
0.619781 -0.000000 
0.655597 -0.000000 
0.278966 0.000000 
-0.270960 -0.000000 
0.736491 -0.000000 
0.456523 0.000000 
-0.518218 -0.000000 
0.549766 -0.000000 
-0.133317 -0.000000 
-0.580708 0.000000 
0.109874 -0.000000 
-0.026149 0.000000 
0.570378 0.000000 
-0.281603 -0.000000 
-0.312813 0.000000 
0.946275 0.000000 
-0.280671 -0.000000 
0.237678 -0.000000 
0.404430 -0.000000 
0.359614 0.000000 
-0.136456 0.000000 
-1.146452 0.000000 
-0.258836 0.000000 
-0.026336 -0.000000 
0.530784 0.000000 
-0.084807 0.000000 
0.360992 0.000000 
0.056222 0.000000 
0.117179 0.000000 
0.720371 0.000000 
0.617471 -0.000000 
-1.252771 -0.000000 
0.817781 0.000000 
-0.221774 0.000000 
0.334719 0.000000 
-0.268174 -0.000000 
-0.549861 0.000000 
-0.197144 0.000000 
0.601971 0.000000 
-0.556882 0.000000 
0.006516 0.000000 
-0.164305 -0.000000 
0.606768 0.000000 
-0.302462 0.000000 
0.255207 -0.000000 
0.159303 0.000000 
-0.135258 0.000000 
-0.440112 0.000000 
0.541818 0.000000 
0.319099 -0.000000 
-1.623095 0.000000 
-0.146743 0.000000 
-0.114502 -0.000000 
0.764664 0.000000 
-0.277649 0.000000 
0.706106 0.000000 
0.826286 0.000000 
0.401228 0.000000 
0.045457 0.000000 
0.695952 -0.000000 
-0.622880 0.000000 
0.190328 -0.000000 
-0.514970 -0.000000 
0.233368 0.000000 
-0.793939 0.000000 
-0.049541 -0.000000 
0.736418 0.000000 
0.164210 0.000000 
0.026877 0.000000 
0.336700 0.000000 
-0.577575 -0.000000 
0.388666 0.000000 
-0.612776 0.000000 
-0.379031 -0.000000 
0.005252 0.000000 
0.622610 -0.000000 
0.259004 -0.000000 
-0.482681 0.000000 
-0.280393 0.000000 
0.219097 -0.000000 
-0.321417 -0.000000 
-0.012210 -0.000000 
1.247776 -0.000000 
-1.257597 0.000000 
0.369168 -0.000000 
-0.359094 0.000000 
0.226709 0.000000 
-0.092801 0.000000 
-0.475915 0.000000 
0.338204 -0.000000 
-0.916006 0.000000 
-0.062164 0.000000 
0.548895 -0.000000 
-0.683584 -0.000000 
0.163312 0.000000 
0.269378 0.000000 
-0.433764 0.000000 
-0.411612 0.000000 
-0.475269 -0.000000 
-0.032032 0.000000 
-0.896831 0.000000 
-0.490609 0.000000 
-0.216515 0.000000 
0.162454 -0.000000 
-0.771535 0.000000 
0.524393 -0.000000 
-0.048557 -0.000000 
1.044590 0.000000 
-0.207168 0.000000 
-0.045684 -0.000000 
0.789659 -0.000000 
-1.698035 -0.000000 
0.406114 -0.000000 
0.517838 -0.000000 
0.313524 0.000000 
-0.026634 0.000000 
-0.219994 -0.000000 
0.213829 0.000000 
0.502646 0.000000 
0.091132 0.000000 
-0.293278 0.000000 
0.259124 -0.000000 
-0.722131 0.000000 
-0.299258 -0.000000 
-0.741637 0.000000 
-0.512411 0.000000 
0.645475 -0.000000 
-0.374081 0.000000 
-0.881251 0.000000 
-0.428635 0.000000 
-0.073745 -0.000000 
0.086377 -0.000000 
-0.532979 0.000000 
0.556075 0.000000 
-0.248461 -0.000000 
0.641492 0.000000 
0.532008 0.000000 
0.879025 0.000000 
0.733367 0.000000 
-0.209518 -0.000000 
0.488577 -0.000000 
-0.002091 -0.000000 
-0.312850 0.000000 
0.186985 -0.000000 
-0.492251 0.000000 
-0.201576 -0.000000 
-0.935235 0.000000 
-0.484655 -0.000000 
-0.060808 0.000000 
-0.708118 0.000000 
-0.286700 0.000000 
0.711477 0.000000 
0.815816 0.000000 
0.588065 -0.000000 
-0.281754 -0.000000 
0.863260 0.000000 
0.435612 0.000000 
0.035159 0.000000 
-0.879396 0.000000 
0.236205 0.000000 
-0.093231 -0.000000 
-0.173512 -0.000000 
-0.831250 0.000000 
-0.419643 0.000000 
-0.353489 0.000000 
0.498654 0.000000 
0.306181 0.000000 
-0.407642 0.000000 
-0.025692 -0.000000 
-0.091752 -0.000000 
0.815524 -0.000000 
-0.236914 0.000000 
0.818109 0.000000 
-0.769584 0.000000 
-0.763830 0.000000 
-0.310534 0.000000 
-0.211802 -0.000000 
-0.564879 0.000000 
-0.015810 -0.000000 
0.033896 -0.000000 
0.069220 0.000000 
0.309285 -0.000000 
-0.291019 0.000000 
0.492097 0.000000 
0.193300 -0.000000 
-0.446354 0.000000 
0.129770 0.000000 
0.014505 0.000000 
-0.614705 -0.000000 
0.083937 0.000000 
-0.035827 0.000000 
0.367382 0.000000 
0.180932 0.000000 
0.754622 0.000000 
-0.547668 0.000000 
-0.517150 0.000000 
-0.448092 0.000000 
0.499446 0.000000 
-1.007786 0.000000 
-0.481977 0.000000 
-0.018933 0.000000 
0.007853 0.000000 
0.379429 -0.000000 
0.063089 -0.000000 
0.510494 -0.000000 
0.778431 0.000000 
0.043921 0.000000 
0.330044 0.000000 
-0.167267 0.000000 
-0.539967 0.000000 
-0.537862 -0.000000 
0.653151 -0.000000 
-0.250301 -0.000000 
0.937720 -0.000000 
-0.244345 0.000000 
-0.414723 0.000000 
0.221377 -0.000000 
0.232520 -0.000000 
0.747659 0.000000 
0.159533 -0.000000 
-0.273239 0.000000 
0.598492 0.000000 
0.310604 -0.000000 
0.308773 0.000000 
0.535835 0.000000 
-0.726273 0.000000 
-0.779656 0.000000 
0.092333 0.000000 
-0.872857 0.000000 
0.280705 -0.000000 
-0.199247 0.000000 
0.433455 0.000000 
-0.581608 0.000000 
-0.637715 -0.000000 
-0.138806 0.000000 
-0.298292 0.000000 
-0.108346 -0.000000 
-1.049941 -0.000000 
-0.853527 -0.000000 
0.192757 0.000000 
0.489063 -0.000000 
-0.371639 0.000000 
-0.985468 0.000000 
-0.003050 -0.000000 
-0.456516 0.000000 
0.391207 0.000000 
0.849615 0.000000 
0.310214 0.000000 
-0.040874 0.000000 
0.716484 0.000000 
0.454958 0.000000 
-0.292657 -0.000000 
-0.168763 0.000000 
0.155887 0.000000 
1.007560 0.000000 
-0.235087 0.000000 
-0.805430 0.000000 
0.124688 0.000000 
0.220800 0.000000 
0.189159 0.000000 
0.070800 0.000000 
0.769746 -0.000000 
-1.303007 0.000000 
-0.031814 0.000000 
0.252596 -0.000000 
0.757462 0.000000 
0.445923 0.000000 
-0.759166 0.000000 
0.016710 0.000000 
-0.076914 0.000000 
-0.855699 0.000000 
0.297928 0.000000 
0.712026 -0.000000 
0.385505 0.000000 
0.945202 -0.000000 
0.308260 0.000000 
-1.102170 0.000000 
-0.578066 0.000000 
0.227548 0.000000 
0.671045 0.000000 
-0.021114 0.000000 
-0.255293 -0.000000 
0.162520 0.000000 
-0.052878 0.000000 
-0.600123 0.000000 
-0.669297 0.000000 
-0.344267 0.000000 
-0.364561 0.000000 
0.133182 -0.000000 
-0.221451 0.000000 
0.151250 0.000000 
-0.153798 -0.000000 
-1.008206 -0.000000 
0.420211 -0.000000 
-0.498521 0.000000 
0.954092 -0.000000 
0.092796 0.000000 
0.558954 0.000000 
0.489719 0.000000 
0.785195 -0.000000 
0.194644 0.000000 
-0.549741 0.000000 
0.037705 -0.000000 
-0.760685 0.000000 
-0.599439 0.000000 
0.110189 -0.000000 
0.172163 0.000000 
-0.136666 0.000000 
0.871583 0.000000 
0.159070 -0.000000 
-0.147747 0.000000 
0.191850 -0.000000 
0.268028 -0.000000 
0.636545 0.000000 
-0.677982 0.000000 
-0.254285 0.000000 
0.398756 -0.000000 
0.088234 0.000000 
0.165912 0.000000 
-0.555538 0.000000 
0.013565 -0.000000 
-0.345073 0.000000 
-0.615950 0.000000 
0.343881 -0.000000 
-1.062165 0.000000 
0.024468 0.000000 
-0.029596 -0.000000 
-0.367292 0.000000 
0.387347 0.000000 
-0.153549 0.000000 
0.423325 0.000000 
-0.659985 -0.000000 
-0.243103 0.000000 
0.128202 0.000000 
-0.356574 0.000000 
0.133467 0.000000 
-0.838822 -0.000000 
-0.052985 0.000000 
-0.401559 -0.000000 
-0.043265 0.000000 
-0.747288 -0.000000 
-0.004022 -0.000000 
-0.160132 0.000000 
0.620712 0.000000 
-0.192396 -0.000000 
-0.396383 -0.000000 
-0.768994 -0.000000 
0.132994 0.000000 
0.368155 -0.000000 
-0.297353 0.000000 
-0.184098 0.000000 
-0.046333 0.000000 
-0.000002 -0.000000 
-0.166635 0.000000 
0.215844 0.000000 
0.113727 -0.000000 
-0.268083 -0.000000 
-0.089788 0.000000 
0.137398 0.000000 
-0.223574 0.000000 
-0.077576 -0.000000 
-0.830946 -0.000000 
-0.005800 -0.000000 
-0.689262 0.000000 
-0.662589 0.000000 
0.160698 0.000000 
-0.053656 -0.000000 
0.620204 -0.000000 
-0.022556 -0.000000 
0.207271 0.000000 
-0.854146 0.000000 
0.163990 0.000000 
-0.675787 0.000000 
-0.461802 0.000000 
0.444361 -0.000000 
0.649860 0.000000 
0.072323 0.000000 
-0.070643 0.000000 
-0.238134 0.000000 
0.581756 0.000000 
0.295412 -0.000000 
0.615243 0.000000 
-0.302944 0.000000 
0.591874 -0.000000 
0.331371 0.000000 
0.406834 0.000000 
-0.469396 0.000000 
0.822811 -0.000000 
0.050519 -0.000000 
-0.218141 0.000000 
-0.114751 -0.000000 
0.714946 0.000000 
-0.211402 0.000000 
1.358889 -0.000000 
0.052555 0.000000 
1.008739 0.000000 
0.658445 -0.000000 
-0.026141 0.000000 
0.360818 -0.000000 
0.443656 0.000000 
0.160237 0.000000 
0.511291 0.000000 
0.425720 0.000000 
0.568500 -0.000000 
-0.408721 -0.000000 
0.422561 0.000000 
0.427691 0.000000 
-0.142251 -0.000000 
-0.042638 0.000000 
0.002140 0.000000 
-0.139710 0.000000 
-0.471334 0.000000 
-0.225943 -0.000000 
-0.048611 -0.000000 
-1.119143 -0.000000 
0.155683 0.000000 
0.357255 0.000000 
0.040033 0.000000 
0.165724 -0.000000 
0.927681 0.000000 
1.004881 0.000000 
0.534866 0.000000 
-0.108285 0.000000 
0.313000 0.000000 
0.175875 -0.000000 
0.182894 -0.000000 
-0.054082 0.000000 
0.659706 0.000000 
-0.702918 0.000000 
-0.389217 0.000000 
0.001159 0.000000 
-0.035165 -0.000000 
0.536333 0.000000 
-0.413045 -0.000000 
-0.129109 0.000000 
-0.046167 -0.000000 
0.707012 0.000000 
0.097113 -0.000000 
0.047019 -0.000000 
-0.518924 0.000000 
-0.248046 0.000000 
0.668947 0.000000 
-0.674533 0.000000 
0.365624 0.000000 
-0.568801 0.000000 
0.091748 0.000000 
0.538592 -0.000000 
-0.427856 -0.000000 
-0.791813 0.000000 
0.320653 0.000000 
0.514184 0.000000 
-0.353690 -0.000000 
-0.669738 0.000000 
0.172985 0.000000 
0.666714 0.000000 
0.209800 0.000000 
-0.044140 0.000000 
0.538749 -0.000000 
-0.222679 -0.000000 
-0.353598 0.000000 
0.216137 0.000000 
-0.134225 0.000000 
-0.282989 0.000000 
0.324407 -0.000000 
-0.447982 0.000000 
0.024177 0.000000 
0.486229 0.000000 
0.031185 -0.000000 
0.195956 0.000000 
0.346709 0.000000 
-0.442135 -0.000000 
-0.626048 0.000000 
-0.220902 0.000000 
0.711860 0.000000 
0.149466 0.000000 
-0.133607 -0.000000 
0.391702 -0.000000 
-0.067106 0.000000 
-0.647267 0.000000 
0.923597 -0.000000 
0.286584 -0.000000 
-0.124099 0.000000 
-0.200890 0.000000 
0.517439 0.000000 
0.522428 0.000000 
0.263757 0.000000 
0.365282 0.000000 
0.949907 -0.000000 
-0.223937 0.000000 
-0.721812 0.000000 
-0.086697 -0.000000 
0.936639 0.000000 
-0.295483 0.000000 
0.765352 0.000000 
0.672902 -0.000000 
-0.129533 0.000000 
-0.201002 -0.000000 
0.038583 0.000000 
-0.450309 0.000000 
-0.014406 -0.000000 
0.191551 0.000000 
-0.644074 0.000000 
0.201673 0.000000 
0.498155 0.000000 
0.227659 0.000000 
0.549222 0.000000 
-0.889852 -0.000000 
-1.448427 -0.000000 
0.258429 0.000000 
-0.014970 -0.000000 
0.065443 0.000000 
0.185308 0.000000 
-0.768275 -0.000000 
0.121381 -0.000000 
0.253672 0.000000 
-0.293505 0.000000 
-1.123687 0.000000 
0.208980 0.000000 
0.337432 0.000000 
0.809783 0.000000 
-0.987356 0.000000 
0.488949 0.000000 
-0.045950 0.000000 
0.062852 0.000000 
-0.183368 0.000000 
-0.986432 -0.000000 
0.011058 0.000000 
0.992645 0.000000 
0.405431 0.000000 
-0.362802 0.000000 
-0.233622 0.000000 
-0.205789 0.000000 
-0.481288 -0.000000 
0.587952 -0.000000 
-1.120718 0.000000 
0.053981 -0.000000 
-0.018009 0.000000 
0.088911 0.000000 
