-1.846614 1.846614 
0.000000 0.500000 -0.034123 
0.000000 0.000000 0.000000 

0.133995 0.000000 
-0.313901 0.000000 
0.527086 0.000000 
0.556222 0.000000 
0.092873 -0.000000 
0.225737 0.000000 
0.247854 0.000000 
0.169985 -0.000000 
0.514836 0.000000 
-0.090485 -0.000000 
-1.536879 0.000000 
1.000397 0.000000 
-0.771659 -0.000000 
-0.344732 -0.000000 
-0.052149 0.000000 
-0.127125 0.000000 
-0.203268 0.000000 
-0.930410 0.000000 
0.315398 -0.000000 
0.091639 0.000000 
0.436565 0.000000 
0.373561 0.000000 
-0.272335 0.000000 
0.116807 0.000000 
0.470969 0.000000 
-1.470293 -0.000000 
0.049582 0.000000 
-0.524732 -0.000000 
0.269712 0.000000 
-0.116459 0.000000 
0.187408 -0.000000 
-0.052329 0.000000 
-0.362337 0.000000 
0.152135 -0.000000 
0.691160 0.000000 
-0.670167 -0.000000 
0.765656 -0.000000 
-0.392786 0.000000 
0.046541 -0.000000 
1.114131 -0.000000 
1.352347 0.000000 
0.124413 0.000000 
0.799317 0.000000 
-0.876333 -0.000000 
0.388935 0.000000 
-0.349721 0.000000 
0.427342 -0.000000 
0.411270 0.000000 
-0.515507 -0.000000 
-0.029066 0.000000 
-0.672696 -0.000000 
0.554749 0.000000 
0.427498 -0.000000 
-1.116987 0.000000 
-0.188647 0.000000 
-0.220702 -0.000000 
-0.641310 -0.000000 
-0.048359 0.000000 
-0.946931 0.000000 
0.353626 -0.000000 
-0.012451 0.000000 
-0.579085 -0.000000 
0.681660 0.000000 
-0.923468 -0.000000 
0.466123 -0.000000 
0.186746 0.000000 
0.253134 0.000000 
0.367525 -0.000000 
-0.161880 0.000000 
0.187843 -0.000000 
-1.846614 0.000000 
0.186275 0.000000 
0.139448 -0.000000 
0.506496 -0.000000 
0.150993 0.000000 
0.489551 -0.000000 
-0.016993 0.000000 
-0.931568 0.000000 
-0.329795 0.000000 
0.162521 -0.000000 
0.007964 0.000000 
-0.497956 0.000000 
0.204797 0.000000 
0.256074 0.000000 
-0.516984 0.000000 
-0.137953 -0.000000 
0.565733 0.000000 
-0.145552 0.000000 
0.006912 0.000000 
-0.732013 0.000000 
-0.024098 -0.000000 
0.572255 0.000000 
0.237958 -0.000000 
-0.489591 -0.000000 
0.127260 0.000000 
0.225877 0.000000 
-0.311393 0.000000 
-0.189464 -0.000000 
-0.208059 -0.000000 
-0.081847 0.000000 
0.476512 0.000000 
0.573421 -0.000000 
0.687677 0.000000 
-0.192288 0.000000 
0.089079 0.000000 
0.374106 0.000000 
-0.456489 0.000000 
-0.758954 -0.000000 
0.210775 0.000000 
-0.260477 -0.000000 
0.054811 0.000000 
-0.500723 0.000000 
0.016636 0.000000 
-0.358613 0.000000 
-0.254100 0.000000 
0.338266 0.000000 
-0.020740 -0.000000 
0.798450 0.000000 
-0.424916 0.000000 
-0.989773 0.000000 
-0.163051 0.000000 
-0.114407 -0.000000 
-0.099319 0.000000 
0.978545 -0.000000 
0.283661 -0.000000 
-0.530107 0.000000 
-0.649711 0.000000 
-0.451946 -0.000000 
0.327533 0.000000 
-0.734784 -0.000000 
-0.654161 0.000000 
0.210544 -0.000000 
0.078346 -0.000000 
0.785796 0.000000 
-0.205273 0.000000 
-0.292424 0.000000 
-0.357838 0.000000 
0.382045 -0.000000 
-0.311873 0.000000 
0.154612 0.000000 
-0.267861 -0.000000 
0.105986 0.000000 
-0.192177 -0.000000 
-0.113123 0.000000 
-0.542564 0.000000 
-0.003688 0.000000 
0.543269 -0.000000 
0.649368 0.000000 
0.476004 0.000000 
0.432443 0.000000 
-0.139295 0.000000 
0.377717 0.000000 
-0.570140 0.000000 
-0.407138 0.000000 
0.809982 0.000000 
0.288134 0.000000 
0.234970 -0.000000 
-0.116590 0.000000 
-0.317021 -0.000000 
0.085481 -0.000000 
0.887934 -0.000000 
-0.359722 0.000000 
0.280651 0.000000 
-0.607873 -0.000000 
0.052914 0.000000 
0.491746 0.000000 
0.425643 0.000000 
0.324177 0.000000 
0.419018 -0.000000 
-0.276372 0.000000 
-0.687422 -0.000000 
-0.289050 0.000000 
-0.207211 -0.000000 
-1.242902 0.000000 
0.121481 0.000000 
-1.052830 -0.000000 
-0.376890 0.000000 
0.150136 0.000000 
0.266034 0.000000 
-0.138250 0.000000 
-0.677919 0.000000 
-0.134501 0.000000 
0.057842 0.000000 
0.788487 -0.000000 
-1.101174 0.000000 
-0.531322 0.000000 
-0.010983 0.000000 
0.335043 0.000000 
-0.197805 -0.000000 
-0.468114 0.000000 
0.434186 -0.000000 
-0.460679 0.000000 
-0.563113 0.000000 
0.343077 0.000000 
-0.288887 -0.000000 
-0.043905 0.000000 
-0.730692 0.000000 
0.590255 0.000000 
-0.489042 -0.000000 
-0.160712 0.000000 
0.042973 -0.000000 
0.096474 0.000000 
0.612296 0.000000 
0.001488 -0.000000 
0.134743 0.000000 
-0.371823 0.000000 
-0.147577 0.000000 
-0.266022 -0.000000 
0.290385 -0.000000 
0.676550 0.000000 
-0.162670 0.000000 
-0.295815 0.000000 
-0.693069 -0.000000 
-0.444707 -0.000000 
0.236675 0.000000 
-0.786222 -0.000000 
-0.273179 -0.000000 
-0.318671 0.000000 
-1.006295 0.000000 
-0.036164 0.000000 
0.410708 -0.000000 
-0.385254 0.000000 
-0.742169 -0.000000 
0.013774 0.000000 
-0.419486 0.000000 
-0.469017 0.000000 
0.211360 -0.000000 
0.241520 -0.000000 
0.791325 -0.000000 
-0.039316 0.000000 
0.363830 0.000000 
1.236916 0.000000 
-0.202312 -0.000000 
-0.253717 -0.000000 
-0.467017 -0.000000 
-0.185251 0.000000 
-0.181392 0.000000 
-0.780083 0.000000 
-0.018466 0.000000 
0.085801 0.000000 
-0.744797 0.000000 
0.112473 -0.000000 
0.157101 -0.000000 
-0.749869 0.000000 
-0.408441 -0.000000 
-0.158955 0.000000 
0.070028 0.000000 
-0.319491 -0.000000 
-0.265727 0.000000 
0.817914 0.000000 
0.244412 -0.000000 
-0.784072 0.000000 
-0.707972 0.000000 
-0.756331 0.000000 
0.197141 0.000000 
-0.638213 -0.000000 
-0.206679 0.000000 
-0.274454 0.000000 
-0.155034 -0.000000 
0.043727 0.000000 
-0.139815 0.000000 
-0.026691 0.000000 
-0.292986 0.000000 
0.171941 -0.000000 
-0.099622 0.000000 
-0.535064 0.000000 
-0.443798 -0.000000 
0.799659 0.000000 
0.564874 -0.000000 
-0.085820 0.000000 
-0.275907 0.000000 
0.572421 -0.000000 
0.158401 0.000000 
-0.016033 0.000000 
-0.611346 -0.000000 
-0.382679 0.000000 
-0.095620 -0.000000 
-0.573231 0.000000 
-0.429695 -0.000000 
0.127323 0.000000 
-0.675097 0.000000 
-0.119280 0.000000 
0.195047 -0.000000 
0.563874 0.000000 
0.975504 0.000000 
0.201159 0.000000 
0.092706 0.000000 
0.852458 0.000000 
0.452901 -0.000000 
0.781610 0.000000 
0.332832 -0.000000 
-0.587567 0.000000 
0.318242 0.000000 
-0.519560 0.000000 
-0.100354 0.000000 
-0.385687 0.000000 
0.501913 -0.000000 
-0.218840 0.000000 
0.062920 -0.000000 
0.235369 -0.000000 
0.274440 0.000000 
-0.607379 0.000000 
-0.247028 0.000000 
-0.500250 -0.000000 
0.109077 0.000000 
0.340329 0.000000 
0.440061 0.000000 
-0.417571 -0.000000 
0.061817 -0.000000 
0.232470 0.000000 
-0.086508 0.000000 
-0.698520 0.000000 
0.199425 -0.000000 
0.163223 0.000000 
-0.489339 -0.000000 
0.062793 0.000000 
-1.144691 0.000000 
0.056448 0.000000 
-0.126461 0.000000 
-0.066528 0.000000 
0.529521 -0.000000 
-0.807840 -0.000000 
0.260806 0.000000 
-0.537142 -0.000000 
-0.502546 0.000000 
-0.024669 0.000000 
0.295746 0.000000 
0.553961 0.000000 
-0.480087 0.000000 
-0.357058 0.000000 
0.774993 -0.000000 
0.133065 0.000000 
-0.199420 -0.000000 
0.518159 0.000000 
-0.649056 -0.000000 
0.260217 0.000000 
-0.030576 0.000000 
-0.237272 -0.000000 
0.365619 0.000000 
0.077523 -0.000000 
-0.699488 0.000000 
-0.126133 0.000000 
-0.141112 -0.000000 
0.076737 0.000000 
-0.491382 0.000000 
0.269458 -0.000000 
-0.414376 -0.000000 
0.506609 -0.000000 
-0.037481 0.000000 
0.755344 0.000000 
-0.213127 0.000000 
0.287759 0.000000 
0.594848 -0.000000 
0.260246 0.000000 
-0.036046 0.000000 
0.132236 0.000000 
-0.515680 0.000000 
-0.593428 0.000000 
0.780923 0.000000 
-0.218451 0.000000 
-0.373187 0.000000 
-0.488902 0.000000 
-0.073347 0.000000 
-0.664844 0.000000 
0.365253 -0.000000 
0.061019 0.000000 
-0.015788 -0.000000 
0.241514 -0.000000 
-0.053179 0.000000 
-0.599328 0.000000 
0.141865 0.000000 
0.207341 -0.000000 
-0.002293 0.000000 
0.197785 0.000000 
-0.303128 0.000000 
-0.524986 0.000000 
0.262622 0.000000 
-0.276218 -0.000000 
0.117673 -0.000000 
-0.031930 0.000000 
0.214299 0.000000 
-0.234199 0.000000 
-0.504716 -0.000000 
-0.196050 -0.000000 
-0.170456 0.000000 
-0.152401 -0.000000 
0.124139 0.000000 
0.174339 0.000000 
-0.411280 0.000000 
-0.863334 0.000000 
1.025095 0.000000 
-0.108437 0.000000 
0.023483 -0.000000 
0.552126 -0.000000 
-0.054371 0.000000 
-0.303458 0.000000 
-0.894003 -0.000000 
-0.160967 0.000000 
0.087922 0.000000 
-0.211783 0.000000 
0.099883 0.000000 
-0.077653 0.000000 
-0.392828 0.000000 
0.252697 0.000000 
0.595422 0.000000 
-0.233927 0.000000 
0.891739 -0.000000 
0.358496 -0.000000 
-0.453037 0.000000 
-0.548695 0.000000 
1.113410 0.000000 
-0.207421 0.000000 
-1.192194 0.000000 
-0.695603 -0.000000 
0.047245 -0.000000 
-0.143189 0.000000 
0.697943 0.000000 
0.015033 0.000000 
0.063918 0.000000 
-0.844151 0.000000 
-1.489807 0.000000 
0.434251 0.000000 
0.253102 0.000000 
0.169627 0.000000 
0.405589 0.000000 
-0.246019 0.000000 
-0.151170 0.000000 
-0.418799 0.000000 
-0.502736 0.000000 
0.384156 0.000000 
0.029833 0.000000 
-0.915917 -0.000000 
0.328577 0.000000 
-0.104814 0.000000 
-0.643178 0.000000 
-0.883677 0.000000 
0.601530 -0.000000 
0.463957 -0.000000 
-0.929199 0.000000 
-0.577594 0.000000 
0.198368 0.000000 
0.722030 0.000000 
-0.531650 0.000000 
-0.617642 0.000000 
0.569237 0.000000 
-0.536999 -0.000000 
-0.383416 0.000000 
-0.910631 -0.000000 
-1.204126 0.000000 
0.123457 0.000000 
0.661210 0.000000 
-0.131812 -0.000000 
-0.279007 -0.000000 
0.211617 0.000000 
-0.089813 0.000000 
-0.098621 0.000000 
-0.198085 -0.000000 
-0.022694 0.000000 
-0.168539 -0.000000 
0.107671 0.000000 
0.483884 0.000000 
0.499177 -0.000000 
0.129984 0.000000 
0.445498 0.000000 
0.011503 -0.000000 
0.154965 0.000000 
0.056687 0.000000 
-0.586081 0.000000 
-0.453671 -0.000000 
-0.030034 0.000000 
-0.518603 0.000000 
0.659385 0.000000 
-0.322368 0.000000 
0.121320 0.000000 
0.005873 -0.000000 
0.243499 -0.000000 
-0.518876 0.000000 
-0.305446 0.000000 
-0.260342 -0.000000 
0.452464 0.000000 
-0.473303 0.000000 
0.304872 -0.000000 
0.376985 0.000000 
0.270168 0.000000 
-0.739692 -0.000000 
0.111042 -0.000000 
-0.059631 -0.000000 
0.867304 0.000000 
0.335662 -0.000000 
-0.156288 -0.000000 
0.186849 0.000000 
0.025634 0.000000 
0.381792 -0.000000 
-0.299597 0.000000 
0.439602 0.000000 
-0.116535 -0.000000 
0.295199 0.000000 
-0.259060 -0.000000 
-0.211171 -0.000000 
0.958204 0.000000 
0.327822 0.000000 
-0.333661 0.000000 
0.269991 0.000000 
0.261065 0.000000 
-0.316293 0.000000 
0.892945 0.000000 
-0.237498 -0.000000 
0.488594 -0.000000 
0.485027 0.000000 
0.237483 -0.000000 
0.876540 -0.000000 
0.360082 0.000000 
0.780878 0.000000 
0.158582 -0.000000 
-1.393073 -0.000000 
-0.821448 -0.000000 
0.089323 0.000000 
0.369158 0.000000 
0.337596 0.000000 
-0.764029 -0.000000 
0.360815 0.000000 
-0.543793 0.000000 
0.513209 0.000000 
-0.136970 0.000000 
-0.528835 0.000000 
-0.217478 0.000000 
-0.043248 0.000000 
0.036725 0.000000 
0.076810 0.000000 
0.301604 0.000000 
-0.027466 0.000000 
-0.543125 -0.000000 
1.501735 0.000000 
-0.120014 0.000000 
-0.269451 0.000000 
-0.153499 0.000000 
-0.722015 0.000000 
-0.117466 -0.000000 
0.404879 0.000000 
-0.222502 0.000000 
0.765374 0.000000 
-0.640141 0.000000 
-0.050298 0.000000 
0.118671 0.000000 
-0.296590 -0.000000 
0.836104 0.000000 
-0.538638 0.000000 
-0.206701 0.000000 
-0.476984 0.000000 
-0.211311 0.000000 
0.340268 -0.000000 
-0.168074 0.000000 
-0.349661 0.000000 
-0.029097 0.000000 
-0.050924 -0.000000 
0.052671 0.000000 
0.471001 0.000000 
0.361886 0.000000 
-0.397021 0.000000 
-0.071127 0.000000 
-0.076288 0.000000 
-0.358449 0.000000 
-1.261262 -0.000000 
-0.289213 0.000000 
-0.209343 0.000000 
-0.308249 0.000000 
-0.503415 0.000000 
0.432163 0.000000 
0.435533 0.000000 
0.086031 0.000000 
-0.530660 -0.000000 
0.226108 -0.000000 
-0.262191 0.000000 
-0.024889 0.000000 
-0.060554 0.000000 
0.403955 0.000000 
0.287076 -0.000000 
-0.776668 -0.000000 
-0.615943 0.000000 
0.111221 -0.000000 
0.576511 0.000000 
-0.168667 -0.000000 
-1.046166 -0.000000 
0.111578 -0.000000 
0.155061 0.000000 
-0.710354 -0.000000 
-0.297334 0.000000 
0.146906 0.000000 
0.325587 -0.000000 
-0.119301 -0.000000 
-0.009759 0.000000 
0.433590 -0.000000 
0.298416 -0.000000 
-1.139769 0.000000 
0.253839 0.000000 
-0.747164 0.000000 
0.545778 0.000000 
0.140686 -0.000000 
0.011756 -0.000000 
0.108577 0.000000 
0.470034 -0.000000 
0.485588 -0.000000 
-0.760576 0.000000 
-0.068900 0.000000 
-0.383533 0.000000 
0.115519 0.000000 
0.363188 0.000000 
0.298157 -0.000000 
-0.278698 0.000000 
-0.080821 0.000000 
-0.201576 0.000000 
-0.737048 -0.000000 
0.479641 0.000000 
0.208873 0.000000 
-0.062020 -0.000000 
-0.024020 0.000000 
-0.403165 0.000000 
0.073180 0.000000 
1.148276 0.000000 
0.017116 0.000000 
0.017906 0.000000 
-0.033549 0.000000 
-0.307346 0.000000 
0.357959 -0.000000 
-0.186651 0.000000 
0.653456 0.000000 
-0.167724 0.000000 
-0.084051 -0.000000 
-0.364487 -0.000000 
-0.087056 -0.000000 
-0.114993 0.000000 
0.521882 0.000000 
0.729959 0.000000 
-0.410528 0.000000 
-0.472235 0.000000 
-0.450547 0.000000 
-0.456659 -0.000000 
-0.152427 0.000000 
0.409544 0.000000 
0.096101 -0.000000 
-0.023694 -0.000000 
0.045138 0.000000 
-0.497062 0.000000 
-0.037254 0.000000 
-1.033267 0.000000 
0.033069 -0.000000 
1.451677 0.000000 
-0.529017 0.000000 
0.052989 0.000000 
0.050944 0.000000 
0.437659 -0.000000 
0.315171 0.000000 
-0.162981 -0.000000 
-0.137805 0.000000 
-0.046985 0.000000 
-0.386192 -0.000000 
-1.033298 0.000000 
-0.786633 0.000000 
-0.407323 -0.000000 
0.663244 -0.000000 
-0.320708 -0.000000 
-0.055339 -0.000000 
0.192346 0.000000 
-0.194751 0.000000 
-0.306250 0.000000 
-0.450491 0.000000 
-0.512477 0.000000 
0.405608 0.000000 
0.171594 -0.000000 
1.138553 0.000000 
0.134409 -0.000000 
-0.017327 0.000000 
-0.304146 0.000000 
-0.075669 0.000000 
-0.134589 0.000000 
0.027150 -0.000000 
-0.499871 0.000000 
0.194767 -0.000000 
0.199935 0.000000 
0.684527 -0.000000 
-0.808810 0.000000 
-0.789655 0.000000 
0.179549 0.000000 
-0.095448 0.000000 
0.340417 -0.000000 
-0.205375 -0.000000 
-0.062339 0.000000 
0.302023 -0.000000 
0.565725 0.000000 
-0.199456 0.000000 
-0.122281 -0.000000 
0.231704 0.000000 
0.208943 -0.000000 
-0.196079 0.000000 
0.577565 0.000000 
0.317246 0.000000 
-0.322046 0.000000 
-0.282975 0.000000 
0.006804 0.000000 
-0.237079 0.000000 
0.369569 -0.000000 
-0.325141 -0.000000 
0.481402 0.000000 
0.413191 0.000000 
0.484320 0.000000 
-0.035986 -0.000000 
0.034447 0.000000 
-0.047107 -0.000000 
0.043195 0.000000 
-0.836896 0.000000 
0.016999 0.000000 
-0.402185 -0.000000 
0.277492 -0.000000 
-0.254111 0.000000 
0.392150 0.000000 
1.158271 0.000000 
0.156347 0.000000 
0.322080 0.000000 
-0.865173 0.000000 
0.136223 -0.000000 
0.040271 0.000000 
-0.495466 0.000000 
-0.810147 -0.000000 
-0.468732 -0.000000 
-0.360938 -0.000000 
-0.805747 0.000000 
0.238188 0.000000 
0.032128 -0.000000 
-0.585152 0.000000 
0.115274 0.000000 
-0.670012 0.000000 
0.240966 0.000000 
0.439285 -0.000000 
0.456869 0.000000 
0.253445 0.000000 
-0.489563 0.000000 
-0.447412 0.000000 
0.090573 -0.000000 
0.122460 0.000000 
0.033270 0.000000 
-0.465544 0.000000 
-1.060550 0.000000 
0.151709 0.000000 
0.161965 -0.000000 
-0.054330 0.000000 
0.343653 0.000000 
-0.006198 0.000000 
0.424978 0.000000 
0.147236 0.000000 
-0.345186 0.000000 
-0.350995 0.000000 
-0.511833 0.000000 
0.933453 0.000000 
-0.033298 0.000000 
0.091824 -0.000000 
0.073994 0.000000 
-0.746370 -0.000000 
-0.234011 0.000000 
0.368609 0.000000 
-0.367677 0.000000 
-0.105244 -0.000000 
0.316606 0.000000 
0.184647 -0.000000 
-0.197661 0.000000 
0.342401 0.000000 
-0.112487 0.000000 
-0.244925 0.000000 
0.491076 -0.000000 
-0.193325 0.000000 
-0.391720 0.000000 
-0.417900 0.000000 
0.018667 -0.000000 
0.161524 0.000000 
-0.583678 0.000000 
-0.889216 -0.000000 
-0.227731 0.000000 
-0.286028 0.000000 
0.487164 0.000000 
0.191163 -0.000000 
-0.225348 0.000000 
-0.106374 0.000000 
-0.937530 -0.000000 
0.366768 0.000000 
-0.505099 0.000000 
-0.846138 0.000000 
0.453026 0.000000 
0.271610 -0.000000 
0.442943 0.000000 
0.114299 0.000000 
0.400444 0.000000 
0.031486 0.000000 
-0.368434 0.000000 
0.839453 0.000000 
0.425927 0.000000 
-0.050658 -0.000000 
-0.902676 0.000000 
-0.645633 0.000000 
0.004658 0.000000 
0.110191 0.000000 
-1.371728 0.000000 
-0.830985 0.000000 
0.782285 -0.000000 
-0.361995 0.000000 
-0.087407 -0.000000 
0.882806 0.000000 
-0.066672 -0.000000 
-0.869172 0.000000 
-0.615575 0.000000 
-0.555016 0.000000 
-0.087583 0.000000 
-0.047098 -0.000000 
0.465043 0.000000 
-0.545472 0.000000 
0.125719 0.000000 
0.527829 0.000000 
0.211692 0.000000 
0.367601 -0.000000 
-0.267638 0.000000 
0.745986 0.000000 
-0.523305 0.000000 
0.191241 0.000000 
0.974578 0.000000 
0.733070 0.000000 
-0.177081 0.000000 
-0.251471 0.000000 
-0.446765 0.000000 
0.645801 0.000000 
0.730500 -0.000000 
1.181288 0.000000 
-0.259264 0.000000 
0.419196 0.000000 
-0.610973 0.000000 
0.352844 -0.000000 
-0.351564 0.000000 
-0.664180 -0.000000 
-0.107326 0.000000 
-0.035562 0.000000 
0.220771 0.000000 
-0.184823 0.000000 
0.582717 0.000000 
-0.489866 -0.000000 
-0.297332 -0.000000 
0.167966 -0.000000 
-0.353919 0.000000 
0.714943 -0.000000 
0.856574 0.000000 
-0.353114 0.000000 
-0.255896 0.000000 
-0.699938 -0.000000 
0.969400 0.000000 
-0.084294 0.000000 
0.575086 0.000000 
0.166674 0.000000 
-0.436144 0.000000 
0.137215 0.000000 
-0.266725 -0.000000 
-0.070983 -0.000000 
-0.558884 0.000000 
-0.202022 0.000000 
0.156793 -0.000000 
-0.841247 -0.000000 
-0.058709 -0.000000 
-0.128068 0.000000 
-0.028253 0.000000 
0.653264 0.000000 
0.262330 0.000000 
0.015298 0.000000 
-0.357280 -0.000000 
0.955269 0.000000 
-0.057148 0.000000 
-0.201418 -0.000000 
-0.013742 0.000000 
0.421153 -0.000000 
0.744011 -0.000000 
-0.230412 0.000000 
-0.675862 -0.000000 
-0.398120 -0.000000 
0.040395 0.000000 
0.462563 -0.000000 
-0.798242 0.000000 
1.118379 -0.000000 
0.825493 -0.000000 
0.614402 0.000000 
0.119390 0.000000 
1.227609 -0.000000 
-0.458064 -0.000000 
0.028564 -0.000000 
0.860086 0.000000 
0.596374 -0.000000 
-0.094434 0.000000 
0.155272 0.000000 
0.454180 -0.000000 
-0.466919 -0.000000 
-0.333509 0.000000 
0.130783 -0.000000 
0.079923 -0.000000 
0.041160 -0.000000 
-0.270389 0.000000 
-0.616381 0.000000 
-1.185871 0.000000 
0.026160 0.000000 
-0.423854 0.000000 
-0.535173 0.000000 
-0.715568 -0.000000 
0.464000 0.000000 
-0.004289 0.000000 
0.284240 0.000000 
0.255767 0.000000 
0.049140 0.000000 
1.301323 0.000000 
0.559522 0.000000 
-0.496771 0.000000 
0.927358 -0.000000 
-0.737070 -0.000000 
0.299821 -0.000000 
-0.530821 0.000000 
0.081302 0.000000 
-0.020002 0.000000 
0.050894 0.000000 
0.347699 0.000000 
0.122534 0.000000 
-0.180355 0.000000 
0.276030 0.000000 
1.236058 -0.000000 
-0.585133 0.000000 
-0.947007 0.000000 
-0.219598 0.000000 
0.405866 0.000000 
0.254051 0.000000 
-0.240415 0.000000 
0.173478 0.000000 
-0.083009 -0.000000 
0.645075 0.000000 
-0.316761 0.000000 
-0.074263 0.000000 
0.211783 0.000000 
0.306781 -0.000000 
0.360549 -0.000000 
0.143359 0.000000 
0.220233 0.000000 
0.118558 0.000000 
-0.520114 0.000000 
0.205559 0.000000 
-0.027975 -0.000000 
0.482452 0.000000 
-0.830672 0.000000 
0.178684 -0.000000 
-0.582467 0.000000 
-0.080053 -0.000000 
0.371883 0.000000 
0.071696 0.000000 
0.720320 -0.000000 
0.255414 0.000000 
0.058985 0.000000 
0.243213 0.000000 
0.318881 -0.000000 
-0.537897 0.000000 
-0.409602 0.000000 
-0.116356 0.000000 
-0.766218 0.000000 
-1.115818 0.000000 
-0.627810 0.000000 
-0.073319 0.000000 
0.270405 -0.000000 
-0.357125 0.000000 
-0.388298 0.000000 
0.290963 -0.000000 
1.235681 0.000000 
-0.297322 0.000000 
0.035356 0.000000 
0.743637 0.000000 
0.724304 0.000000 
-0.411898 -0.000000 
0.281653 0.000000 
-1.029194 -0.000000 
-0.110448 -0.000000 
-0.584778 0.000000 
-0.367429 -0.000000 
-0.243062 0.000000 
-0.963389 0.000000 
-0.130361 0.000000 
1.027939 0.000000 
-0.322078 0.000000 
-0.244394 0.000000 
-0.014860 0.000000 
-0.766273 -0.000000 
0.933898 0.000000 
-0.191146 0.000000 
-0.932736 0.000000 
0.513206 -0.000000 
0.227109 0.000000 
0.772926 -0.000000 
0.019207 0.000000 
0.426843 0.000000 
0.025836 0.000000 
1.015892 0.000000 
-0.281049 0.000000 
-0.128094 0.000000 
-0.229740 -0.000000 
0.720688 0.000000 
0.670884 0.000000 
-0.406002 0.000000 
-0.246017 0.000000 
-0.801375 0.000000 
-0.878257 0.000000 
-0.345827 0.000000 
-0.772195 0.000000 
0.147926 0.000000 
0.404670 0.000000 
0.035122 0.000000 
0.435441 0.000000 
0.368342 -0.000000 
-0.434643 0.000000 
-0.979719 0.000000 
0.645162 -0.000000 
-0.303788 0.000000 
-0.280709 0.000000 
-1.033532 -0.000000 
-0.179845 -0.000000 
0.472631 0.000000 
0.020853 0.000000 
1.099604 0.000000 
-0.031579 0.000000 
-0.237485 0.000000 
