-2.125454 2.125454 
0.000000 0.500000 -0.002538 
0.000000 0.000000 0.000000 

-0.584894 0.000000 
0.183808 0.000000 
0.560973 0.000000 
-0.170427 0.000000 
0.422034 0.000000 
1.014127 0.000000 
0.098973 -0.000000 
0.075644 0.000000 
-0.112058 0.000000 
0.244647 0.000000 
-0.736428 0.000000 
-0.797643 -0.000000 
-0.368898 -0.000000 
-0.182314 0.000000 
-0.397176 0.000000 
-0.017762 -0.000000 
-0.302920 0.000000 
-0.359423 -0.000000 
-0.103599 0.000000 
-0.417552 -0.000000 
-0.050124 -0.000000 
0.579579 -0.000000 
-0.031799 0.000000 
-0.839754 0.000000 
0.137097 -0.000000 
0.588029 -0.000000 
-0.352449 0.000000 
0.742506 -0.000000 
0.797023 0.000000 
-0.324668 0.000000 
-0.753072 -0.000000 
-0.298824 0.000000 
-0.036591 0.000000 
0.992447 0.000000 
0.339210 0.000000 
0.064112 -0.000000 
0.025186 0.000000 
0.874529 0.000000 
-0.140994 0.000000 
-0.696006 0.000000 
0.392323 0.000000 
-0.130394 -0.000000 
0.691099 0.000000 
0.533891 -0.000000 
0.556287 -0.000000 
0.454944 -0.000000 
0.292582 0.000000 
-0.087215 0.000000 
-0.336866 0.000000 
-0.149638 -0.000000 
-0.010127 0.000000 
-0.742809 -0.000000 
0.194825 0.000000 
0.120676 0.000000 
-1.024714 0.000000 
0.131155 -0.000000 
-0.495060 -0.000000 
0.844732 0.000000 
0.270591 0.000000 
0.675012 -0.000000 
0.560985 -0.000000 
-0.346119 0.000000 
-0.007527 0.000000 
0.059228 0.000000 
0.698625 -0.000000 
-0.616401 -0.000000 
0.498170 -0.000000 
0.437539 -0.000000 
-0.474503 0.000000 
0.556541 -0.000000 
0.864233 -0.000000 
0.171294 -0.000000 
-0.210233 0.000000 
0.223742 0.000000 
-0.951301 0.000000 
0.041177 0.000000 
0.086840 0.000000 
-0.547371 0.000000 
0.318812 0.000000 
-0.390834 0.000000 
0.379009 -0.000000 
-0.406037 -0.000000 
0.467675 0.000000 
-0.553662 0.000000 
0.241228 0.000000 
-0.953663 -0.000000 
0.310930 0.000000 
-0.157166 0.000000 
0.309024 -0.000000 
0.667424 0.000000 
0.177691 0.000000 
-0.012218 0.000000 
0.658886 -0.000000 
0.214493 -0.000000 
-0.201430 0.000000 
1.018616 0.000000 
0.280328 0.000000 
0.583398 0.000000 
-0.803453 0.000000 
0.132648 0.000000 
-0.921675 -0.000000 
-0.292309 -0.000000 
-0.514472 0.000000 
-0.426422 0.000000 
-0.020474 0.000000 
-0.302992 0.000000 
-0.580222 0.000000 
-0.069522 -0.000000 
-0.303215 0.000000 
-0.446451 -0.000000 
0.061429 0.000000 
0.530634 0.000000 
0.522115 -0.000000 
-0.604076 0.000000 
-0.687891 0.000000 
0.492935 0.000000 
-1.035968 -0.000000 
0.036307 0.000000 
0.666679 0.000000 
0.488558 0.000000 
0.147957 0.000000 
0.927102 0.000000 
-0.405876 -0.000000 
-0.784046 0.000000 
-0.384990 -0.000000 
0.655744 0.000000 
0.275350 0.000000 
0.313353 -0.000000 
0.436974 0.000000 
-0.293194 0.000000 
0.695414 -0.000000 
-0.629457 0.000000 
0.266106 -0.000000 
0.136642 0.000000 
-0.078616 0.000000 
0.296237 0.000000 
-0.016602 -0.000000 
0.011471 0.000000 
-0.061286 0.000000 
-0.615782 0.000000 
-0.030004 0.000000 
-0.308615 0.000000 
0.111617 0.000000 
-0.588957 0.000000 
-0.087215 0.000000 
0.350361 0.000000 
0.119555 -0.000000 
0.105134 0.000000 
-0.125514 0.000000 
0.026549 0.000000 
0.704560 -0.000000 
-0.430672 -0.000000 
-0.620534 0.000000 
0.083995 -0.000000 
1.059791 -0.000000 
-0.780626 0.000000 
-0.375145 0.000000 
0.117168 0.000000 
-0.355404 0.000000 
-0.232067 -0.000000 
0.306479 -0.000000 
-0.455115 0.000000 
0.025534 0.000000 
1.123869 0.000000 
0.529300 -0.000000 
0.547191 0.000000 
-0.000991 0.000000 
0.060876 0.000000 
0.211215 0.000000 
0.718334 0.000000 
-0.178143 0.000000 
0.248705 -0.000000 
-0.218077 -0.000000 
-0.000339 0.000000 
-0.225670 -0.000000 
-1.017960 0.000000 
-0.821525 -0.000000 
0.369174 -0.000000 
-0.635256 0.000000 
-0.369486 -0.000000 
-0.261445 0.000000 
-0.114739 0.000000 
-0.271870 0.000000 
0.636685 0.000000 
-0.022683 0.000000 
1.278792 0.000000 
-0.061261 0.000000 
0.153088 -0.000000 
0.294589 0.000000 
-0.390482 -0.000000 
-1.075910 0.000000 
0.549878 0.000000 
-0.019776 0.000000 
0.100159 0.000000 
0.569705 -0.000000 
-0.400579 -0.000000 
-0.116060 -0.000000 
0.215241 -0.000000 
-0.053842 0.000000 
-0.553005 0.000000 
-0.380165 0.000000 
0.226716 -0.000000 
-0.105488 0.000000 
0.218851 0.000000 
-1.192724 -0.000000 
-0.476506 0.000000 
-0.727142 0.000000 
-0.676802 0.000000 
-0.361509 -0.000000 
0.079235 -0.000000 
0.244651 -0.000000 
0.711180 0.000000 
-0.410102 0.000000 
0.128250 -0.000000 
-0.618947 0.000000 
-0.024118 -0.000000 
-0.435987 0.000000 
0.491586 0.000000 
1.547372 0.000000 
-0.436047 0.000000 
0.612732 0.000000 
0.812888 0.000000 
0.480717 0.000000 
-0.310323 0.000000 
1.280836 0.000000 
0.313316 0.000000 
-0.763024 -0.000000 
0.172219 -0.000000 
-0.514239 0.000000 
-0.419340 0.000000 
-0.431492 0.000000 
0.466251 0.000000 
-0.949117 0.000000 
1.497018 0.000000 
0.020091 0.000000 
-0.109357 -0.000000 
0.699658 0.000000 
-0.214991 -0.000000 
0.615876 -0.000000 
0.335550 0.000000 
-0.230358 0.000000 
0.089808 -0.000000 
-0.163365 0.000000 
-0.657095 0.000000 
-0.079750 0.000000 
0.548860 0.000000 
0.208295 -0.000000 
-0.264225 -0.000000 
0.809887 0.000000 
0.365654 -0.000000 
-0.031511 0.000000 
0.405148 -0.000000 
-0.761354 0.000000 
-0.337404 -0.000000 
0.795282 0.000000 
-0.303344 -0.000000 
0.821392 0.000000 
-0.301354 -0.000000 
0.267778 0.000000 
0.454187 0.000000 
0.106433 0.000000 
0.382811 0.000000 
-0.532356 0.000000 
0.631465 -0.000000 
0.040232 -0.000000 
0.381304 0.000000 
-0.605748 0.000000 
0.068029 0.000000 
-0.432925 -0.000000 
0.337925 0.000000 
0.496539 0.000000 
0.648607 -0.000000 
-0.008303 -0.000000 
0.934372 0.000000 
0.273113 0.000000 
-0.097805 0.000000 
-0.227756 0.000000 
0.345759 -0.000000 
-0.028042 0.000000 
-0.311761 0.000000 
-0.837608 -0.000000 
0.407868 0.000000 
0.799256 0.000000 
-0.167378 0.000000 
0.464595 0.000000 
-0.217939 -0.000000 
-0.440355 -0.000000 
-0.529799 0.000000 
0.159099 -0.000000 
0.020686 -0.000000 
0.564406 0.000000 
0.001362 0.000000 
0.137698 0.000000 
-0.262596 0.000000 
-0.380555 0.000000 
-0.448303 -0.000000 
-0.386521 0.000000 
-0.580321 0.000000 
0.318830 -0.000000 
0.129372 -0.000000 
-0.221524 0.000000 
0.231704 0.000000 
0.146989 0.000000 
0.370694 -0.000000 
-0.412009 0.000000 
0.612386 0.000000 
-1.050899 0.000000 
-0.842669 0.000000 
0.226849 0.000000 
1.178825 0.000000 
-1.112539 0.000000 
0.199432 0.000000 
-0.152880 -0.000000 
-0.204015 0.000000 
-0.419122 0.000000 
0.247350 -0.000000 
-0.579048 0.000000 
-0.542096 0.000000 
0.015282 0.000000 
0.118865 0.000000 
-0.392192 0.000000 
0.113756 0.000000 
0.859937 0.000000 
0.167082 -0.000000 
-0.572680 0.000000 
0.223953 -0.000000 
-0.194408 0.000000 
-0.000229 0.000000 
0.156922 0.000000 
0.611095 0.000000 
-0.150289 0.000000 
-1.271603 -0.000000 
0.900275 -0.000000 
0.162007 0.000000 
-1.158773 0.000000 
-0.394211 -0.000000 
-0.522759 0.000000 
-0.536691 0.000000 
0.253014 -0.000000 
0.255996 -0.000000 
0.242401 0.000000 
-0.488625 -0.000000 
-0.088911 0.000000 
0.542400 0.000000 
0.851095 -0.000000 
0.169594 0.000000 
0.063140 0.000000 
0.007562 0.000000 
-0.030594 0.000000 
0.136654 -0.000000 
-0.509440 -0.000000 
0.027328 0.000000 
-0.210234 0.000000 
-0.113377 -0.000000 
0.084913 0.000000 
0.281599 0.000000 
-0.210469 -0.000000 
-0.703595 -0.000000 
0.561746 0.000000 
-0.035735 0.000000 
-0.797523 0.000000 
0.824312 0.000000 
0.112079 0.000000 
0.544581 0.000000 
-0.118262 0.000000 
0.831255 0.000000 
-0.749543 -0.000000 
-0.685403 0.000000 
-0.162913 -0.000000 
-0.325452 0.000000 
-0.040113 0.000000 
-0.456794 0.000000 
0.378308 0.000000 
-0.747436 -0.000000 
-0.373274 -0.000000 
0.365696 -0.000000 
0.927338 -0.000000 
-0.337272 0.000000 
0.775815 -0.000000 
-0.598664 0.000000 
-0.600169 0.000000 
0.513416 0.000000 
0.606372 0.000000 
0.025988 0.000000 
-0.232564 0.000000 
-0.334584 0.000000 
0.307323 0.000000 
0.352443 -0.000000 
0.562101 0.000000 
0.179554 -0.000000 
-0.075010 0.000000 
0.554248 0.000000 
0.104326 0.000000 
-0.161426 0.000000 
-0.104186 0.000000 
-0.173781 0.000000 
0.539295 0.000000 
0.415385 0.000000 
0.339359 -0.000000 
-0.639329 0.000000 
-1.054932 0.000000 
-0.591811 -0.000000 
0.087941 0.000000 
0.754362 -0.000000 
-0.389130 0.000000 
0.371976 0.000000 
-0.142736 -0.000000 
-0.044312 0.000000 
-0.526910 0.000000 
0.111266 0.000000 
0.450454 -0.000000 
-0.126906 -0.000000 
-0.025326 -0.000000 
-0.480183 0.000000 
0.369166 0.000000 
-0.045854 -0.000000 
0.098300 -0.000000 
0.368848 -0.000000 
1.326454 0.000000 
-1.352154 0.000000 
0.021166 0.000000 
-0.515472 -0.000000 
-0.412315 0.000000 
0.566669 -0.000000 
-0.192591 0.000000 
-0.238835 0.000000 
-0.002662 0.000000 
-0.625696 0.000000 
0.724415 0.000000 
0.547943 0.000000 
0.389894 -0.000000 
0.161504 0.000000 
0.978305 0.000000 
0.307040 0.000000 
0.709346 0.000000 
0.046022 -0.000000 
-0.806412 0.000000 
0.150527 0.000000 
-1.180159 -0.000000 
0.066640 -0.000000 
-0.502166 0.000000 
-0.571004 0.000000 
-0.582927 -0.000000 
-0.627239 -0.000000 
-0.704992 0.000000 
-0.004595 0.000000 
-0.344731 -0.000000 
-0.143506 0.000000 
-0.681457 -0.000000 
-0.259885 0.000000 
-0.070002 -0.000000 
0.373453 -0.000000 
0.217486 0.000000 
-0.575631 0.000000 
-0.224288 -0.000000 
0.123286 0.000000 
-0.332616 -0.000000 
0.129186 0.000000 
0.265080 0.000000 
-0.071400 0.000000 
0.388502 0.000000 
0.459857 0.000000 
-0.363671 0.000000 
0.334753 0.000000 
0.268814 -0.000000 
-0.219263 -0.000000 
0.322213 0.000000 
-0.189097 0.000000 
-0.430144 0.000000 
0.002561 0.000000 
1.103676 0.000000 
-0.610815 0.000000 
-0.790752 0.000000 
0.152807 0.000000 
0.047346 0.000000 
-0.048393 -0.000000 
-0.063040 0.000000 
-0.269043 0.000000 
-0.624318 -0.000000 
0.122985 0.000000 
0.367600 0.000000 
-0.333016 0.000000 
-0.224824 0.000000 
-0.142133 -0.000000 
0.504792 -0.000000 
-0.344630 0.000000 
-0.051395 0.000000 
0.150799 -0.000000 
0.471974 0.000000 
-0.786964 -0.000000 
-0.010171 -0.000000 
0.013829 -0.000000 
-0.453233 0.000000 
0.213353 0.000000 
0.140341 0.000000 
0.056807 -0.000000 
-0.651835 0.000000 
-0.402965 0.000000 
-0.453484 0.000000 
0.657230 0.000000 
-0.175174 -0.000000 
0.341409 0.000000 
-0.522284 0.000000 
-0.242154 0.000000 
-0.679426 -0.000000 
-0.538125 0.000000 
0.473600 -0.000000 
-0.902319 0.000000 
-0.175939 0.000000 
0.523667 0.000000 
-0.097575 -0.000000 
0.058070 -0.000000 
-0.274706 0.000000 
-0.786798 -0.000000 
0.344579 0.000000 
0.164432 -0.000000 
-0.564310 -0.000000 
-0.450527 0.000000 
0.469740 -0.000000 
0.044682 0.000000 
-0.659087 -0.000000 
0.213458 0.000000 
-0.135017 -0.000000 
-0.249568 0.000000 
-0.407644 0.000000 
0.520830 0.000000 
-0.277092 0.000000 
0.102181 0.000000 
-0.158744 -0.000000 
0.918440 -0.000000 
0.095853 -0.000000 
0.680455 0.000000 
-0.829469 -0.000000 
0.108362 0.000000 
0.583993 0.000000 
0.018959 -0.000000 
0.114877 0.000000 
0.497227 0.000000 
-0.442530 0.000000 
-0.473442 0.000000 
-0.023275 0.000000 
0.007590 0.000000 
0.841422 -0.000000 
-0.221611 0.000000 
0.132238 0.000000 
1.103810 0.000000 
0.316176 0.000000 
0.559638 0.000000 
0.663237 0.000000 
0.124698 0.000000 
-0.362410 0.000000 
0.133860 0.000000 
-0.502677 -0.000000 
0.685946 0.000000 
0.053286 0.000000 
0.112258 0.000000 
-0.615669 0.000000 
-0.453691 0.000000 
0.324217 0.000000 
-0.040069 -0.000000 
-0.254189 0.000000 
0.049267 -0.000000 
0.646162 0.000000 
-0.554200 -0.000000 
-0.109248 -0.000000 
0.303861 0.000000 
0.258991 0.000000 
0.399390 -0.000000 
-0.045304 0.000000 
0.023507 0.000000 
-0.256725 0.000000 
0.348835 0.000000 
-0.189872 -0.000000 
-0.994513 0.000000 
-0.124543 0.000000 
0.160772 0.000000 
-0.479364 0.000000 
-0.195806 0.000000 
0.084779 -0.000000 
0.466723 -0.000000 
-0.370476 0.000000 
-0.103614 0.000000 
0.158773 -0.000000 
0.013943 0.000000 
0.489600 0.000000 
-0.453357 -0.000000 
-1.016513 0.000000 
0.892445 -0.000000 
-0.035084 0.000000 
0.677529 0.000000 
-0.368998 -0.000000 
-0.916343 0.000000 
-0.252397 -0.000000 
0.344409 0.000000 
-0.233542 0.000000 
-0.052493 -0.000000 
-0.542839 -0.000000 
0.528030 -0.000000 
0.414302 0.000000 
0.016895 0.000000 
0.063436 0.000000 
0.777233 0.000000 
-0.017103 0.000000 
0.262026 -0.000000 
0.023091 -0.000000 
0.455737 0.000000 
-0.368419 -0.000000 
0.254416 0.000000 
-0.397756 -0.000000 
0.623080 -0.000000 
-0.167538 0.000000 
0.582206 0.000000 
0.419580 -0.000000 
-0.739979 0.000000 
-0.421528 0.000000 
0.106269 0.000000 
0.633272 -0.000000 
0.560977 -0.000000 
-0.341147 0.000000 
0.207138 0.000000 
0.710393 -0.000000 
0.580902 0.000000 
0.397024 0.000000 
-0.114190 0.000000 
0.073329 0.000000 
0.617462 0.000000 
0.452930 -0.000000 
0.383132 -0.000000 
-0.380441 0.000000 
-1.253545 -0.000000 
-0.150931 0.000000 
0.077079 0.000000 
-0.042059 0.000000 
0.145876 -0.000000 
-0.458046 0.000000 
-0.134598 0.000000 
0.770799 0.000000 
0.165843 0.000000 
0.474131 0.000000 
-0.121610 0.000000 
-0.234069 0.000000 
0.343026 -0.000000 
0.006030 0.000000 
0.731298 -0.000000 
0.405484 -0.000000 
0.673751 0.000000 
0.034564 0.000000 
-0.009845 -0.000000 
-0.761037 -0.000000 
-0.501604 0.000000 
-0.487809 0.000000 
-0.331206 0.000000 
-0.317620 -0.000000 
0.464944 0.000000 
0.417658 0.000000 
0.109882 0.000000 
-0.275610 -0.000000 
0.180486 0.000000 
-0.521278 -0.000000 
0.749644 -0.000000 
0.118076 -0.000000 
-0.159371 -0.000000 
-0.270864 0.000000 
-0.161863 0.000000 
-0.490137 0.000000 
-0.558557 0.000000 
-0.512753 0.000000 
-0.213753 0.000000 
0.025117 0.000000 
0.087422 0.000000 
-0.394576 0.000000 
0.012645 -0.000000 
-0.533498 0.000000 
-0.626222 0.000000 
-0.686658 0.000000 
0.098185 -0.000000 
-0.568224 -0.000000 
0.747989 -0.000000 
-0.300639 0.000000 
0.264341 0.000000 
-0.413837 -0.000000 
0.213884 0.000000 
-0.821652 0.000000 
0.842456 0.000000 
0.454978 0.000000 
0.027861 0.000000 
0.012306 -0.000000 
0.908018 -0.000000 
0.367666 -0.000000 
-0.372155 -0.000000 
0.126732 -0.000000 
0.484975 0.000000 
0.251561 0.000000 
-0.126775 0.000000 
-0.044624 -0.000000 
-1.503859 0.000000 
0.311928 0.000000 
-0.101922 0.000000 
0.182325 -0.000000 
-0.999860 0.000000 
0.302683 0.000000 
0.111084 0.000000 
0.144854 0.000000 
0.069582 0.000000 
0.427023 0.000000 
-0.281028 -0.000000 
0.255899 0.000000 
-0.215915 0.000000 
0.229386 0.000000 
-0.238166 0.000000 
-0.045283 0.000000 
-0.176743 -0.000000 
-0.822726 0.000000 
-1.063381 0.000000 
0.436574 -0.000000 
-0.259303 -0.000000 
0.172360 0.000000 
0.276756 -0.000000 
0.179685 0.000000 
0.314777 0.000000 
-0.643664 0.000000 
0.815286 0.000000 
-0.024967 -0.000000 
-0.042107 0.000000 
-0.344979 -0.000000 
-1.182917 0.000000 
0.156768 -0.000000 
-1.078525 0.000000 
-0.178040 0.000000 
-0.107182 0.000000 
-0.566111 0.000000 
0.477034 0.000000 
0.253541 0.000000 
0.791448 0.000000 
0.057735 0.000000 
-1.099865 -0.000000 
0.406206 0.000000 
0.215619 -0.000000 
0.199178 -0.000000 
0.612541 0.000000 
0.377260 0.000000 
-0.819978 0.000000 
0.036063 0.000000 
0.652927 0.000000 
0.119052 0.000000 
-0.596928 0.000000 
-0.873470 0.000000 
-0.071938 -0.000000 
0.092205 0.000000 
-0.335833 0.000000 
0.085451 -0.000000 
-0.344304 0.000000 
0.370628 0.000000 
-0.773181 0.000000 
-0.164700 0.000000 
-0.373928 0.000000 
-0.381922 -0.000000 
0.023668 -0.000000 
0.239003 0.000000 
0.772203 0.000000 
0.163513 0.000000 
-0.303349 0.000000 
0.319684 -0.000000 
-0.133999 0.000000 
-0.262319 0.000000 
0.630277 -0.000000 
-0.392361 -0.000000 
-0.330314 0.000000 
0.109148 0.000000 
0.934789 0.000000 
0.272031 -0.000000 
-0.397623 0.000000 
0.644043 0.000000 
0.318716 0.000000 
0.273339 0.000000 
0.075181 0.000000 
-0.597919 0.000000 
-0.497562 0.000000 
-0.169677 0.000000 
1.304479 -0.000000 
-0.199208 -0.000000 
0.472692 0.000000 
-0.046703 0.000000 
-0.732164 0.000000 
0.400252 0.000000 
0.638629 0.000000 
0.442399 -0.000000 
0.791592 -0.000000 
0.205507 0.000000 
-0.513388 0.000000 
-0.046484 0.000000 
-0.144788 0.000000 
-0.097662 0.000000 
-0.328020 0.000000 
0.170973 -0.000000 
-0.817233 0.000000 
-0.515036 0.000000 
-0.172188 0.000000 
0.121700 0.000000 
0.699178 0.000000 
-0.152467 -0.000000 
-0.184034 0.000000 
-0.169829 0.000000 
0.854835 0.000000 
0.339194 0.000000 
0.530390 0.000000 
0.409780 0.000000 
0.034332 0.000000 
-0.010509 -0.000000 
-0.415467 -0.000000 
-1.030867 -0.000000 
-0.643926 0.000000 
0.279141 0.000000 
-0.051703 -0.000000 
-0.555133 0.000000 
-0.169242 -0.000000 
-0.392627 -0.000000 
0.862064 0.000000 
0.594409 -0.000000 
-0.732159 0.000000 
0.456798 0.000000 
0.146393 0.000000 
0.248840 0.000000 
-0.013697 0.000000 
0.524485 0.000000 
-0.496516 0.000000 
0.202404 -0.000000 
-0.581560 -0.000000 
0.227861 0.000000 
-0.327648 0.000000 
0.369409 0.000000 
-0.559478 0.000000 
-0.852880 0.000000 
-0.322436 -0.000000 
0.666664 -0.000000 
-0.257357 -0.000000 
0.631313 0.000000 
-0.138728 0.000000 
-0.618563 0.000000 
0.793652 0.000000 
-0.984163 -0.000000 
0.176472 0.000000 
0.384911 0.000000 
-0.255659 0.000000 
-0.131424 -0.000000 
-0.602419 -0.000000 
-0.245878 -0.000000 
-0.609571 -0.000000 
-0.283105 0.000000 
-0.009114 0.000000 
-0.022080 -0.000000 
-0.656829 0.000000 
0.014477 0.000000 
-0.873970 0.000000 
-0.530670 0.000000 
0.563665 -0.000000 
-0.074176 0.000000 
-0.015758 0.000000 
0.164751 0.000000 
0.279968 0.000000 
0.382120 0.000000 
-0.162601 -0.000000 
0.546654 0.000000 
0.056573 0.000000 
0.195747 0.000000 
0.138992 -0.000000 
-0.398311 0.000000 
-0.365349 0.000000 
-0.076321 0.000000 
0.520674 0.000000 
0.039425 0.000000 
-0.075252 -0.000000 
-0.198190 0.000000 
-0.039119 0.000000 
1.675439 -0.000000 
0.586930 -0.000000 
-0.538538 0.000000 
-0.494587 0.000000 
0.001290 -0.000000 
-0.126536 0.000000 
0.056289 0.000000 
-0.338289 0.000000 
0.366867 -0.000000 
0.014049 -0.000000 
-0.497633 0.000000 
0.822761 0.000000 
1.013157 0.000000 
-0.648382 -0.000000 
1.108900 -0.000000 
-0.560363 0.000000 
0.021225 0.000000 
-0.507918 0.000000 
-0.166286 0.000000 
-0.216628 -0.000000 
0.739790 -0.000000 
-0.450857 0.000000 
0.031766 0.000000 
0.566328 0.000000 
-0.489385 0.000000 
-0.002654 0.000000 
-0.021230 0.000000 
0.330923 0.000000 
0.414670 -0.000000 
0.275304 0.000000 
0.660888 0.000000 
0.219157 0.000000 
0.003692 0.000000 
0.268799 0.000000 
0.200260 0.000000 
0.081848 0.000000 
-0.026168 0.000000 
0.839527 0.000000 
0.288538 0.000000 
-0.174540 0.000000 
-0.362053 0.000000 
0.421335 -0.000000 
-0.188282 0.000000 
-0.729155 0.000000 
0.127497 0.000000 
-0.532974 0.000000 
-0.062038 0.000000 
-0.225182 0.000000 
0.521999 0.000000 
-1.083202 0.000000 
-0.036771 0.000000 
-0.420447 0.000000 
0.480271 -0.000000 
0.007486 0.000000 
0.314504 -0.000000 
-0.049015 -0.000000 
0.645204 -0.000000 
-0.439088 -0.000000 
-0.259981 0.000000 
-0.272353 0.000000 
-0.527554 0.000000 
0.070246 0.000000 
1.167825 -0.000000 
-0.165070 0.000000 
0.835410 -0.000000 
0.046882 0.000000 
-0.591760 0.000000 
-0.728931 -0.000000 
0.029207 -0.000000 
0.621442 0.000000 
0.672231 0.000000 
0.039569 0.000000 
-0.679913 0.000000 
0.594790 0.000000 
0.305745 0.000000 
0.478233 -0.000000 
-0.242118 -0.000000 
-0.561142 0.000000 
0.403780 0.000000 
-0.086849 0.000000 
-0.447864 0.000000 
0.038965 0.000000 
-0.427364 0.000000 
-0.788013 0.000000 
-0.806633 -0.000000 
-0.054241 0.000000 
0.004075 0.000000 
0.146120 -0.000000 
0.164146 0.000000 
-0.554991 0.000000 
0.116805 0.000000 
0.815787 0.000000 
-0.028618 0.000000 
0.167927 -0.000000 
-0.122616 -0.000000 
1.652181 -0.000000 
0.081439 0.000000 
-0.288503 -0.000000 
0.270210 -0.000000 
0.486536 0.000000 
0.385811 -0.000000 
0.256079 0.000000 
0.008518 0.000000 
0.662625 0.000000 
0.331900 0.000000 
-0.227290 0.000000 
0.429410 0.000000 
0.087696 -0.000000 
0.855364 0.000000 
-0.507501 -0.000000 
-0.152758 0.000000 
-0.551650 -0.000000 
0.190006 -0.000000 
-0.252045 0.000000 
0.679988 -0.000000 
1.052800 0.000000 
0.221357 -0.000000 
-0.039462 0.000000 
-0.354851 0.000000 
0.785165 -0.000000 
-0.927303 0.000000 
0.030075 0.000000 
-0.306995 0.000000 
-0.232520 0.000000 
-0.211975 0.000000 
0.047695 -0.000000 
-0.143419 0.000000 
0.240544 0.000000 
-0.252432 0.000000 
0.498258 0.000000 
-0.556191 0.000000 
-0.199184 0.000000 
-0.807069 0.000000 
-0.500110 0.000000 
-0.151861 0.000000 
-0.687155 0.000000 
0.430930 0.000000 
-1.221296 0.000000 
-0.027819 -0.000000 
0.805362 0.000000 
0.692917 0.000000 
-0.295928 0.000000 
0.257588 -0.000000 
-0.882963 0.000000 
0.023869 -0.000000 
-0.626220 0.000000 
-0.326824 0.000000 
-0.324605 -0.000000 
0.043802 -0.000000 
0.495700 0.000000 
