-2.313114 2.313114 
0.000000 0.500000 -0.015677 
0.000000 0.000000 0.000000 

-0.059105 0.000000 
0.091426 0.000000 
0.353805 0.000000 
-0.056819 -0.000000 
0.166460 0.000000 
-0.578291 0.000000 
-0.182465 0.000000 
-0.052624 -0.000000 
-0.342802 0.000000 
0.190730 0.000000 
-0.390383 -0.000000 
1.110703 0.000000 
0.081021 -0.000000 
-0.264896 -0.000000 
0.979767 0.000000 
-0.383053 -0.000000 
-0.705397 0.000000 
-0.171944 -0.000000 
-0.461013 0.000000 
-0.060305 -0.000000 
0.990237 0.000000 
-0.415383 0.000000 
-0.760163 -0.000000 
0.231465 -0.000000 
0.192907 0.000000 
-0.797725 0.000000 
0.437073 -0.000000 
-0.355528 0.000000 
-0.422901 -0.000000 
0.300527 -0.000000 
-0.532532 0.000000 
-0.092145 0.000000 
-0.263695 -0.000000 
0.804996 0.000000 
0.539405 -0.000000 
0.639041 0.000000 
-0.135122 -0.000000 
-0.091890 0.000000 
0.579575 0.000000 
0.580073 -0.000000 
0.592386 0.000000 
-0.447336 0.000000 
-0.424720 -0.000000 
0.170321 -0.000000 
-0.624864 0.000000 
-0.459182 0.000000 
0.313374 0.000000 
-0.080346 -0.000000 
0.644936 0.000000 
0.733407 0.000000 
0.640624 0.000000 
0.141692 0.000000 
-0.370834 0.000000 
0.075085 -0.000000 
-0.446237 0.000000 
-1.073753 0.000000 
-0.235762 0.000000 
-0.052821 0.000000 
0.374813 0.000000 
-1.164901 0.000000 
-0.405038 0.000000 
0.687406 -0.000000 
0.025467 0.000000 
-0.748988 0.000000 
0.235183 0.000000 
0.159976 -0.000000 
0.233084 0.000000 
0.815512 0.000000 
0.121820 0.000000 
0.316744 0.000000 
-0.451069 -0.000000 
-0.969925 0.000000 
-0.466458 -0.000000 
0.095297 0.000000 
-0.678061 0.000000 
0.629844 0.000000 
0.354953 0.000000 
0.674499 -0.000000 
-1.076084 0.000000 
-0.142877 0.000000 
0.888740 0.000000 
-0.429697 0.000000 
0.022478 0.000000 
-0.135207 -0.000000 
-0.568312 -0.000000 
-0.542653 0.000000 
0.314012 0.000000 
-0.481602 0.000000 
-0.764469 -0.000000 
0.287475 0.000000 
0.184072 0.000000 
-0.130788 -0.000000 
-0.035704 0.000000 
-0.025902 0.000000 
0.474124 0.000000 
0.188789 -0.000000 
-0.876177 -0.000000 
-0.401844 0.000000 
0.353406 0.000000 
0.322476 0.000000 
0.491154 0.000000 
-0.378720 0.000000 
-0.641907 0.000000 
0.178019 0.000000 
0.518145 0.000000 
0.104724 -0.000000 
-0.000968 0.000000 
-0.327149 -0.000000 
-0.037300 0.000000 
-1.443472 -0.000000 
0.487406 0.000000 
0.012581 -0.000000 
-0.405280 0.000000 
0.071246 -0.000000 
0.247009 -0.000000 
0.227403 0.000000 
-0.409542 0.000000 
0.284798 -0.000000 
-0.196371 -0.000000 
0.810514 0.000000 
-0.625872 -0.000000 
-0.308376 0.000000 
0.843344 0.000000 
-0.834097 -0.000000 
0.299791 -0.000000 
-0.767901 0.000000 
-0.177013 0.000000 
-0.094905 0.000000 
-0.494977 0.000000 
0.236439 0.000000 
0.545069 0.000000 
0.807280 0.000000 
-0.641293 0.000000 
0.042060 -0.000000 
-0.645631 -0.000000 
-0.221152 0.000000 
-0.720144 -0.000000 
-0.128214 0.000000 
-1.134658 -0.000000 
-0.537609 0.000000 
-0.187084 -0.000000 
-0.050447 0.000000 
-0.340227 0.000000 
0.260242 0.000000 
-0.475749 0.000000 
0.430199 -0.000000 
1.017352 0.000000 
0.053651 -0.000000 
-0.399772 -0.000000 
-0.794922 0.000000 
-0.629451 0.000000 
0.203078 0.000000 
-0.217126 0.000000 
0.199476 0.000000 
0.194442 0.000000 
-0.325754 0.000000 
-0.056852 0.000000 
-0.155219 -0.000000 
0.794988 0.000000 
-0.064384 0.000000 
-0.389190 0.000000 
0.483804 -0.000000 
0.211284 0.000000 
-0.436794 -0.000000 
-0.971331 0.000000 
-0.210462 0.000000 
0.017517 0.000000 
0.480594 -0.000000 
-0.197965 0.000000 
-0.303115 0.000000 
-0.067532 -0.000000 
-0.044023 0.000000 
-0.194994 0.000000 
0.225757 0.000000 
0.332663 -0.000000 
-0.487970 0.000000 
0.234959 -0.000000 
-0.118125 0.000000 
0.231495 0.000000 
-0.011304 0.000000 
-0.056323 0.000000 
-0.178451 -0.000000 
0.504201 -0.000000 
0.062847 -0.000000 
-0.338576 0.000000 
-0.447596 -0.000000 
-0.596538 0.000000 
0.700196 0.000000 
-0.543401 0.000000 
0.233751 -0.000000 
-0.056517 0.000000 
-0.022457 -0.000000 
-0.354312 0.000000 
1.038845 0.000000 
-0.447437 0.000000 
0.217887 0.000000 
-0.388037 -0.000000 
0.129046 0.000000 
0.265730 -0.000000 
0.511541 -0.000000 
-0.145862 0.000000 
0.363860 0.000000 
-1.255188 0.000000 
0.332257 0.000000 
-0.005878 0.000000 
-0.134488 0.000000 
-0.265951 -0.000000 
0.035876 0.000000 
-0.529278 0.000000 
0.449058 0.000000 
0.102091 0.000000 
0.116833 0.000000 
0.133652 0.000000 
0.316725 0.000000 
-0.776763 0.000000 
-0.482648 0.000000 
-0.042840 0.000000 
0.000673 0.000000 
-0.314079 0.000000 
0.167709 0.000000 
-0.269370 0.000000 
0.277482 0.000000 
0.252689 0.000000 
-0.950254 0.000000 
0.206660 0.000000 
-0.044653 -0.000000 
-0.660332 0.000000 
0.020932 0.000000 
0.284160 0.000000 
-0.265306 -0.000000 
-0.685635 0.000000 
0.334367 0.000000 
-0.486007 0.000000 
0.228346 -0.000000 
0.333147 -0.000000 
-0.251882 -0.000000 
0.249268 0.000000 
-0.365697 -0.000000 
-0.814378 0.000000 
-0.207916 -0.000000 
0.445908 -0.000000 
0.509596 -0.000000 
0.049985 -0.000000 
-0.591591 0.000000 
0.981938 -0.000000 
-1.163959 -0.000000 
-0.460818 0.000000 
-0.334183 0.000000 
-0.352200 0.000000 
1.299031 -0.000000 
0.914515 0.000000 
-0.191329 0.000000 
-0.211361 0.000000 
0.153535 0.000000 
-0.043347 0.000000 
0.512939 0.000000 
-0.074875 -0.000000 
-1.072739 -0.000000 
0.178186 0.000000 
-0.752675 0.000000 
-0.622724 -0.000000 
0.371012 0.000000 
-0.330052 0.000000 
-0.363296 -0.000000 
0.301703 -0.000000 
-0.681684 -0.000000 
0.044086 0.000000 
0.103195 0.000000 
0.442330 0.000000 
0.149334 -0.000000 
0.462199 0.000000 
-0.006084 0.000000 
0.277393 0.000000 
-0.191899 0.000000 
0.123288 0.000000 
0.239834 -0.000000 
1.249593 0.000000 
0.765040 0.000000 
-0.452584 -0.000000 
-0.020542 0.000000 
0.793379 0.000000 
-0.147191 0.000000 
0.720273 0.000000 
0.013434 0.000000 
-0.152260 0.000000 
-0.270987 0.000000 
0.186764 0.000000 
0.386967 -0.000000 
-0.133907 0.000000 
-0.265809 0.000000 
0.050650 -0.000000 
0.162451 0.000000 
0.030673 0.000000 
0.518608 0.000000 
0.277093 -0.000000 
0.668593 0.000000 
-0.608774 0.000000 
-0.593889 -0.000000 
0.685780 0.000000 
0.353440 -0.000000 
0.174643 0.000000 
0.282232 0.000000 
0.124469 -0.000000 
0.193958 -0.000000 
-0.604721 0.000000 
0.230158 -0.000000 
-0.032283 -0.000000 
0.486790 0.000000 
-0.624247 0.000000 
-0.300063 0.000000 
0.093853 -0.000000 
0.078348 -0.000000 
0.002596 -0.000000 
1.135013 0.000000 
-0.270504 0.000000 
0.022193 0.000000 
0.013109 0.000000 
-0.238872 0.000000 
-0.069590 -0.000000 
0.229587 -0.000000 
-0.377175 0.000000 
0.675482 0.000000 
0.564295 0.000000 
-0.850272 0.000000 
0.744448 0.000000 
0.147060 0.000000 
-0.377604 0.000000 
0.682500 -0.000000 
-0.510338 -0.000000 
0.534765 0.000000 
-0.230569 0.000000 
0.654263 0.000000 
0.060027 0.000000 
-0.041019 0.000000 
-0.593539 0.000000 
0.188336 -0.000000 
0.722256 0.000000 
0.635833 -0.000000 
0.793653 0.000000 
0.058560 -0.000000 
-0.365885 0.000000 
-0.216313 0.000000 
0.297038 -0.000000 
-0.802601 0.000000 
-0.153884 0.000000 
0.515373 -0.000000 
0.275287 0.000000 
1.011240 0.000000 
-0.642077 0.000000 
0.547820 0.000000 
0.570384 0.000000 
-0.403871 0.000000 
-0.332043 0.000000 
-0.155808 -0.000000 
1.251488 0.000000 
-0.675842 0.000000 
0.387484 0.000000 
-0.919358 0.000000 
0.489829 0.000000 
1.070047 0.000000 
-0.316041 0.000000 
0.358417 0.000000 
-0.965462 -0.000000 
-0.023333 0.000000 
-0.174512 -0.000000 
0.189795 0.000000 
-0.339982 -0.000000 
0.661277 -0.000000 
-0.367449 0.000000 
-0.286164 0.000000 
-0.962861 0.000000 
0.147604 0.000000 
-0.013302 -0.000000 
-0.438416 0.000000 
0.707782 0.000000 
0.723276 0.000000 
0.397026 -0.000000 
0.049810 -0.000000 
-0.593430 0.000000 
-0.204813 0.000000 
0.232458 0.000000 
-0.016343 -0.000000 
0.642059 -0.000000 
0.133835 0.000000 
0.016688 -0.000000 
-0.087060 0.000000 
-0.139591 0.000000 
0.497828 0.000000 
-0.574476 0.000000 
-0.421144 -0.000000 
0.121609 0.000000 
0.519147 0.000000 
0.012266 -0.000000 
0.519194 0.000000 
-0.259744 0.000000 
-0.685697 0.000000 
-0.118955 -0.000000 
-0.326144 0.000000 
-0.521144 -0.000000 
0.247583 -0.000000 
0.285483 0.000000 
-0.272660 0.000000 
0.531533 -0.000000 
0.389332 0.000000 
0.066326 0.000000 
0.664405 0.000000 
0.262895 0.000000 
-0.024361 0.000000 
-0.238178 0.000000 
-0.029235 -0.000000 
-0.405854 0.000000 
0.335368 0.000000 
0.762131 -0.000000 
-0.076550 -0.000000 
0.302667 -0.000000 
-0.254717 0.000000 
-0.874943 0.000000 
-0.288497 0.000000 
-0.797558 0.000000 
-0.166491 0.000000 
0.352086 0.000000 
-0.211557 0.000000 
-0.620077 0.000000 
0.652391 0.000000 
-0.717516 0.000000 
0.354425 0.000000 
-0.103453 0.000000 
-0.395397 0.000000 
1.076077 0.000000 
0.959855 0.000000 
0.241464 0.000000 
-0.192959 0.000000 
-0.540421 -0.000000 
-0.271884 -0.000000 
0.405286 0.000000 
0.485287 -0.000000 
0.217267 -0.000000 
-0.578826 -0.000000 
-0.627491 -0.000000 
-0.175665 0.000000 
0.439976 0.000000 
-0.586671 -0.000000 
0.437023 0.000000 
-0.414550 0.000000 
-0.142534 -0.000000 
-0.292821 -0.000000 
-0.186160 0.000000 
0.613185 0.000000 
0.034419 0.000000 
-0.376987 0.000000 
-0.610421 -0.000000 
-0.057469 0.000000 
-0.505129 0.000000 
0.242099 0.000000 
-0.123340 0.000000 
0.205812 -0.000000 
-0.076708 0.000000 
-0.072139 0.000000 
-0.284548 -0.000000 
-0.029552 0.000000 
0.325041 0.000000 
0.385467 -0.000000 
0.225182 -0.000000 
0.832346 0.000000 
0.367014 -0.000000 
-0.073608 -0.000000 
-0.756649 0.000000 
0.384313 0.000000 
-0.055459 -0.000000 
0.805705 0.000000 
0.254086 0.000000 
1.330336 -0.000000 
0.359483 -0.000000 
1.367266 0.000000 
-0.438745 0.000000 
-0.083167 0.000000 
0.045620 0.000000 
-0.681189 0.000000 
0.378739 -0.000000 
0.254826 -0.000000 
-0.490041 -0.000000 
0.382549 -0.000000 
0.383179 0.000000 
0.243351 -0.000000 
-0.052734 0.000000 
0.391279 -0.000000 
0.057902 -0.000000 
0.946459 0.000000 
-0.503981 0.000000 
-0.430249 -0.000000 
0.991134 0.000000 
0.269978 0.000000 
0.049415 -0.000000 
0.652658 -0.000000 
-0.085850 0.000000 
-0.735442 0.000000 
-0.194523 -0.000000 
-0.199222 0.000000 
-0.106324 0.000000 
-0.490018 0.000000 
0.026706 -0.000000 
-0.110947 0.000000 
-0.253817 -0.000000 
0.007902 0.000000 
0.036140 0.000000 
-0.653731 0.000000 
0.168224 0.000000 
0.275414 -0.000000 
-0.120314 -0.000000 
0.024201 0.000000 
-0.139377 0.000000 
-0.072527 0.000000 
-0.323462 0.000000 
-0.938589 0.000000 
0.068756 0.000000 
0.383023 -0.000000 
0.416814 -0.000000 
-0.679717 0.000000 
-1.356603 0.000000 
-0.191748 -0.000000 
0.158237 -0.000000 
1.021757 0.000000 
0.008774 -0.000000 
-1.023245 0.000000 
0.320607 0.000000 
-0.230506 0.000000 
1.562258 0.000000 
-0.293547 -0.000000 
0.394707 -0.000000 
-0.477623 -0.000000 
0.745572 0.000000 
-0.543767 0.000000 
-0.527497 0.000000 
0.087314 0.000000 
0.108483 0.000000 
1.047839 -0.000000 
-0.054997 -0.000000 
-0.618765 -0.000000 
-0.409202 0.000000 
0.446998 -0.000000 
0.321210 0.000000 
0.108366 0.000000 
-0.792760 0.000000 
0.514629 0.000000 
-0.643338 -0.000000 
-0.240286 -0.000000 
0.002304 0.000000 
-0.154606 -0.000000 
0.376816 0.000000 
-0.157389 -0.000000 
0.085762 0.000000 
0.432634 -0.000000 
-0.566924 0.000000 
0.077774 0.000000 
0.196661 0.000000 
-0.621706 -0.000000 
-0.361076 -0.000000 
-0.147147 -0.000000 
-1.158949 0.000000 
0.840890 0.000000 
0.910834 0.000000 
-0.266750 0.000000 
0.355620 0.000000 
0.919406 0.000000 
-0.049060 0.000000 
0.664644 0.000000 
-0.012624 0.000000 
0.355182 0.000000 
0.080389 0.000000 
-0.248172 -0.000000 
1.376519 0.000000 
0.291979 0.000000 
1.057209 -0.000000 
0.497814 0.000000 
-1.074749 -0.000000 
0.129836 -0.000000 
-0.477182 -0.000000 
-0.617129 -0.000000 
-0.627935 0.000000 
-1.012774 0.000000 
0.571647 0.000000 
-0.108356 0.000000 
-0.092318 -0.000000 
0.486345 0.000000 
-0.024527 0.000000 
-0.108500 0.000000 
-0.494875 0.000000 
0.174184 0.000000 
0.075706 0.000000 
-0.201592 -0.000000 
0.221112 0.000000 
0.478406 0.000000 
-0.077313 0.000000 
-0.025303 0.000000 
0.134204 0.000000 
0.848985 -0.000000 
0.670093 0.000000 
-0.090289 0.000000 
-0.066081 0.000000 
-0.435095 0.000000 
0.435404 0.000000 
0.531776 -0.000000 
-0.169317 0.000000 
0.593634 -0.000000 
-0.208641 0.000000 
0.607066 -0.000000 
0.529936 0.000000 
-0.480715 0.000000 
-0.515861 0.000000 
0.298460 0.000000 
-0.046509 0.000000 
-0.393695 -0.000000 
0.257891 0.000000 
0.525088 0.000000 
0.669977 -0.000000 
-0.598276 -0.000000 
-0.067012 -0.000000 
-0.127592 0.000000 
-0.272639 -0.000000 
0.195600 -0.000000 
0.090306 0.000000 
-0.303029 0.000000 
0.250169 0.000000 
-0.458550 -0.000000 
1.048451 -0.000000 
-0.598581 -0.000000 
-0.770588 -0.000000 
0.084548 0.000000 
1.224721 0.000000 
0.177204 -0.000000 
-0.091514 0.000000 
0.541536 -0.000000 
0.019093 0.000000 
0.967523 0.000000 
0.181924 0.000000 
-0.204036 0.000000 
0.201679 0.000000 
-0.078252 -0.000000 
0.287643 0.000000 
1.140754 0.000000 
-0.487324 -0.000000 
-0.170062 -0.000000 
-0.595164 0.000000 
0.015180 0.000000 
0.284383 0.000000 
-0.240535 0.000000 
0.053541 -0.000000 
0.220380 0.000000 
0.503541 0.000000 
-0.486580 0.000000 
0.015740 -0.000000 
-0.318089 0.000000 
0.039190 0.000000 
-0.132678 -0.000000 
0.586758 0.000000 
-0.239424 -0.000000 
-0.137831 -0.000000 
0.595921 0.000000 
0.137743 0.000000 
0.605875 -0.000000 
0.295701 -0.000000 
-0.153536 0.000000 
0.463213 0.000000 
0.268749 -0.000000 
0.005763 0.000000 
0.629188 0.000000 
0.736687 0.000000 
-0.907285 0.000000 
0.158967 0.000000 
0.062235 0.000000 
0.353573 0.000000 
-0.894838 0.000000 
-0.642422 0.000000 
0.272072 0.000000 
0.402153 -0.000000 
0.674012 -0.000000 
-0.839375 -0.000000 
-0.352998 0.000000 
-0.335514 -0.000000 
0.330098 0.000000 
0.169264 -0.000000 
-0.125429 0.000000 
-0.105337 0.000000 
-0.120224 -0.000000 
-0.688505 0.000000 
-0.112493 0.000000 
-0.665246 0.000000 
-0.424209 0.000000 
-0.827341 -0.000000 
-0.101979 0.000000 
-0.514050 0.000000 
0.064982 -0.000000 
0.336833 0.000000 
-0.801617 0.000000 
0.100747 0.000000 
-0.281458 -0.000000 
0.466205 0.000000 
-0.015468 0.000000 
0.405276 0.000000 
-0.274846 0.000000 
-0.551241 -0.000000 
-0.260637 0.000000 
0.370120 0.000000 
-0.436525 0.000000 
0.680712 0.000000 
0.323743 -0.000000 
1.179501 0.000000 
-0.169234 0.000000 
-0.446091 0.000000 
0.830906 0.000000 
-0.327315 -0.000000 
0.474756 0.000000 
0.448366 0.000000 
-0.366612 0.000000 
-1.091705 -0.000000 
0.134911 0.000000 
-0.334997 0.000000 
0.251266 0.000000 
0.413293 0.000000 
0.034505 -0.000000 
-0.011772 0.000000 
-1.028085 -0.000000 
0.000317 0.000000 
-0.193128 -0.000000 
-0.027955 -0.000000 
0.148026 0.000000 
0.229708 0.000000 
0.053268 -0.000000 
0.249641 0.000000 
0.657200 0.000000 
0.395649 0.000000 
0.222514 -0.000000 
0.894475 -0.000000 
-0.500006 -0.000000 
0.260829 0.000000 
0.288456 0.000000 
-1.200818 -0.000000 
-0.659057 0.000000 
-0.000106 0.000000 
0.306535 0.000000 
-0.590732 -0.000000 
-0.348181 0.000000 
-0.221454 0.000000 
-0.411281 0.000000 
0.277453 0.000000 
-0.007541 0.000000 
-0.382246 -0.000000 
0.373585 -0.000000 
-0.442778 0.000000 
-0.011845 0.000000 
-0.145424 0.000000 
-0.924538 0.000000 
-0.833199 0.000000 
0.608744 0.000000 
0.084337 0.000000 
0.713047 0.000000 
0.851812 0.000000 
0.154340 0.000000 
0.191436 0.000000 
-0.169916 0.000000 
0.671885 0.000000 
0.165460 0.000000 
-0.185284 0.000000 
-1.628997 0.000000 
0.083458 0.000000 
-1.005881 0.000000 
-0.176122 -0.000000 
0.246448 0.000000 
0.278691 -0.000000 
0.467730 0.000000 
0.891904 -0.000000 
0.450890 0.000000 
0.043279 0.000000 
0.184340 -0.000000 
0.710590 0.000000 
-0.063845 0.000000 
-0.948760 0.000000 
-0.356995 0.000000 
0.083748 0.000000 
-0.194426 -0.000000 
0.467635 0.000000 
-0.002321 -0.000000 
0.067386 0.000000 
-0.621404 0.000000 
-0.110225 0.000000 
0.130010 -0.000000 
0.497471 -0.000000 
0.360465 0.000000 
0.419452 0.000000 
-0.137574 0.000000 
-1.287327 0.000000 
0.152159 -0.000000 
-0.204794 -0.000000 
1.133483 0.000000 
-0.949737 -0.000000 
0.509774 -0.000000 
-0.148590 0.000000 
-0.369106 0.000000 
-0.314850 0.000000 
-0.412445 0.000000 
0.321134 0.000000 
-0.263374 0.000000 
0.723045 -0.000000 
0.174425 0.000000 
-0.794048 0.000000 
0.742185 0.000000 
0.199956 -0.000000 
-0.560669 -0.000000 
0.265884 0.000000 
0.589011 -0.000000 
0.862696 -0.000000 
0.274006 0.000000 
0.020934 -0.000000 
0.023603 0.000000 
0.125338 0.000000 
0.145160 0.000000 
-0.872484 -0.000000 
-0.433863 0.000000 
0.129245 0.000000 
0.935205 0.000000 
-1.033183 0.000000 
-0.590567 -0.000000 
-0.188053 0.000000 
-0.138384 0.000000 
0.909212 -0.000000 
0.519209 -0.000000 
1.110654 0.000000 
-0.196987 0.000000 
0.830763 0.000000 
-0.409386 -0.000000 
0.528278 0.000000 
-0.071320 -0.000000 
0.039809 -0.000000 
0.678988 0.000000 
-0.849537 -0.000000 
0.129460 0.000000 
-0.176162 -0.000000 
-0.027485 -0.000000 
-0.619809 -0.000000 
-0.422057 0.000000 
-0.307711 0.000000 
0.568052 0.000000 
0.201403 -0.000000 
0.014879 0.000000 
0.193724 -0.000000 
0.356016 0.000000 
0.219972 -0.000000 
-0.053062 0.000000 
-0.345160 0.000000 
-0.333473 0.000000 
0.094793 0.000000 
0.079192 -0.000000 
0.906450 -0.000000 
0.026551 -0.000000 
0.121596 -0.000000 
0.248510 -0.000000 
0.518782 0.000000 
0.021029 -0.000000 
-0.129574 -0.000000 
-0.341241 -0.000000 
0.640461 -0.000000 
0.008615 0.000000 
0.937353 0.000000 
0.390691 0.000000 
0.007901 -0.000000 
-0.548461 0.000000 
-0.152797 -0.000000 
-0.395173 0.000000 
-0.233073 0.000000 
0.504158 0.000000 
0.178771 0.000000 
0.013850 0.000000 
-0.275518 -0.000000 
0.556482 -0.000000 
0.422118 0.000000 
-0.472686 0.000000 
-0.893777 -0.000000 
0.117758 0.000000 
0.291633 -0.000000 
0.379295 0.000000 
-0.545923 0.000000 
-0.307783 0.000000 
-0.051281 0.000000 
0.019621 0.000000 
0.159127 0.000000 
0.613352 0.000000 
0.913275 -0.000000 
-0.509561 0.000000 
-0.225778 -0.000000 
-0.139287 -0.000000 
0.708841 0.000000 
0.888075 0.000000 
-0.359391 0.000000 
-0.235629 0.000000 
0.144641 -0.000000 
1.199050 0.000000 
-0.396729 0.000000 
0.174154 0.000000 
0.250348 0.000000 
0.696181 0.000000 
-0.097679 0.000000 
-0.595652 0.000000 
0.510221 0.000000 
-0.344096 0.000000 
-0.245609 0.000000 
0.071000 0.000000 
0.270615 -0.000000 
-0.288258 -0.000000 
0.546557 0.000000 
-0.060524 0.000000 
-0.234385 -0.000000 
-0.111465 0.000000 
0.874559 0.000000 
-0.500280 0.000000 
-0.062824 0.000000 
0.091643 0.000000 
0.647148 -0.000000 
0.293636 0.000000 
0.005149 0.000000 
-0.704575 -0.000000 
-0.830356 0.000000 
0.004424 0.000000 
0.309494 0.000000 
0.671069 0.000000 
-0.211575 0.000000 
0.014939 0.000000 
-0.344406 0.000000 
-0.767917 -0.000000 
0.181237 0.000000 
-0.083470 0.000000 
-0.037048 -0.000000 
-0.536087 0.000000 
-0.818268 0.000000 
0.288010 0.000000 
-0.361236 0.000000 
-0.140533 -0.000000 
-0.745230 0.000000 
-0.637241 0.000000 
-0.501492 -0.000000 
-0.133696 0.000000 
-0.413866 0.000000 
-0.222188 0.000000 
0.478122 -0.000000 
-0.318229 0.000000 
-0.688095 0.000000 
0.526708 0.000000 
-0.977438 0.000000 
0.161647 0.000000 
0.063582 0.000000 
-0.048672 0.000000 
-0.935935 0.000000 
-0.362589 0.000000 
0.825107 0.000000 
0.026096 -0.000000 
-0.650921 0.000000 
0.076608 0.000000 
-0.029089 0.000000 
-0.430646 -0.000000 
-0.122286 0.000000 
0.039118 0.000000 
1.401721 0.000000 
0.686136 -0.000000 
0.655493 0.000000 
-0.170076 -0.000000 
-1.342322 0.000000 
0.299890 0.000000 
0.792198 0.000000 
-0.337087 -0.000000 
0.460811 0.000000 
-0.961314 -0.000000 
0.538322 -0.000000 
0.130048 -0.000000 
-0.449577 -0.000000 
-0.665669 0.000000 
-0.506456 0.000000 
-0.074607 0.000000 
0.368481 0.000000 
-0.174620 0.000000 
-0.007915 0.000000 
0.512717 0.000000 
-0.224641 0.000000 
0.095868 -0.000000 
0.104941 0.000000 
0.138284 -0.000000 
0.212298 0.000000 
0.096422 -0.000000 
1.175421 -0.000000 
0.536813 0.000000 
-0.048342 0.000000 
-0.326248 -0.000000 
0.250637 0.000000 
0.004312 0.000000 
0.060822 0.000000 
0.496114 -0.000000 
-0.180222 0.000000 
-0.178714 0.000000 
-0.602395 0.000000 
-0.364884 -0.000000 
0.026312 0.000000 
-0.908908 -0.000000 
0.829479 0.000000 
0.267484 0.000000 
-0.416056 0.000000 
-0.149714 0.000000 
-0.759859 0.000000 
0.309983 -0.000000 
0.970850 -0.000000 
-0.848008 0.000000 
0.235638 0.000000 
0.117767 0.000000 
-0.831935 0.000000 
-0.021917 -0.000000 
-0.399489 0.000000 
1.127864 0.000000 
0.448776 0.000000 
0.107613 -0.000000 
1.049210 0.000000 
-0.310917 0.000000 
-0.019076 -0.000000 
0.529234 0.000000 
0.514349 0.000000 
-0.975945 0.000000 
-0.509713 -0.000000 
-0.820746 0.000000 
0.039510 0.000000 
1.311997 0.000000 
-0.422791 0.000000 
-0.219767 -0.000000 
0.847677 0.000000 
-0.356202 0.000000 
0.485846 0.000000 
1.062255 -0.000000 
-0.007817 0.000000 
0.199333 -0.000000 
0.309350 -0.000000 
0.075243 -0.000000 
0.257990 -0.000000 
-0.266358 -0.000000 
0.110139 0.000000 
-0.481608 0.000000 
0.423856 0.000000 
0.196295 0.000000 
-1.257122 0.000000 
-0.083720 -0.000000 
0.516670 -0.000000 
0.467319 0.000000 
-0.342758 -0.000000 
-0.677138 0.000000 
0.187524 0.000000 
-0.044224 0.000000 
-0.055246 0.000000 
0.007764 0.000000 
-0.403323 -0.000000 
-0.269382 -0.000000 
0.438616 0.000000 
-0.149576 0.000000 
0.706389 -0.000000 
-1.063494 -0.000000 
-1.179874 -0.000000 
-0.206791 0.000000 
-0.492958 0.000000 
-0.754797 -0.000000 
0.074810 0.000000 
-0.224717 0.000000 
-0.993478 0.000000 
0.062520 -0.000000 
-0.434396 0.000000 
0.136167 0.000000 
-0.621240 -0.000000 
0.255308 -0.000000 
0.088357 0.000000 
-0.865626 -0.000000 
0.016708 0.000000 
0.114658 -0.000000 
0.057204 0.000000 
0.154149 0.000000 
-0.718396 -0.000000 
0.293482 0.000000 
0.119778 0.000000 
0.162254 0.000000 
-0.275454 0.000000 
-0.532169 0.000000 
0.327122 0.000000 
-0.240566 -0.000000 
-0.163915 0.000000 
0.832960 0.000000 
0.295826 0.000000 
0.370646 0.000000 
-0.399807 0.000000 
0.678407 0.000000 
-0.043225 -0.000000 
-0.158269 0.000000 
0.392265 -0.000000 
0.159990 0.000000 
0.630745 -0.000000 
-0.393348 0.000000 
-0.695202 0.000000 
-0.870138 0.000000 
0.588605 0.000000 
-0.526386 0.000000 
0.456741 0.000000 
0.516464 0.000000 
-0.511989 0.000000 
-0.533119 0.000000 
0.589632 0.000000 
-0.126318 0.000000 
-0.578445 0.000000 
-0.604823 0.000000 
-0.416301 -0.000000 
-0.325762 -0.000000 
-0.416020 0.000000 
1.077627 0.000000 
-0.385004 0.000000 
-0.600639 -0.000000 
-0.115538 0.000000 
0.308733 0.000000 
0.654434 0.000000 
-0.296604 0.000000 
0.414956 -0.000000 
0.561928 0.000000 
0.098203 0.000000 
-0.215197 0.000000 
-0.351314 0.000000 
-0.037195 0.000000 
-0.559374 0.000000 
0.344159 -0.000000 
-0.227909 -0.000000 
0.591329 -0.000000 
-0.207374 0.000000 
-0.202129 -0.000000 
0.599378 0.000000 
0.204524 -0.000000 
-1.067501 0.000000 
-0.183461 0.000000 
-0.322080 -0.000000 
0.236839 0.000000 
0.282499 -0.000000 
-0.196219 0.000000 
-0.957458 0.000000 
0.600543 0.000000 
0.922465 0.000000 
-0.122655 0.000000 
-0.198065 -0.000000 
-0.518322 0.000000 
-0.721371 0.000000 
0.179889 0.000000 
0.243975 0.000000 
-0.182717 -0.000000 
1.217418 0.000000 
-0.253262 0.000000 
-0.511423 0.000000 
-0.271034 0.000000 
0.473781 0.000000 
-1.123271 0.000000 
-0.472429 0.000000 
-0.096207 0.000000 
0.295079 0.000000 
-0.246723 0.000000 
-0.949593 0.000000 
0.032396 -0.000000 
-0.424555 -0.000000 
-0.075667 0.000000 
-0.284505 0.000000 
-0.040622 -0.000000 
-1.097001 0.000000 
-0.187383 0.000000 
0.678212 0.000000 
0.459580 0.000000 
-0.170956 0.000000 
0.281476 0.000000 
-0.192421 -0.000000 
0.076406 0.000000 
-0.410833 -0.000000 
0.509071 0.000000 
-0.591192 0.000000 
-1.073217 0.000000 
-0.528609 0.000000 
0.273129 0.000000 
-0.193505 -0.000000 
1.264642 0.000000 
0.160163 -0.000000 
0.121800 0.000000 
-0.855927 0.000000 
-0.027988 0.000000 
0.197408 0.000000 
0.452722 0.000000 
-0.211996 0.000000 
-0.427168 0.000000 
0.986132 -0.000000 
-0.427456 -0.000000 
-0.418960 -0.000000 
0.004000 0.000000 
0.278024 0.000000 
0.636910 0.000000 
0.254238 0.000000 
0.453858 0.000000 
-0.447608 -0.000000 
0.438183 0.000000 
0.631429 0.000000 
0.323594 0.000000 
-0.037493 0.000000 
-0.112004 0.000000 
-0.338209 -0.000000 
-1.167491 0.000000 
-1.049268 0.000000 
-0.235608 0.000000 
0.419818 0.000000 
-0.107283 0.000000 
0.083381 0.000000 
0.510293 -0.000000 
0.701438 0.000000 
-0.069821 0.000000 
-0.086631 0.000000 
0.004518 0.000000 
0.975139 0.000000 
-0.018435 -0.000000 
-0.618005 -0.000000 
0.384077 0.000000 
-1.054307 0.000000 
0.156774 0.000000 
0.029842 0.000000 
0.896365 -0.000000 
-0.374576 0.000000 
0.138586 0.000000 
-0.081612 0.000000 
0.387835 0.000000 
0.068231 0.000000 
0.188780 0.000000 
-0.370944 0.000000 
-0.961338 0.000000 
-1.242594 0.000000 
0.311258 0.000000 
0.712915 0.000000 
-0.287749 0.000000 
-0.272957 -0.000000 
-0.658652 0.000000 
-0.046607 0.000000 
0.064623 0.000000 
-0.165870 0.000000 
0.039516 0.000000 
-0.496746 0.000000 
-0.790105 0.000000 
0.404968 0.000000 
-0.528791 0.000000 
-0.107080 0.000000 
0.373939 0.000000 
0.805582 -0.000000 
0.771743 0.000000 
-0.546342 0.000000 
-1.102908 0.000000 
0.377834 0.000000 
-0.505655 0.000000 
-0.027476 0.000000 
0.034799 0.000000 
-0.070112 0.000000 
-0.441791 0.000000 
0.205901 0.000000 
-0.387836 -0.000000 
-0.011096 0.000000 
0.853030 0.000000 
0.016878 -0.000000 
-0.623784 0.000000 
-1.071620 -0.000000 
-1.241372 0.000000 
0.618795 0.000000 
-0.831015 -0.000000 
-0.249403 0.000000 
0.316508 0.000000 
-0.577536 -0.000000 
-0.538641 0.000000 
-0.117164 -0.000000 
-0.217533 -0.000000 
-0.769587 -0.000000 
-0.852125 -0.000000 
0.802378 0.000000 
-0.135963 -0.000000 
0.595379 -0.000000 
-0.330216 -0.000000 
0.524746 0.000000 
-0.385666 0.000000 
0.073471 0.000000 
1.385297 0.000000 
0.737382 -0.000000 
0.005249 0.000000 
-1.021393 -0.000000 
0.186637 0.000000 
-0.461812 0.000000 
-0.374741 -0.000000 
0.792757 0.000000 
0.207853 0.000000 
1.303225 0.000000 
-0.254575 0.000000 
-0.302608 0.000000 
0.272615 0.000000 
0.037541 0.000000 
-0.903143 0.000000 
0.014154 0.000000 
-0.348411 0.000000 
1.076929 -0.000000 
-0.358969 0.000000 
0.988050 0.000000 
0.039171 -0.000000 
0.239430 -0.000000 
0.242521 -0.000000 
0.343242 0.000000 
0.293549 -0.000000 
-0.151645 0.000000 
0.396874 0.000000 
-0.115663 -0.000000 
-0.746767 -0.000000 
1.039655 0.000000 
-0.736166 0.000000 
-0.316822 0.000000 
-0.606164 0.000000 
-0.441813 -0.000000 
-0.461197 0.000000 
-0.550747 0.000000 
-0.396810 0.000000 
0.651021 -0.000000 
0.173893 0.000000 
0.313921 0.000000 
0.230055 0.000000 
-0.664825 0.000000 
0.141242 0.000000 
-0.379243 0.000000 
0.624456 -0.000000 
0.142239 0.000000 
0.317970 0.000000 
-0.896314 0.000000 
-0.110152 -0.000000 
0.109367 0.000000 
-0.094330 0.000000 
-0.026381 0.000000 
0.347689 0.000000 
0.535959 -0.000000 
0.018497 0.000000 
-0.162454 0.000000 
0.248139 -0.000000 
0.246083 0.000000 
0.474822 -0.000000 
-0.262701 -0.000000 
-0.526852 0.000000 
0.519199 0.000000 
0.138508 0.000000 
-0.021363 0.000000 
0.169541 -0.000000 
-0.027547 0.000000 
-0.254803 0.000000 
-0.049423 -0.000000 
0.255915 -0.000000 
0.500026 -0.000000 
0.706644 -0.000000 
-0.335719 0.000000 
-0.548202 0.000000 
-0.300773 0.000000 
0.406703 -0.000000 
0.116901 0.000000 
0.320906 -0.000000 
0.073524 0.000000 
0.646185 0.000000 
-0.435841 -0.000000 
0.070022 0.000000 
0.649348 0.000000 
0.338189 0.000000 
0.042530 0.000000 
0.340020 -0.000000 
0.027620 0.000000 
0.279477 -0.000000 
0.311518 0.000000 
0.209496 0.000000 
-0.796719 0.000000 
0.038535 0.000000 
0.084981 0.000000 
-0.153012 0.000000 
-0.511667 -0.000000 
0.569620 0.000000 
0.614915 0.000000 
-0.271196 0.000000 
-0.888583 0.000000 
0.045895 0.000000 
0.065240 -0.000000 
0.081594 0.000000 
0.400427 0.000000 
0.396136 0.000000 
0.154917 0.000000 
-0.678731 -0.000000 
-0.020992 -0.000000 
0.242038 0.000000 
-0.030442 0.000000 
-0.128481 -0.000000 
0.370563 0.000000 
-0.369194 0.000000 
-0.259346 0.000000 
-0.102417 0.000000 
-0.090572 -0.000000 
0.056499 0.000000 
0.529740 0.000000 
-0.366252 0.000000 
-0.271332 0.000000 
1.104597 -0.000000 
-0.475429 0.000000 
0.387266 -0.000000 
1.138997 0.000000 
-0.544169 -0.000000 
-0.436433 -0.000000 
-0.499821 0.000000 
0.431430 0.000000 
-0.801879 -0.000000 
-0.128156 0.000000 
0.286636 0.000000 
-0.109982 0.000000 
0.303098 0.000000 
-0.019345 0.000000 
-0.674520 0.000000 
-0.848447 0.000000 
0.356949 0.000000 
-0.040214 0.000000 
0.073231 0.000000 
-0.285763 -0.000000 
-0.328072 0.000000 
0.199326 -0.000000 
0.330870 -0.000000 
-0.238518 0.000000 
0.141757 0.000000 
1.241217 0.000000 
0.469129 0.000000 
-0.260805 -0.000000 
-0.555421 0.000000 
-0.572855 -0.000000 
-0.597754 -0.000000 
0.406725 0.000000 
-0.163741 0.000000 
0.043597 -0.000000 
0.162530 -0.000000 
0.386779 0.000000 
0.494624 0.000000 
0.810430 0.000000 
0.349963 0.000000 
-0.271758 0.000000 
0.098573 0.000000 
-0.955825 0.000000 
0.600427 -0.000000 
-0.065075 0.000000 
-0.556723 0.000000 
-0.304006 0.000000 
0.036610 0.000000 
0.726738 0.000000 
-0.091592 0.000000 
-0.499791 -0.000000 
-0.227132 -0.000000 
-0.539795 0.000000 
-0.824456 0.000000 
0.265639 0.000000 
0.604581 0.000000 
0.154149 0.000000 
-0.404715 -0.000000 
0.345941 0.000000 
0.676333 -0.000000 
-0.135116 0.000000 
-0.246078 -0.000000 
-0.048189 0.000000 
-0.064229 0.000000 
0.751551 -0.000000 
-0.402971 0.000000 
0.243904 -0.000000 
-0.520122 0.000000 
0.108751 -0.000000 
0.144926 0.000000 
0.010631 -0.000000 
0.147537 0.000000 
-0.122895 0.000000 
0.393247 -0.000000 
0.424402 -0.000000 
1.587062 0.000000 
0.119855 0.000000 
0.164769 -0.000000 
-0.516140 -0.000000 
0.600559 -0.000000 
-0.452214 0.000000 
-0.054308 0.000000 
0.068494 0.000000 
0.833519 0.000000 
0.279319 0.000000 
-0.252920 0.000000 
0.099253 -0.000000 
-0.465072 -0.000000 
-0.778638 -0.000000 
-0.148291 -0.000000 
0.270061 -0.000000 
-0.445535 0.000000 
0.070134 0.000000 
-0.400773 0.000000 
0.138402 0.000000 
0.419188 0.000000 
0.939096 -0.000000 
0.129396 0.000000 
0.133156 0.000000 
0.022088 0.000000 
-0.460360 -0.000000 
0.444866 0.000000 
-0.409630 -0.000000 
0.158624 -0.000000 
1.206840 -0.000000 
-0.360505 0.000000 
0.687538 0.000000 
-0.106209 -0.000000 
-0.152193 0.000000 
0.243242 0.000000 
-0.699531 -0.000000 
-0.200512 0.000000 
0.040570 0.000000 
0.012688 0.000000 
0.133396 0.000000 
-0.392784 0.000000 
0.263615 0.000000 
0.365004 -0.000000 
0.055428 0.000000 
-0.016341 -0.000000 
-0.451682 -0.000000 
0.443534 -0.000000 
0.031740 -0.000000 
1.029853 0.000000 
0.002367 0.000000 
0.234605 0.000000 
0.451646 0.000000 
0.040921 0.000000 
0.611604 0.000000 
-0.171696 -0.000000 
0.355670 0.000000 
-0.117760 -0.000000 
-0.082178 0.000000 
-0.079900 0.000000 
0.548352 -0.000000 
-0.291876 0.000000 
0.194147 -0.000000 
0.805562 0.000000 
0.441767 0.000000 
0.409141 0.000000 
0.303741 0.000000 
0.476418 0.000000 
0.152059 -0.000000 
-0.001132 0.000000 
0.133175 0.000000 
-0.579104 -0.000000 
0.244846 0.000000 
-0.266974 -0.000000 
0.313910 0.000000 
-1.042238 0.000000 
-0.248894 0.000000 
0.661849 0.000000 
-0.128809 0.000000 
-0.139871 0.000000 
-0.962711 0.000000 
-0.058160 -0.000000 
-0.113476 0.000000 
-0.850349 -0.000000 
-0.218017 0.000000 
-0.005180 0.000000 
0.518935 0.000000 
0.042116 0.000000 
-0.454364 0.000000 
-0.317271 0.000000 
-0.355010 0.000000 
0.232371 0.000000 
-0.353509 0.000000 
0.221681 -0.000000 
-0.629790 0.000000 
-0.196134 0.000000 
0.014726 0.000000 
-0.242680 -0.000000 
-0.328035 -0.000000 
0.326727 -0.000000 
-0.094471 0.000000 
-0.782235 -0.000000 
0.875536 -0.000000 
0.211439 -0.000000 
-0.503947 0.000000 
0.224215 0.000000 
-0.128146 0.000000 
-0.135098 0.000000 
0.454039 0.000000 
-0.054353 0.000000 
1.154007 0.000000 
0.498468 0.000000 
-0.569868 0.000000 
-0.823984 0.000000 
0.080179 0.000000 
-0.034977 0.000000 
-0.483741 0.000000 
0.200579 -0.000000 
0.147728 -0.000000 
0.076216 0.000000 
-0.273674 0.000000 
0.432829 -0.000000 
-0.586333 0.000000 
0.324855 0.000000 
-0.033189 -0.000000 
-0.337697 -0.000000 
0.276006 0.000000 
0.503344 0.000000 
-0.170129 0.000000 
-0.430621 0.000000 
-0.798093 -0.000000 
0.195981 0.000000 
-0.649559 0.000000 
-0.063362 0.000000 
0.119190 0.000000 
0.964897 0.000000 
0.070751 -0.000000 
-0.696522 -0.000000 
-0.316320 0.000000 
0.771809 0.000000 
0.305758 0.000000 
0.325226 0.000000 
-0.046748 -0.000000 
0.374191 0.000000 
-0.284821 0.000000 
-0.108232 0.000000 
0.644377 0.000000 
0.290774 0.000000 
-0.083377 0.000000 
0.533069 0.000000 
0.216358 0.000000 
0.110959 0.000000 
-0.355146 0.000000 
0.285796 0.000000 
-0.809817 0.000000 
-0.421951 0.000000 
0.656539 0.000000 
0.213034 -0.000000 
0.038563 -0.000000 
-0.393033 -0.000000 
-0.281767 0.000000 
-0.109297 -0.000000 
-0.774169 0.000000 
0.421434 0.000000 
-0.398831 0.000000 
-0.168448 0.000000 
0.041650 -0.000000 
-0.284690 0.000000 
-0.234210 0.000000 
0.022553 -0.000000 
0.523816 0.000000 
-0.273767 0.000000 
-0.314462 0.000000 
-0.106630 0.000000 
0.382970 -0.000000 
-0.626696 0.000000 
-0.571523 0.000000 
-0.018391 0.000000 
-0.102991 0.000000 
-0.064353 0.000000 
-0.294402 -0.000000 
-0.111686 0.000000 
0.100515 0.000000 
-0.206888 0.000000 
-0.386190 -0.000000 
1.034727 0.000000 
0.316260 -0.000000 
-0.362065 0.000000 
-0.332644 0.000000 
0.124664 -0.000000 
0.394761 0.000000 
-0.295031 0.000000 
-0.292382 0.000000 
-0.851957 0.000000 
0.593939 0.000000 
0.113466 0.000000 
0.171788 0.000000 
0.362717 0.000000 
-0.550206 -0.000000 
0.453924 -0.000000 
0.964663 -0.000000 
-0.125020 -0.000000 
0.429626 0.000000 
0.168280 0.000000 
-0.153660 0.000000 
0.482105 -0.000000 
0.492610 -0.000000 
-0.044613 -0.000000 
0.487449 0.000000 
0.796701 0.000000 
-0.674319 0.000000 
-0.753667 0.000000 
0.391620 0.000000 
0.118754 0.000000 
0.429250 0.000000 
-0.964912 -0.000000 
-0.240901 0.000000 
-0.183053 0.000000 
1.300988 0.000000 
0.057579 -0.000000 
0.037205 0.000000 
0.459225 0.000000 
-0.327183 -0.000000 
-0.619910 0.000000 
0.293404 -0.000000 
0.269676 -0.000000 
0.570344 0.000000 
0.193358 0.000000 
0.418599 -0.000000 
-0.660488 0.000000 
0.630965 -0.000000 
-0.777221 -0.000000 
-0.458282 0.000000 
-0.197441 -0.000000 
-0.079240 -0.000000 
0.564215 0.000000 
-0.028995 0.000000 
-0.079415 0.000000 
0.402356 0.000000 
0.481250 -0.000000 
0.162379 0.000000 
-0.231540 0.000000 
0.845834 0.000000 
-0.155252 0.000000 
1.102756 0.000000 
0.121333 -0.000000 
-0.162650 0.000000 
0.082395 0.000000 
-0.016083 0.000000 
0.379950 0.000000 
0.337128 0.000000 
0.637705 -0.000000 
-0.310891 -0.000000 
-0.430023 -0.000000 
0.867211 0.000000 
-0.159925 -0.000000 
-0.767860 0.000000 
-0.521579 0.000000 
0.477563 0.000000 
0.436004 0.000000 
0.187563 0.000000 
-0.212990 0.000000 
0.143253 0.000000 
0.047868 0.000000 
-0.014017 -0.000000 
-0.585321 0.000000 
-0.756754 -0.000000 
-0.131484 0.000000 
-0.535811 0.000000 
0.066432 0.000000 
0.691787 0.000000 
-0.294647 0.000000 
0.292579 0.000000 
0.085555 -0.000000 
0.209752 0.000000 
-0.090465 0.000000 
-0.832699 0.000000 
0.063045 -0.000000 
0.529396 0.000000 
-0.874417 0.000000 
-0.370002 0.000000 
-0.334283 0.000000 
1.481132 0.000000 
0.488448 -0.000000 
-0.140793 -0.000000 
-0.570558 0.000000 
0.079371 -0.000000 
0.387482 0.000000 
0.483435 0.000000 
1.484540 0.000000 
-0.117657 0.000000 
1.107694 -0.000000 
0.019166 -0.000000 
0.574636 0.000000 
-0.176802 0.000000 
0.569964 0.000000 
-0.835623 0.000000 
0.573267 0.000000 
-0.403540 0.000000 
-0.827977 -0.000000 
0.329602 0.000000 
-0.420259 -0.000000 
-0.608337 0.000000 
0.236651 0.000000 
0.679407 0.000000 
0.038237 0.000000 
0.196244 0.000000 
0.543987 -0.000000 
-0.463707 0.000000 
0.499635 -0.000000 
0.201649 0.000000 
-0.271195 0.000000 
0.539141 0.000000 
-0.125306 0.000000 
-0.780543 0.000000 
0.590211 0.000000 
-0.562152 0.000000 
0.457915 -0.000000 
0.515218 0.000000 
0.509614 0.000000 
-0.107336 -0.000000 
0.263266 0.000000 
0.360440 0.000000 
-0.860427 0.000000 
-0.432795 0.000000 
-0.665795 -0.000000 
-0.533621 -0.000000 
-0.089283 0.000000 
-0.322745 0.000000 
-1.081981 0.000000 
0.479488 0.000000 
-0.145412 0.000000 
-0.595520 0.000000 
0.807636 0.000000 
0.096721 -0.000000 
-0.127808 -0.000000 
0.274398 -0.000000 
-0.739852 0.000000 
0.033536 -0.000000 
-0.235591 0.000000 
0.579780 -0.000000 
0.081296 0.000000 
0.608819 0.000000 
0.235402 -0.000000 
-0.575054 0.000000 
0.206324 -0.000000 
-0.819829 0.000000 
-0.220592 0.000000 
0.008948 0.000000 
-0.483271 0.000000 
-0.298468 0.000000 
0.517293 0.000000 
0.141654 -0.000000 
-0.594397 0.000000 
-0.551389 0.000000 
0.383330 0.000000 
0.089268 0.000000 
-0.297161 0.000000 
-0.045849 -0.000000 
0.777844 0.000000 
0.225366 -0.000000 
-0.569661 0.000000 
-0.199710 0.000000 
0.291942 0.000000 
0.678118 0.000000 
-0.865146 0.000000 
-0.073604 -0.000000 
-0.253091 -0.000000 
0.586562 0.000000 
0.427283 -0.000000 
0.247484 0.000000 
-0.486541 0.000000 
0.553509 0.000000 
-0.025384 0.000000 
0.610321 -0.000000 
0.598708 0.000000 
1.127126 0.000000 
0.406243 0.000000 
0.461788 0.000000 
-0.421330 0.000000 
-0.456996 0.000000 
-0.182758 0.000000 
1.074133 0.000000 
0.188368 -0.000000 
-1.111643 0.000000 
-0.674270 0.000000 
0.349697 0.000000 
0.810989 -0.000000 
0.136647 -0.000000 
-0.656276 -0.000000 
0.546155 0.000000 
0.261853 0.000000 
0.304767 0.000000 
-0.603936 -0.000000 
-0.876701 -0.000000 
-0.101882 0.000000 
-0.454192 0.000000 
-0.803187 -0.000000 
0.304648 -0.000000 
-0.637287 0.000000 
-0.619093 -0.000000 
-0.893503 0.000000 
-0.611042 -0.000000 
-0.048724 0.000000 
-1.058079 0.000000 
-0.022688 -0.000000 
0.559250 0.000000 
0.521112 0.000000 
0.271723 0.000000 
0.428987 0.000000 
0.057580 -0.000000 
-0.899395 0.000000 
0.152513 0.000000 
-1.024254 -0.000000 
-0.996811 -0.000000 
-0.374774 -0.000000 
-0.315807 0.000000 
-0.468862 0.000000 
-0.145607 -0.000000 
0.129193 0.000000 
0.758640 -0.000000 
-0.348351 0.000000 
0.427894 0.000000 
0.166088 -0.000000 
0.112543 0.000000 
-0.335189 0.000000 
-0.772303 0.000000 
-0.708783 0.000000 
0.079113 0.000000 
0.281067 0.000000 
0.443460 0.000000 
0.220244 0.000000 
0.132048 0.000000 
-0.169240 0.000000 
-0.165401 0.000000 
-0.289840 0.000000 
0.682105 -0.000000 
0.357105 -0.000000 
-0.091331 0.000000 
0.000682 -0.000000 
-0.308684 -0.000000 
-0.065531 0.000000 
-0.568690 -0.000000 
-0.602504 0.000000 
-0.309608 0.000000 
-0.301176 0.000000 
0.129316 0.000000 
0.874555 0.000000 
-0.101918 0.000000 
-0.088491 -0.000000 
0.293141 0.000000 
0.137763 0.000000 
0.267570 -0.000000 
-0.483747 0.000000 
-0.100663 0.000000 
0.219482 -0.000000 
-0.218418 0.000000 
-0.295688 -0.000000 
-0.199641 -0.000000 
-0.943127 0.000000 
0.757352 0.000000 
-0.088648 0.000000 
-0.396489 0.000000 
0.336127 0.000000 
-0.400742 0.000000 
-0.791403 -0.000000 
-0.909049 0.000000 
-0.637610 -0.000000 
0.024194 -0.000000 
-0.047829 0.000000 
-0.382144 -0.000000 
-0.648154 0.000000 
-0.666115 0.000000 
0.270471 -0.000000 
-0.015656 0.000000 
0.686543 0.000000 
-0.967047 0.000000 
-0.337749 0.000000 
0.707815 0.000000 
0.452208 0.000000 
-0.067393 0.000000 
-0.096989 0.000000 
0.004381 0.000000 
-0.025051 0.000000 
1.189031 0.000000 
0.656660 0.000000 
-0.101863 0.000000 
-0.352720 0.000000 
-0.104179 0.000000 
0.240138 -0.000000 
0.733926 0.000000 
0.463555 0.000000 
-0.132098 0.000000 
0.621448 0.000000 
-0.247304 0.000000 
0.114310 0.000000 
-0.406428 0.000000 
0.231607 0.000000 
-0.025728 0.000000 
0.059683 -0.000000 
-0.536301 -0.000000 
0.550995 -0.000000 
-0.321385 0.000000 
-0.067431 0.000000 
0.001664 0.000000 
-0.588662 -0.000000 
-0.165363 0.000000 
0.995424 -0.000000 
0.420819 0.000000 
-0.189066 -0.000000 
0.803577 0.000000 
-0.432610 0.000000 
-0.004071 0.000000 
0.390813 0.000000 
-0.708651 0.000000 
-0.390735 0.000000 
-0.420520 0.000000 
-0.209117 0.000000 
0.422763 0.000000 
-0.837070 -0.000000 
-0.251828 0.000000 
-0.054793 0.000000 
0.285668 0.000000 
-0.242825 0.000000 
0.148035 0.000000 
0.089552 0.000000 
0.232281 0.000000 
0.710197 0.000000 
0.477062 0.000000 
0.426771 0.000000 
0.470125 0.000000 
-0.074408 0.000000 
-0.112660 -0.000000 
-0.137352 0.000000 
0.890344 0.000000 
-0.155684 0.000000 
-0.334136 0.000000 
-0.235290 0.000000 
0.305969 0.000000 
0.271782 0.000000 
-0.679909 0.000000 
-0.128032 0.000000 
-0.127477 0.000000 
0.715192 -0.000000 
-0.482083 0.000000 
-0.040742 0.000000 
0.451193 0.000000 
-0.098477 0.000000 
0.168334 -0.000000 
-0.238768 0.000000 
-0.128506 -0.000000 
0.217659 0.000000 
0.649827 0.000000 
-0.178446 0.000000 
0.782779 -0.000000 
-0.419242 0.000000 
-1.832469 0.000000 
-0.499542 0.000000 
0.104460 0.000000 
-0.209271 0.000000 
-0.012513 0.000000 
0.081562 0.000000 
0.757868 0.000000 
-0.052047 0.000000 
0.425728 0.000000 
0.769593 0.000000 
0.541193 0.000000 
-0.285231 0.000000 
0.055014 0.000000 
0.106878 0.000000 
0.043469 0.000000 
0.543386 0.000000 
-0.058154 0.000000 
-0.650124 0.000000 
0.705177 -0.000000 
-0.197965 0.000000 
-0.572785 -0.000000 
0.439482 0.000000 
-0.183268 0.000000 
-0.378651 -0.000000 
-0.531674 0.000000 
-0.886921 0.000000 
-0.001929 0.000000 
0.785353 0.000000 
-0.543949 -0.000000 
0.471020 0.000000 
-0.777310 0.000000 
0.057925 0.000000 
-0.539260 0.000000 
1.108767 0.000000 
0.430438 0.000000 
-0.141715 0.000000 
1.002854 0.000000 
-0.295538 0.000000 
-0.276249 0.000000 
-0.143815 0.000000 
0.064432 -0.000000 
0.091328 -0.000000 
-0.067734 -0.000000 
-0.571804 0.000000 
0.684832 0.000000 
0.083004 0.000000 
0.087097 0.000000 
0.202031 0.000000 
0.100715 0.000000 
0.083085 0.000000 
-0.995321 0.000000 
0.709285 -0.000000 
-0.839095 0.000000 
0.088294 -0.000000 
-0.301286 0.000000 
0.156806 0.000000 
0.673247 0.000000 
-0.127714 -0.000000 
-0.402728 0.000000 
0.380983 0.000000 
0.081694 -0.000000 
0.604959 -0.000000 
-0.273774 0.000000 
0.162712 0.000000 
0.449210 -0.000000 
-0.696501 -0.000000 
0.510234 -0.000000 
0.010645 0.000000 
0.653203 0.000000 
-0.675573 0.000000 
-0.251051 0.000000 
-0.255726 0.000000 
0.533550 0.000000 
-0.275293 0.000000 
-0.470669 -0.000000 
0.046632 0.000000 
0.596881 0.000000 
0.047112 0.000000 
-0.448068 0.000000 
-0.179211 -0.000000 
-0.384640 -0.000000 
-0.587793 0.000000 
0.073168 0.000000 
0.816928 0.000000 
-0.284330 -0.000000 
-0.284744 0.000000 
0.124826 0.000000 
-0.021312 0.000000 
0.622206 0.000000 
-0.259900 0.000000 
0.008743 0.000000 
0.144773 0.000000 
-0.466753 0.000000 
0.556271 0.000000 
0.039529 0.000000 
0.698287 0.000000 
0.065393 0.000000 
0.400152 0.000000 
0.031849 0.000000 
-0.597456 -0.000000 
-0.361884 0.000000 
0.017701 0.000000 
-1.257429 0.000000 
0.487733 -0.000000 
0.127903 -0.000000 
-1.281130 0.000000 
0.099305 0.000000 
-0.489955 0.000000 
-0.586540 -0.000000 
-0.456135 0.000000 
-0.169182 0.000000 
-0.184438 0.000000 
-0.629388 0.000000 
0.216585 0.000000 
0.064744 0.000000 
-0.463436 0.000000 
-0.185252 0.000000 
-0.433969 0.000000 
1.301195 0.000000 
0.197511 0.000000 
-0.510082 0.000000 
0.427029 0.000000 
-0.636549 0.000000 
0.067087 0.000000 
-0.416782 0.000000 
-0.455911 0.000000 
-0.607459 0.000000 
-0.022633 -0.000000 
-0.088812 0.000000 
-0.112504 -0.000000 
-0.330168 -0.000000 
-0.372327 0.000000 
-0.079902 0.000000 
-0.201905 0.000000 
1.063897 -0.000000 
0.305214 0.000000 
0.366273 0.000000 
-0.596033 0.000000 
0.371276 -0.000000 
0.373147 -0.000000 
-0.355503 0.000000 
1.264651 -0.000000 
-0.191091 0.000000 
-0.508815 0.000000 
0.658365 -0.000000 
-0.532464 0.000000 
0.019173 0.000000 
0.486045 0.000000 
-0.034123 0.000000 
-0.552804 0.000000 
0.133500 -0.000000 
0.225127 0.000000 
0.599578 -0.000000 
-0.078983 0.000000 
0.079073 0.000000 
0.071214 0.000000 
-0.158777 0.000000 
-0.512022 -0.000000 
-1.142519 0.000000 
-0.125978 0.000000 
0.086352 0.000000 
0.191528 0.000000 
0.032761 0.000000 
0.823031 0.000000 
0.122144 0.000000 
-0.473731 0.000000 
0.014602 0.000000 
-1.110367 -0.000000 
0.291649 -0.000000 
-0.244517 0.000000 
-0.226470 0.000000 
-0.190508 -0.000000 
0.109657 0.000000 
0.572708 -0.000000 
-0.466556 0.000000 
0.196726 -0.000000 
-0.166653 0.000000 
0.038481 0.000000 
0.378254 -0.000000 
-0.554728 -0.000000 
0.623198 0.000000 
-0.474520 0.000000 
-0.280384 -0.000000 
-0.699282 0.000000 
0.071553 -0.000000 
-0.005756 0.000000 
-0.668571 0.000000 
-0.163380 -0.000000 
0.214982 -0.000000 
0.738481 0.000000 
-0.449927 0.000000 
0.286919 0.000000 
0.169658 0.000000 
-0.094404 0.000000 
0.113939 0.000000 
-0.299572 -0.000000 
0.837199 0.000000 
-0.446810 0.000000 
-0.219593 -0.000000 
-0.331105 0.000000 
-0.692111 -0.000000 
0.268866 0.000000 
-0.515901 -0.000000 
-0.029857 0.000000 
0.429930 0.000000 
-0.275928 0.000000 
0.504703 0.000000 
0.522223 0.000000 
-0.024855 0.000000 
-0.032383 0.000000 
0.981364 -0.000000 
-0.349738 -0.000000 
-0.513824 -0.000000 
0.202592 -0.000000 
0.188791 0.000000 
-0.355020 -0.000000 
-0.039295 0.000000 
-0.411844 -0.000000 
0.436939 -0.000000 
-1.067619 0.000000 
0.674808 0.000000 
-0.287575 -0.000000 
-1.156608 0.000000 
0.173286 0.000000 
-0.373501 -0.000000 
-0.485545 0.000000 
0.812246 0.000000 
0.080858 0.000000 
0.134449 0.000000 
-0.396407 0.000000 
-0.266979 -0.000000 
0.914049 -0.000000 
0.210057 0.000000 
0.316358 0.000000 
0.099923 -0.000000 
0.596402 0.000000 
-0.669213 0.000000 
0.325013 0.000000 
-0.186176 0.000000 
0.943948 0.000000 
0.104347 -0.000000 
0.083868 -0.000000 
0.252979 0.000000 
0.601467 0.000000 
-0.125647 0.000000 
-0.134683 0.000000 
0.832224 0.000000 
-0.142745 0.000000 
-0.186474 0.000000 
0.223460 0.000000 
-0.076929 0.000000 
0.030425 -0.000000 
0.004106 -0.000000 
0.064942 0.000000 
0.305473 0.000000 
-0.124131 0.000000 
0.142255 0.000000 
-0.519253 -0.000000 
-0.543833 0.000000 
-0.588922 0.000000 
-0.798590 0.000000 
0.184020 0.000000 
0.292341 -0.000000 
-0.080329 -0.000000 
-0.538873 0.000000 
-1.166265 0.000000 
0.659863 0.000000 
0.196722 -0.000000 
-0.394625 0.000000 
-0.394162 -0.000000 
-0.331534 -0.000000 
-0.627194 -0.000000 
-1.095186 0.000000 
0.186662 0.000000 
0.140288 0.000000 
0.176214 0.000000 
-0.520018 0.000000 
-0.636436 0.000000 
0.167179 0.000000 
-0.383140 -0.000000 
-0.238010 0.000000 
-0.009997 0.000000 
-0.092720 0.000000 
-0.304661 -0.000000 
0.376479 -0.000000 
0.537472 0.000000 
-0.346521 0.000000 
0.345260 0.000000 
0.126838 -0.000000 
-0.050190 0.000000 
-0.752523 0.000000 
1.004191 -0.000000 
-0.097523 -0.000000 
0.021049 0.000000 
0.298386 0.000000 
-0.317271 0.000000 
-0.261139 0.000000 
-0.115224 -0.000000 
0.439759 -0.000000 
0.504012 -0.000000 
0.630392 0.000000 
0.772711 0.000000 
0.555147 0.000000 
0.446055 0.000000 
0.098837 -0.000000 
0.980071 0.000000 
-0.680423 0.000000 
-0.619615 -0.000000 
0.625810 0.000000 
-0.766702 -0.000000 
0.112737 0.000000 
-0.683413 0.000000 
-0.199446 -0.000000 
0.380507 0.000000 
-1.202712 -0.000000 
0.117527 -0.000000 
-0.697795 0.000000 
0.029876 0.000000 
-0.627151 0.000000 
0.007519 0.000000 
0.000864 0.000000 
0.792485 -0.000000 
-0.209392 -0.000000 
-0.168742 0.000000 
0.138903 0.000000 
-0.148410 0.000000 
0.721898 0.000000 
-0.112404 0.000000 
-0.135182 0.000000 
0.233299 0.000000 
-0.031432 -0.000000 
-0.190587 0.000000 
0.278228 0.000000 
-1.155063 0.000000 
-0.138686 0.000000 
-0.013694 -0.000000 
0.614639 0.000000 
0.190457 0.000000 
-0.094045 0.000000 
0.403052 -0.000000 
0.559434 0.000000 
-0.506404 0.000000 
0.481025 0.000000 
0.171940 0.000000 
0.325063 0.000000 
-0.343918 0.000000 
-0.115105 0.000000 
0.024696 0.000000 
0.642608 0.000000 
0.308587 -0.000000 
0.154093 0.000000 
-0.268385 0.000000 
0.616896 0.000000 
0.895010 -0.000000 
-0.106646 -0.000000 
0.323875 -0.000000 
1.215932 0.000000 
0.011933 0.000000 
0.253710 0.000000 
0.106770 0.000000 
-0.620277 -0.000000 
-0.101472 0.000000 
-0.865494 -0.000000 
0.074990 0.000000 
-0.313636 0.000000 
-0.175897 -0.000000 
-0.398296 -0.000000 
0.106539 -0.000000 
0.376144 0.000000 
0.161923 0.000000 
0.002275 0.000000 
-1.229845 -0.000000 
0.204122 0.000000 
-0.092691 0.000000 
0.681028 -0.000000 
-0.133303 -0.000000 
-0.369177 0.000000 
-0.580987 0.000000 
0.346017 0.000000 
0.259199 -0.000000 
0.445255 -0.000000 
-0.212303 0.000000 
-0.215962 0.000000 
0.353688 0.000000 
-0.476420 0.000000 
-0.083953 0.000000 
0.100460 0.000000 
0.308253 -0.000000 
0.089607 -0.000000 
0.506773 0.000000 
-0.389285 0.000000 
-0.050986 0.000000 
-0.003071 0.000000 
0.289879 0.000000 
-0.421769 0.000000 
0.278327 -0.000000 
0.685709 0.000000 
-0.762487 0.000000 
-0.118896 -0.000000 
0.461884 -0.000000 
-0.031701 0.000000 
-0.088301 -0.000000 
0.062940 -0.000000 
0.515498 0.000000 
-0.050138 0.000000 
-0.674268 0.000000 
0.962891 -0.000000 
0.415162 -0.000000 
0.260600 0.000000 
-0.729617 -0.000000 
0.675338 -0.000000 
1.103017 0.000000 
-0.523142 0.000000 
0.563054 -0.000000 
-0.742296 0.000000 
-0.610334 0.000000 
-0.020974 0.000000 
-0.449094 0.000000 
-0.290343 -0.000000 
-0.120143 -0.000000 
0.180701 0.000000 
0.614476 -0.000000 
0.404374 0.000000 
0.542585 -0.000000 
-0.489820 -0.000000 
0.899588 0.000000 
1.279722 -0.000000 
0.458556 0.000000 
0.340568 -0.000000 
0.001596 -0.000000 
-0.089987 -0.000000 
-0.180202 0.000000 
-0.191906 0.000000 
-0.960423 0.000000 
0.838251 0.000000 
-0.114707 -0.000000 
-0.060899 0.000000 
-0.455954 0.000000 
0.212462 0.000000 
-0.715563 0.000000 
0.267552 0.000000 
0.596392 0.000000 
-1.198179 0.000000 
-0.701150 0.000000 
0.756861 0.000000 
-0.068470 0.000000 
-0.505442 0.000000 
-0.239788 -0.000000 
-0.754548 0.000000 
0.071650 0.000000 
-0.466844 0.000000 
0.040991 0.000000 
0.367340 0.000000 
-0.248014 0.000000 
0.559531 -0.000000 
0.024249 0.000000 
-0.185787 0.000000 
-0.351735 0.000000 
0.128059 -0.000000 
-0.279328 0.000000 
-0.381720 0.000000 
-0.508405 0.000000 
-0.132257 0.000000 
-0.077583 0.000000 
0.465353 0.000000 
0.101108 0.000000 
-0.403076 0.000000 
0.131766 0.000000 
0.325151 -0.000000 
-0.145436 -0.000000 
-0.791628 -0.000000 
-0.484042 0.000000 
-0.312421 -0.000000 
0.018975 0.000000 
-0.937323 -0.000000 
-0.264247 0.000000 
-0.006631 0.000000 
-0.205104 0.000000 
-0.839824 0.000000 
-0.351721 0.000000 
0.048504 0.000000 
-0.266468 0.000000 
0.485945 0.000000 
0.276959 -0.000000 
0.089317 -0.000000 
-0.795589 0.000000 
0.311122 0.000000 
0.213099 0.000000 
0.257923 0.000000 
0.043090 0.000000 
-0.536350 0.000000 
0.021391 0.000000 
0.123652 -0.000000 
-0.363495 -0.000000 
-0.021652 0.000000 
-0.029741 0.000000 
-0.216971 0.000000 
-0.266431 -0.000000 
0.593673 0.000000 
-0.628607 0.000000 
0.468482 0.000000 
0.616629 0.000000 
-1.168708 0.000000 
0.204682 -0.000000 
0.262747 -0.000000 
-0.455812 0.000000 
-0.583168 0.000000 
0.470313 0.000000 
-0.088346 -0.000000 
-0.221637 0.000000 
0.481206 0.000000 
0.508135 0.000000 
-1.141886 0.000000 
-0.749300 0.000000 
-0.878715 0.000000 
0.424997 0.000000 
0.737951 0.000000 
0.166274 0.000000 
0.413056 0.000000 
-0.055428 0.000000 
-0.021691 -0.000000 
-0.203792 0.000000 
0.497127 0.000000 
0.624440 0.000000 
1.072786 0.000000 
0.235645 0.000000 
-0.388792 -0.000000 
-0.279552 -0.000000 
0.491823 0.000000 
0.817261 0.000000 
-0.228155 -0.000000 
0.099723 0.000000 
-1.268358 0.000000 
-0.751755 0.000000 
0.394917 0.000000 
-0.179034 -0.000000 
0.692909 -0.000000 
0.876267 0.000000 
0.179234 -0.000000 
0.309888 0.000000 
0.288595 -0.000000 
0.174756 0.000000 
0.154528 -0.000000 
-0.786109 0.000000 
-0.968433 0.000000 
0.037849 0.000000 
0.242508 -0.000000 
-0.514790 0.000000 
-0.668200 0.000000 
0.938188 0.000000 
-0.598695 0.000000 
0.065790 0.000000 
0.108417 0.000000 
-0.047379 0.000000 
-0.936596 0.000000 
0.017323 0.000000 
0.226403 0.000000 
-1.305032 -0.000000 
-0.220462 0.000000 
-0.191187 0.000000 
-1.013221 0.000000 
0.258805 0.000000 
0.072523 -0.000000 
1.185508 0.000000 
-0.021566 0.000000 
-0.585950 0.000000 
-0.282229 0.000000 
-0.530574 0.000000 
0.600734 -0.000000 
0.199583 0.000000 
-0.023489 0.000000 
0.219543 -0.000000 
0.666009 -0.000000 
0.170876 -0.000000 
0.030804 0.000000 
-0.177115 0.000000 
0.472698 0.000000 
0.412095 -0.000000 
0.306774 0.000000 
-0.213815 0.000000 
-0.170782 0.000000 
-0.666944 -0.000000 
-0.687157 -0.000000 
0.255138 0.000000 
-0.712802 -0.000000 
-0.372813 0.000000 
-0.297940 0.000000 
0.249081 -0.000000 
0.204691 0.000000 
-0.227046 -0.000000 
0.121580 0.000000 
0.590517 0.000000 
-0.297386 0.000000 
0.643055 -0.000000 
-0.544951 0.000000 
0.119044 -0.000000 
0.226989 0.000000 
-0.325300 0.000000 
0.545847 0.000000 
-0.349242 0.000000 
0.353342 -0.000000 
-0.586066 0.000000 
-0.280121 0.000000 
-0.266176 -0.000000 
-0.372647 0.000000 
-0.483955 -0.000000 
-0.361621 0.000000 
-0.057983 0.000000 
-0.607003 0.000000 
-0.297811 0.000000 
-0.335289 0.000000 
-0.846971 0.000000 
-0.551717 0.000000 
0.867056 0.000000 
0.721977 0.000000 
-0.023583 0.000000 
-0.292898 -0.000000 
0.213225 0.000000 
0.013014 -0.000000 
0.215599 -0.000000 
0.629835 -0.000000 
0.308709 0.000000 
-0.592176 0.000000 
-0.420405 0.000000 
-0.128015 -0.000000 
0.067483 -0.000000 
0.245125 0.000000 
-0.658739 0.000000 
0.217093 0.000000 
-0.507927 0.000000 
-1.104205 0.000000 
-0.329505 0.000000 
0.305142 -0.000000 
-0.309733 0.000000 
-0.276871 0.000000 
-0.066771 0.000000 
-0.081320 0.000000 
-0.042555 -0.000000 
-0.296754 0.000000 
-0.684744 0.000000 
-0.621658 0.000000 
0.522677 0.000000 
0.174534 0.000000 
0.128575 0.000000 
0.581813 0.000000 
-0.437386 0.000000 
-0.647538 -0.000000 
0.564359 -0.000000 
-0.520869 -0.000000 
0.162614 -0.000000 
-0.008122 0.000000 
0.209973 0.000000 
0.353489 -0.000000 
-0.484227 -0.000000 
-0.468399 0.000000 
0.640165 -0.000000 
0.809777 0.000000 
0.273467 0.000000 
-0.381510 0.000000 
0.156184 0.000000 
1.275970 0.000000 
0.001628 -0.000000 
0.760320 0.000000 
-0.543142 0.000000 
-0.718786 0.000000 
-0.156067 -0.000000 
0.785499 0.000000 
0.800940 0.000000 
-0.144185 0.000000 
-0.052362 0.000000 
-0.226261 -0.000000 
0.615112 0.000000 
0.529517 0.000000 
-0.690540 0.000000 
-0.499166 0.000000 
0.450321 -0.000000 
0.127187 0.000000 
-0.466502 -0.000000 
-0.570649 -0.000000 
0.009746 -0.000000 
-0.168615 0.000000 
-0.035683 0.000000 
0.296534 -0.000000 
-0.724947 0.000000 
0.086350 0.000000 
0.792769 -0.000000 
0.829546 -0.000000 
-0.237043 0.000000 
0.316956 0.000000 
-0.037838 0.000000 
0.417642 0.000000 
0.358584 -0.000000 
-0.633611 -0.000000 
0.361363 0.000000 
0.434772 0.000000 
0.267298 -0.000000 
-0.688222 -0.000000 
1.132075 -0.000000 
0.119491 -0.000000 
0.184343 -0.000000 
-0.268466 0.000000 
0.219104 -0.000000 
0.469922 -0.000000 
0.682743 0.000000 
-0.086727 0.000000 
-0.176655 0.000000 
-0.004321 0.000000 
-1.048924 -0.000000 
0.126543 0.000000 
-0.447326 -0.000000 
-0.011697 0.000000 
-0.600323 0.000000 
-0.037161 0.000000 
-0.085175 0.000000 
0.086611 0.000000 
-0.524850 -0.000000 
0.193777 -0.000000 
0.474708 -0.000000 
-1.060145 -0.000000 
0.078943 0.000000 
0.391492 0.000000 
-0.818510 0.000000 
-0.100626 0.000000 
-0.472090 0.000000 
-0.478825 0.000000 
0.695906 -0.000000 
-0.021244 0.000000 
-0.610728 -0.000000 
0.002383 0.000000 
-0.051875 0.000000 
0.101814 0.000000 
0.628257 0.000000 
-0.380144 0.000000 
0.193798 -0.000000 
-0.305298 0.000000 
0.092751 -0.000000 
0.610921 -0.000000 
-0.807725 0.000000 
0.666122 0.000000 
0.106696 0.000000 
-1.146629 -0.000000 
-0.601954 0.000000 
0.003910 0.000000 
0.220513 0.000000 
-0.872829 0.000000 
0.533907 0.000000 
-0.575847 0.000000 
0.600354 0.000000 
-0.266169 -0.000000 
-1.406130 -0.000000 
0.398805 0.000000 
-0.178463 0.000000 
-0.463247 -0.000000 
0.228586 0.000000 
0.083794 0.000000 
-0.007611 0.000000 
-0.481926 -0.000000 
-0.637835 -0.000000 
-0.749344 -0.000000 
-0.477484 0.000000 
-0.803344 0.000000 
-0.410642 -0.000000 
-0.599437 -0.000000 
-0.357905 0.000000 
1.165459 -0.000000 
-0.422988 0.000000 
-0.317633 -0.000000 
-0.108710 0.000000 
0.321670 0.000000 
0.090946 0.000000 
0.015303 -0.000000 
0.353846 0.000000 
0.518279 -0.000000 
0.055251 -0.000000 
-0.338188 0.000000 
-0.041749 0.000000 
-0.487529 -0.000000 
0.143464 -0.000000 
0.573868 0.000000 
0.099003 -0.000000 
0.487777 0.000000 
0.816866 0.000000 
0.020951 0.000000 
0.814819 -0.000000 
0.270012 0.000000 
-0.613459 0.000000 
0.205066 0.000000 
0.732054 0.000000 
-1.125859 0.000000 
-0.103736 0.000000 
-0.255095 0.000000 
-0.579670 0.000000 
-0.308674 -0.000000 
-0.090804 -0.000000 
-0.074303 0.000000 
-0.341861 0.000000 
-0.362048 0.000000 
-0.831322 0.000000 
-0.061084 -0.000000 
0.977951 -0.000000 
-0.903740 0.000000 
-0.249667 0.000000 
-0.045154 0.000000 
0.528664 -0.000000 
0.170836 0.000000 
-0.005037 -0.000000 
-0.462724 0.000000 
0.282804 0.000000 
-0.015632 0.000000 
0.743208 0.000000 
0.055967 0.000000 
0.403327 0.000000 
-0.470689 -0.000000 
0.573078 0.000000 
0.157384 -0.000000 
-0.348804 -0.000000 
0.124483 0.000000 
0.621100 -0.000000 
-0.378186 0.000000 
-0.194755 0.000000 
0.209037 -0.000000 
-0.201695 0.000000 
-0.713425 0.000000 
0.043740 -0.000000 
-0.480996 0.000000 
0.724331 -0.000000 
0.400901 0.000000 
1.032610 0.000000 
0.009588 0.000000 
0.679165 0.000000 
0.058403 0.000000 
0.002946 0.000000 
0.087726 0.000000 
0.227476 0.000000 
0.032443 -0.000000 
-0.484282 0.000000 
-0.008878 -0.000000 
-0.942716 -0.000000 
-0.217555 0.000000 
-0.218784 -0.000000 
0.182911 0.000000 
-1.003045 0.000000 
0.447821 -0.000000 
0.593259 0.000000 
0.662515 0.000000 
0.902240 -0.000000 
0.141986 0.000000 
0.103413 0.000000 
-0.467191 -0.000000 
0.251051 0.000000 
0.086059 0.000000 
-1.695941 0.000000 
0.256036 -0.000000 
-0.171450 0.000000 
-0.347861 -0.000000 
1.194115 -0.000000 
-0.622408 0.000000 
-0.137482 -0.000000 
-0.223513 -0.000000 
0.256817 0.000000 
-0.003637 0.000000 
-0.196241 0.000000 
0.052632 0.000000 
0.205758 -0.000000 
0.071686 0.000000 
0.166136 -0.000000 
0.383555 -0.000000 
0.033303 0.000000 
0.492544 0.000000 
0.204330 0.000000 
0.219073 0.000000 
0.016653 0.000000 
0.597106 0.000000 
0.228834 0.000000 
-0.163302 -0.000000 
-0.059732 0.000000 
-0.747583 0.000000 
-0.279099 0.000000 
0.195940 0.000000 
0.325912 0.000000 
-0.450627 0.000000 
-0.973471 0.000000 
0.305924 0.000000 
0.156419 0.000000 
0.787156 -0.000000 
-0.906102 0.000000 
0.485990 0.000000 
0.075534 -0.000000 
-0.189551 -0.000000 
-0.217760 0.000000 
0.743216 0.000000 
-0.123547 0.000000 
0.506668 0.000000 
-0.440290 0.000000 
-0.895854 0.000000 
-0.296589 0.000000 
-0.492551 0.000000 
-0.467991 -0.000000 
0.064583 0.000000 
0.142317 -0.000000 
0.100351 0.000000 
-0.071641 0.000000 
-1.132170 0.000000 
-0.522403 0.000000 
0.055518 -0.000000 
0.577713 0.000000 
0.134008 -0.000000 
0.151442 -0.000000 
-0.290245 0.000000 
-0.682626 0.000000 
-0.256291 0.000000 
-0.541986 0.000000 
0.636995 -0.000000 
-1.204723 -0.000000 
0.412216 0.000000 
0.035516 0.000000 
0.406273 -0.000000 
-0.500149 0.000000 
0.030915 0.000000 
0.002253 -0.000000 
-0.394020 -0.000000 
-0.478367 0.000000 
0.557866 0.000000 
-0.589440 0.000000 
0.048447 0.000000 
-0.196476 0.000000 
0.500960 -0.000000 
0.121790 -0.000000 
-0.665346 0.000000 
0.356715 -0.000000 
0.262615 0.000000 
-1.109723 0.000000 
-0.291153 0.000000 
0.842941 0.000000 
0.752505 -0.000000 
-0.283638 -0.000000 
-0.406636 0.000000 
0.183316 -0.000000 
0.319297 0.000000 
-0.503036 0.000000 
0.083376 0.000000 
0.015244 0.000000 
0.023560 0.000000 
0.432427 0.000000 
-0.150835 -0.000000 
0.670213 -0.000000 
0.811880 -0.000000 
0.183125 0.000000 
0.451744 -0.000000 
0.148960 -0.000000 
-0.653429 0.000000 
-0.525979 -0.000000 
0.478441 0.000000 
-1.550293 0.000000 
0.210893 0.000000 
0.092961 -0.000000 
-0.409041 0.000000 
-0.519434 0.000000 
-0.029301 0.000000 
-0.082740 0.000000 
0.555635 -0.000000 
-0.680011 0.000000 
0.439752 -0.000000 
-0.505330 0.000000 
-0.502676 -0.000000 
-1.018198 0.000000 
1.005159 -0.000000 
-0.661959 0.000000 
0.208976 0.000000 
0.118430 -0.000000 
0.009655 0.000000 
0.668513 0.000000 
0.133719 -0.000000 
0.337314 0.000000 
0.058170 0.000000 
0.054042 0.000000 
-0.152469 -0.000000 
-0.507643 0.000000 
-0.462519 0.000000 
-0.614275 0.000000 
0.642815 0.000000 
-0.002155 0.000000 
-0.019442 0.000000 
-0.720832 0.000000 
-0.002371 0.000000 
0.615239 0.000000 
-0.102942 -0.000000 
-0.282874 0.000000 
1.017755 0.000000 
-0.296851 -0.000000 
1.063701 -0.000000 
-0.020569 0.000000 
0.582988 0.000000 
0.294036 0.000000 
0.513103 0.000000 
-0.007749 0.000000 
-0.127919 -0.000000 
-0.782494 0.000000 
-0.074894 0.000000 
-0.302051 0.000000 
0.231743 0.000000 
-0.876620 0.000000 
-0.117264 -0.000000 
-0.181412 0.000000 
0.293182 0.000000 
-0.233478 0.000000 
-0.076039 -0.000000 
-1.072990 0.000000 
-0.481032 -0.000000 
-0.294904 -0.000000 
0.087362 0.000000 
-0.629567 -0.000000 
0.079655 0.000000 
0.341840 0.000000 
0.436421 -0.000000 
-0.769096 0.000000 
0.316114 0.000000 
-1.138554 0.000000 
-1.040384 0.000000 
-0.045646 0.000000 
-0.239315 0.000000 
-0.255207 0.000000 
-0.550916 0.000000 
-0.330363 0.000000 
-0.432523 0.000000 
-0.609230 -0.000000 
-0.455543 0.000000 
-0.757520 0.000000 
0.447279 -0.000000 
0.192782 0.000000 
-0.430181 0.000000 
-0.148846 0.000000 
0.693007 0.000000 
-0.136665 0.000000 
-0.453799 0.000000 
-0.181052 -0.000000 
0.531605 0.000000 
0.141642 0.000000 
0.265051 0.000000 
-0.734395 0.000000 
-0.109714 0.000000 
-0.265660 -0.000000 
-0.389137 -0.000000 
0.610057 0.000000 
0.642804 -0.000000 
0.747156 -0.000000 
-1.119773 -0.000000 
0.464456 -0.000000 
0.256921 0.000000 
0.558291 0.000000 
0.050694 -0.000000 
0.527911 0.000000 
-0.348703 0.000000 
0.658166 -0.000000 
-0.058563 0.000000 
-0.242392 0.000000 
0.200082 -0.000000 
-0.395442 0.000000 
0.449911 0.000000 
-0.153335 -0.000000 
-0.434063 0.000000 
-0.364438 -0.000000 
0.253511 0.000000 
0.119792 -0.000000 
0.375553 -0.000000 
0.235083 0.000000 
-0.501514 0.000000 
-0.212032 0.000000 
-0.447036 0.000000 
0.668631 0.000000 
0.371376 -0.000000 
0.212101 -0.000000 
-0.873047 0.000000 
0.793305 -0.000000 
-0.207317 0.000000 
0.502035 0.000000 
0.208026 0.000000 
0.565223 0.000000 
0.039504 0.000000 
0.485573 0.000000 
0.429315 0.000000 
-0.013769 0.000000 
0.373526 -0.000000 
-0.226243 -0.000000 
-1.386507 -0.000000 
-0.237754 -0.000000 
0.518552 -0.000000 
0.222838 -0.000000 
0.020417 -0.000000 
0.720226 0.000000 
0.087995 0.000000 
-0.308822 -0.000000 
0.454007 0.000000 
-0.392424 -0.000000 
-0.102693 0.000000 
0.198440 -0.000000 
-0.403989 -0.000000 
0.090497 -0.000000 
-0.585803 -0.000000 
-0.118573 0.000000 
-0.621942 0.000000 
-0.362034 -0.000000 
-0.429483 0.000000 
-0.505117 -0.000000 
0.621610 0.000000 
-0.000845 0.000000 
-0.322439 -0.000000 
-0.018840 0.000000 
0.218843 0.000000 
0.802572 -0.000000 
-0.826714 0.000000 
0.145932 0.000000 
-0.138895 0.000000 
0.227082 -0.000000 
0.271542 0.000000 
0.104569 0.000000 
0.046892 -0.000000 
0.163537 0.000000 
1.281368 0.000000 
-0.409808 0.000000 
-0.093583 -0.000000 
-0.288742 -0.000000 
-0.261323 0.000000 
0.225911 0.000000 
0.492363 0.000000 
0.202947 -0.000000 
-0.070677 0.000000 
0.320049 0.000000 
0.569919 -0.000000 
0.048857 0.000000 
0.318413 0.000000 
0.523094 0.000000 
-0.021526 -0.000000 
-1.088102 0.000000 
0.821391 0.000000 
-1.317210 0.000000 
0.307035 0.000000 
-0.470137 -0.000000 
0.043349 -0.000000 
-0.781783 0.000000 
0.278472 -0.000000 
0.023746 -0.000000 
0.632888 0.000000 
0.517298 0.000000 
0.047087 -0.000000 
0.435713 -0.000000 
0.640941 0.000000 
0.122210 0.000000 
-0.144272 0.000000 
0.716918 0.000000 
0.604982 0.000000 
-0.050904 0.000000 
0.396827 0.000000 
0.218691 0.000000 
-0.235988 0.000000 
0.473707 -0.000000 
-0.597828 0.000000 
0.015405 -0.000000 
-0.504305 -0.000000 
0.146273 0.000000 
0.280340 0.000000 
0.022010 0.000000 
-0.907217 0.000000 
-0.395006 0.000000 
-0.364277 -0.000000 
0.705515 -0.000000 
-0.634271 0.000000 
-0.190082 -0.000000 
-0.330677 0.000000 
-0.758077 -0.000000 
-0.034057 0.000000 
-0.524634 0.000000 
0.445771 0.000000 
-0.059754 -0.000000 
-0.808498 0.000000 
0.057970 0.000000 
0.756997 0.000000 
0.364710 0.000000 
-1.063628 -0.000000 
-0.792455 -0.000000 
0.093716 -0.000000 
0.524847 -0.000000 
0.338299 -0.000000 
-0.572320 0.000000 
-0.292409 0.000000 
-0.256500 0.000000 
0.498906 0.000000 
0.548535 0.000000 
-1.379834 0.000000 
-0.471585 0.000000 
-0.187562 0.000000 
-0.036090 -0.000000 
-0.781731 0.000000 
-0.515033 0.000000 
-1.028432 -0.000000 
0.227518 -0.000000 
0.106739 -0.000000 
0.362360 -0.000000 
-0.196600 -0.000000 
0.194816 0.000000 
-1.126644 0.000000 
0.399437 0.000000 
-0.488090 -0.000000 
-0.503110 0.000000 
0.873688 0.000000 
0.487956 -0.000000 
-0.024696 0.000000 
-0.211913 0.000000 
-0.255155 -0.000000 
-0.470907 0.000000 
0.466218 0.000000 
0.140188 0.000000 
-0.420289 0.000000 
-0.801751 0.000000 
-0.364435 0.000000 
0.249046 0.000000 
-0.017643 0.000000 
0.768205 -0.000000 
0.017018 0.000000 
-0.652639 -0.000000 
-0.504675 -0.000000 
-0.105723 0.000000 
0.313982 0.000000 
0.219176 0.000000 
-0.243259 -0.000000 
0.620165 0.000000 
-0.479221 0.000000 
-0.629097 0.000000 
-0.103879 0.000000 
0.525827 0.000000 
0.413649 0.000000 
-0.318526 -0.000000 
0.676845 0.000000 
-0.339965 0.000000 
-0.494712 0.000000 
0.431741 0.000000 
-0.402739 0.000000 
-0.597173 0.000000 
-0.096537 0.000000 
-0.015828 0.000000 
0.107850 -0.000000 
-0.392271 0.000000 
-1.046943 -0.000000 
-0.454318 -0.000000 
-0.122914 -0.000000 
0.625414 -0.000000 
-0.233288 0.000000 
-0.157470 -0.000000 
-0.011329 0.000000 
0.003842 0.000000 
0.223636 -0.000000 
0.383884 0.000000 
0.080356 0.000000 
-0.084866 0.000000 
0.062447 -0.000000 
-0.442905 0.000000 
-0.054475 0.000000 
0.410168 0.000000 
0.364705 0.000000 
0.040971 0.000000 
-0.537426 0.000000 
0.012007 0.000000 
0.606762 -0.000000 
-0.155041 -0.000000 
-0.083598 0.000000 
-0.170654 0.000000 
-0.101107 0.000000 
0.237723 0.000000 
0.279884 0.000000 
0.071910 0.000000 
0.184990 -0.000000 
-0.250287 0.000000 
0.118394 0.000000 
-0.811828 0.000000 
-0.188416 0.000000 
-0.345048 0.000000 
0.892246 0.000000 
-0.194575 0.000000 
0.590779 -0.000000 
-0.402135 -0.000000 
1.013917 0.000000 
0.478003 0.000000 
-0.312105 0.000000 
-0.363339 0.000000 
-0.025465 0.000000 
0.455561 -0.000000 
-0.145602 -0.000000 
-0.465860 -0.000000 
0.485801 0.000000 
0.994211 0.000000 
0.364258 0.000000 
-0.226143 0.000000 
-0.840786 0.000000 
0.330363 -0.000000 
0.312693 0.000000 
0.887064 0.000000 
1.154074 0.000000 
0.776462 0.000000 
0.156322 0.000000 
-0.010317 -0.000000 
-0.596014 0.000000 
-0.235269 0.000000 
-0.267250 0.000000 
-0.084842 -0.000000 
0.428726 0.000000 
-0.099561 -0.000000 
0.227284 0.000000 
0.431698 0.000000 
0.498298 0.000000 
-0.135272 0.000000 
-0.371965 0.000000 
-0.578474 0.000000 
-0.714760 0.000000 
-1.172504 0.000000 
0.223325 0.000000 
-0.531743 0.000000 
-0.299968 0.000000 
0.267630 0.000000 
0.613126 -0.000000 
-0.002105 0.000000 
-0.562990 -0.000000 
0.169097 0.000000 
0.211394 -0.000000 
-1.392438 -0.000000 
0.338357 0.000000 
-0.785131 0.000000 
-0.005911 -0.000000 
-0.622484 0.000000 
0.326452 -0.000000 
-0.074165 0.000000 
-0.027568 0.000000 
1.311947 0.000000 
0.161126 -0.000000 
-1.006669 0.000000 
0.281596 0.000000 
0.087742 0.000000 
0.034359 -0.000000 
0.249390 -0.000000 
-0.169498 0.000000 
0.169866 -0.000000 
0.303400 0.000000 
1.160771 0.000000 
-0.087779 -0.000000 
1.454937 0.000000 
-0.040847 -0.000000 
0.272887 -0.000000 
-0.334887 0.000000 
-1.162681 0.000000 
0.490241 0.000000 
-0.402009 0.000000 
-0.418769 -0.000000 
0.609492 -0.000000 
-0.223035 0.000000 
-0.720680 0.000000 
-0.155666 -0.000000 
0.249729 -0.000000 
0.545679 0.000000 
-0.163520 -0.000000 
-0.416468 0.000000 
-0.445027 0.000000 
-0.786527 -0.000000 
-0.256640 0.000000 
-0.669648 -0.000000 
0.289665 0.000000 
-0.996014 -0.000000 
-0.116091 0.000000 
-0.682412 0.000000 
0.333713 -0.000000 
0.723035 0.000000 
-0.462137 0.000000 
-0.474671 -0.000000 
-1.041290 -0.000000 
-0.887838 0.000000 
0.046448 0.000000 
-0.103986 0.000000 
0.854233 -0.000000 
-0.621038 0.000000 
-0.250295 0.000000 
-0.241286 0.000000 
-0.587863 0.000000 
0.342477 -0.000000 
-0.440030 0.000000 
0.007594 -0.000000 
0.355735 -0.000000 
-1.098201 0.000000 
-0.741471 0.000000 
0.117609 0.000000 
0.426120 0.000000 
0.623421 0.000000 
-0.068381 0.000000 
-0.161925 -0.000000 
-0.077725 0.000000 
-0.336491 0.000000 
-0.625195 0.000000 
-0.009389 0.000000 
-0.378352 -0.000000 
-0.505835 0.000000 
-0.197004 0.000000 
-0.139186 -0.000000 
-0.672659 0.000000 
0.195402 0.000000 
-0.655825 0.000000 
0.636058 0.000000 
0.775126 0.000000 
0.473633 0.000000 
0.067776 0.000000 
0.613426 -0.000000 
-0.286770 -0.000000 
-0.008327 -0.000000 
-0.263739 0.000000 
0.028828 -0.000000 
0.977561 0.000000 
-0.490178 -0.000000 
-0.282298 -0.000000 
-0.090410 0.000000 
-2.014135 0.000000 
-0.120738 0.000000 
0.474670 0.000000 
-0.328644 -0.000000 
0.682407 -0.000000 
0.699727 0.000000 
0.801430 0.000000 
-0.298301 0.000000 
-0.080272 0.000000 
-0.682233 0.000000 
-0.012805 -0.000000 
0.226755 -0.000000 
-0.688378 -0.000000 
0.326826 -0.000000 
0.009496 0.000000 
0.247108 0.000000 
-0.672099 0.000000 
0.214952 -0.000000 
0.561024 0.000000 
0.396064 0.000000 
-0.592659 -0.000000 
0.243616 0.000000 
-0.425712 0.000000 
0.024931 0.000000 
-0.548054 -0.000000 
-0.116324 0.000000 
1.083387 -0.000000 
0.503509 0.000000 
0.455689 0.000000 
0.828702 0.000000 
-0.612863 -0.000000 
-0.470991 0.000000 
-0.457029 0.000000 
-0.675839 -0.000000 
0.302453 -0.000000 
-1.016487 0.000000 
0.464144 0.000000 
0.789360 0.000000 
-0.278267 0.000000 
0.691358 0.000000 
-0.987892 0.000000 
-0.052490 0.000000 
-0.112600 0.000000 
-0.036046 -0.000000 
0.151449 0.000000 
0.290329 0.000000 
-0.359788 0.000000 
-0.476527 0.000000 
0.293123 0.000000 
0.181286 0.000000 
0.372637 0.000000 
-0.196273 0.000000 
-0.102337 0.000000 
0.102578 0.000000 
-0.102689 -0.000000 
0.371888 0.000000 
-0.763818 0.000000 
-0.642267 -0.000000 
0.557179 0.000000 
0.475787 0.000000 
0.668979 -0.000000 
-0.128155 0.000000 
-0.133766 -0.000000 
1.081983 0.000000 
-0.553454 0.000000 
-0.289475 0.000000 
-0.306614 -0.000000 
-1.165435 0.000000 
-0.120758 0.000000 
-0.117655 0.000000 
0.475518 0.000000 
0.129206 0.000000 
-0.500452 0.000000 
-0.580604 -0.000000 
-0.357572 0.000000 
-0.270423 0.000000 
-0.546571 0.000000 
-0.646276 0.000000 
-0.610528 0.000000 
0.567483 0.000000 
-0.436273 -0.000000 
0.065367 -0.000000 
-0.272847 -0.000000 
-0.001242 -0.000000 
0.172150 -0.000000 
0.478552 0.000000 
-1.037445 0.000000 
-0.890609 0.000000 
0.519785 0.000000 
0.537158 0.000000 
-0.035436 0.000000 
0.527139 0.000000 
0.450453 0.000000 
0.228544 0.000000 
-1.771835 0.000000 
-0.307066 0.000000 
-0.069198 0.000000 
0.222793 -0.000000 
0.023715 0.000000 
0.191457 0.000000 
-0.105078 0.000000 
-0.070589 0.000000 
-0.065740 0.000000 
0.507547 0.000000 
-0.393324 0.000000 
0.004689 0.000000 
0.406910 0.000000 
0.439914 0.000000 
-0.382163 -0.000000 
0.494869 0.000000 
-0.102447 -0.000000 
0.161985 0.000000 
-0.470960 0.000000 
0.195252 0.000000 
-0.605019 0.000000 
-1.039172 0.000000 
0.362079 -0.000000 
0.248882 0.000000 
-0.787232 -0.000000 
0.035212 0.000000 
-0.511964 0.000000 
0.235463 0.000000 
0.060992 0.000000 
-0.674162 -0.000000 
0.503946 0.000000 
0.448120 0.000000 
1.201145 0.000000 
0.716681 0.000000 
-0.285147 0.000000 
-0.557015 -0.000000 
-0.143650 0.000000 
0.086615 0.000000 
0.416884 0.000000 
0.020459 0.000000 
-0.706206 -0.000000 
0.140789 0.000000 
0.825018 0.000000 
0.122015 -0.000000 
-1.075114 0.000000 
0.521141 0.000000 
0.239491 0.000000 
-0.194200 0.000000 
0.051170 0.000000 
0.359821 -0.000000 
-0.015173 0.000000 
-0.096817 0.000000 
0.288939 0.000000 
-0.277836 0.000000 
-0.294744 0.000000 
-0.878601 0.000000 
0.027525 0.000000 
-0.078257 0.000000 
-0.097656 -0.000000 
-0.586830 -0.000000 
0.212319 0.000000 
-0.408756 -0.000000 
-0.387660 0.000000 
1.071330 -0.000000 
0.233446 0.000000 
-0.065356 0.000000 
0.487931 -0.000000 
0.055550 0.000000 
0.348778 0.000000 
-0.593757 0.000000 
0.243318 -0.000000 
0.350746 0.000000 
-0.645442 -0.000000 
-0.546297 -0.000000 
0.468364 0.000000 
-0.281640 0.000000 
0.370253 0.000000 
0.144036 -0.000000 
0.908442 0.000000 
-0.401722 -0.000000 
0.293841 0.000000 
-0.017799 0.000000 
-0.615195 -0.000000 
-0.266521 0.000000 
0.394733 0.000000 
-0.151890 0.000000 
-0.158233 0.000000 
0.129515 0.000000 
-0.089220 0.000000 
-0.312340 -0.000000 
0.172630 0.000000 
-0.397328 -0.000000 
0.270712 0.000000 
-0.631103 0.000000 
-0.728909 -0.000000 
0.148520 0.000000 
-0.670324 0.000000 
0.744834 0.000000 
0.351262 -0.000000 
-0.706742 -0.000000 
0.697002 0.000000 
-0.336623 -0.000000 
-0.153547 -0.000000 
-0.714050 0.000000 
-0.533172 0.000000 
-0.611402 0.000000 
0.527779 -0.000000 
-0.081698 0.000000 
0.208614 -0.000000 
0.147131 0.000000 
-1.061768 0.000000 
0.552976 0.000000 
-0.071198 0.000000 
-0.784072 -0.000000 
-0.364556 -0.000000 
0.246303 0.000000 
-0.152936 0.000000 
0.185949 -0.000000 
0.163735 0.000000 
0.944520 0.000000 
0.443084 0.000000 
0.562836 -0.000000 
0.718315 0.000000 
-1.254745 0.000000 
-0.346150 0.000000 
0.246516 0.000000 
-0.038479 -0.000000 
-0.229299 0.000000 
0.487053 0.000000 
0.333616 -0.000000 
0.462085 -0.000000 
-0.241240 0.000000 
-0.684174 0.000000 
0.855371 0.000000 
0.066916 0.000000 
-0.349585 -0.000000 
0.182901 0.000000 
-0.023803 0.000000 
0.581389 0.000000 
0.420319 0.000000 
0.202028 0.000000 
-0.679284 -0.000000 
0.890897 -0.000000 
0.042791 0.000000 
-0.097245 0.000000 
0.430835 0.000000 
-0.379978 0.000000 
-0.563910 -0.000000 
0.818338 -0.000000 
0.592185 -0.000000 
-0.294264 0.000000 
0.155165 0.000000 
0.675060 -0.000000 
-0.154449 0.000000 
0.225256 -0.000000 
-0.242359 0.000000 
0.941098 0.000000 
-0.517674 0.000000 
-0.525101 0.000000 
-0.095034 -0.000000 
0.291461 -0.000000 
-0.281906 0.000000 
0.278711 0.000000 
-0.127689 0.000000 
-0.023699 -0.000000 
0.134548 -0.000000 
1.244684 0.000000 
-0.245643 -0.000000 
0.355433 0.000000 
0.039827 -0.000000 
0.185618 0.000000 
-0.068534 -0.000000 
0.433043 -0.000000 
0.208691 -0.000000 
-0.831918 -0.000000 
0.246770 0.000000 
-0.445753 -0.000000 
-0.658619 -0.000000 
-0.458867 0.000000 
-0.719107 0.000000 
-0.224521 0.000000 
-0.057789 -0.000000 
-0.666346 0.000000 
0.788567 0.000000 
-0.711458 0.000000 
0.310337 0.000000 
0.162320 0.000000 
0.231864 0.000000 
0.032400 0.000000 
0.731933 0.000000 
-0.220712 -0.000000 
-0.616502 0.000000 
-0.100619 0.000000 
-0.668735 0.000000 
-0.028657 0.000000 
-0.715650 0.000000 
-0.951595 0.000000 
0.627118 0.000000 
0.770300 0.000000 
-0.219697 0.000000 
0.108467 0.000000 
-0.775221 0.000000 
0.010810 -0.000000 
-0.948309 0.000000 
-0.630096 0.000000 
-0.218208 -0.000000 
0.025215 0.000000 
0.163903 0.000000 
-0.076450 0.000000 
0.420834 0.000000 
0.585418 0.000000 
-0.443276 0.000000 
-0.171986 -0.000000 
-0.622891 -0.000000 
-0.579090 0.000000 
-0.299815 -0.000000 
0.708136 0.000000 
-0.097643 -0.000000 
-0.519112 0.000000 
0.040376 -0.000000 
-0.548342 0.000000 
-0.500385 0.000000 
-0.909755 -0.000000 
0.087896 0.000000 
0.353413 -0.000000 
0.409368 -0.000000 
-0.567551 0.000000 
-1.403996 0.000000 
-0.228958 0.000000 
-0.341129 0.000000 
0.840873 -0.000000 
0.150087 0.000000 
-0.621115 -0.000000 
-0.129771 0.000000 
-0.344504 0.000000 
0.059232 0.000000 
-0.237366 -0.000000 
0.379172 0.000000 
0.115703 -0.000000 
-0.498096 0.000000 
-0.018749 -0.000000 
0.143957 0.000000 
0.108165 0.000000 
-0.387924 0.000000 
-0.425520 -0.000000 
0.231712 0.000000 
-0.016445 0.000000 
-0.160404 0.000000 
0.568494 0.000000 
-0.090137 0.000000 
0.658603 -0.000000 
0.762313 0.000000 
0.853866 0.000000 
0.059773 0.000000 
0.421888 -0.000000 
0.419268 0.000000 
0.773404 -0.000000 
0.570759 0.000000 
-0.029588 -0.000000 
0.177291 0.000000 
0.100092 0.000000 
-0.284821 -0.000000 
0.727359 0.000000 
-0.247043 0.000000 
-0.925148 -0.000000 
-0.438582 -0.000000 
-0.556151 0.000000 
-0.331270 -0.000000 
0.363052 -0.000000 
0.049671 -0.000000 
-0.207185 0.000000 
-0.037255 0.000000 
-0.656836 0.000000 
0.678881 0.000000 
-0.470449 0.000000 
0.595250 0.000000 
0.233331 0.000000 
-0.881733 0.000000 
-0.935948 0.000000 
-0.060578 0.000000 
0.650535 0.000000 
0.668448 0.000000 
0.028655 0.000000 
0.933974 0.000000 
0.543208 0.000000 
0.193098 0.000000 
-0.024411 -0.000000 
0.008001 -0.000000 
-0.011088 -0.000000 
-0.688095 -0.000000 
0.474411 -0.000000 
0.096700 -0.000000 
-0.288551 0.000000 
1.200928 -0.000000 
-0.664675 0.000000 
0.058875 0.000000 
-0.254389 -0.000000 
0.967653 0.000000 
0.106885 0.000000 
-0.137235 0.000000 
-0.080408 0.000000 
0.185909 0.000000 
-0.988265 0.000000 
0.128639 0.000000 
0.049183 0.000000 
0.557414 -0.000000 
0.101041 -0.000000 
-0.050543 0.000000 
-0.487678 0.000000 
-0.442057 0.000000 
-0.256878 -0.000000 
-0.090135 0.000000 
-0.053460 0.000000 
-0.221018 0.000000 
-0.028064 -0.000000 
-0.512611 -0.000000 
0.317831 0.000000 
0.003365 0.000000 
-0.642878 0.000000 
0.017169 -0.000000 
-0.553370 -0.000000 
-0.174159 0.000000 
0.686758 -0.000000 
-0.520969 0.000000 
0.155892 0.000000 
0.358733 -0.000000 
0.048433 0.000000 
0.281020 0.000000 
-1.014160 0.000000 
-0.301541 -0.000000 
0.624587 -0.000000 
0.501261 -0.000000 
-0.944664 -0.000000 
-0.314601 -0.000000 
-0.176666 0.000000 
-0.537074 -0.000000 
-0.070983 0.000000 
-0.279562 0.000000 
0.217088 0.000000 
-0.650206 0.000000 
-0.414506 0.000000 
0.476057 0.000000 
-0.356846 0.000000 
0.666309 0.000000 
0.095312 0.000000 
-0.085917 0.000000 
0.115637 0.000000 
-0.573665 0.000000 
-0.218892 0.000000 
-0.484156 0.000000 
0.462507 0.000000 
-0.700062 0.000000 
0.469451 0.000000 
-1.079142 0.000000 
-0.074099 0.000000 
-1.072881 -0.000000 
0.139621 0.000000 
-0.662742 0.000000 
0.370632 0.000000 
-0.183077 0.000000 
-0.129745 0.000000 
0.366347 0.000000 
-0.130258 0.000000 
-0.569076 -0.000000 
0.667757 0.000000 
0.323067 -0.000000 
0.390467 0.000000 
-0.227004 0.000000 
-0.212890 0.000000 
-0.622494 0.000000 
-0.550128 0.000000 
0.467098 0.000000 
0.317175 0.000000 
0.461017 -0.000000 
-0.438046 0.000000 
0.089106 -0.000000 
0.712916 0.000000 
-0.040329 0.000000 
-0.611290 0.000000 
0.383822 0.000000 
0.124470 -0.000000 
0.860812 0.000000 
-0.170529 -0.000000 
0.379826 -0.000000 
-0.466153 0.000000 
0.635254 0.000000 
0.181847 0.000000 
0.221938 0.000000 
-0.547753 -0.000000 
0.157141 -0.000000 
0.184249 -0.000000 
0.397531 0.000000 
0.086465 0.000000 
-0.892227 0.000000 
-0.373330 -0.000000 
-0.093256 -0.000000 
0.683526 0.000000 
0.388499 0.000000 
0.370855 -0.000000 
0.037794 0.000000 
-0.086010 0.000000 
0.076939 0.000000 
-0.757859 0.000000 
0.286968 0.000000 
0.315609 0.000000 
-0.851745 0.000000 
0.612913 0.000000 
-0.456722 0.000000 
0.791644 0.000000 
0.312086 0.000000 
-0.529864 -0.000000 
-1.137971 -0.000000 
0.572307 0.000000 
0.890292 0.000000 
0.167325 0.000000 
-0.306967 -0.000000 
0.353148 0.000000 
0.069614 0.000000 
-0.339465 0.000000 
-0.023563 0.000000 
0.642449 0.000000 
0.717890 -0.000000 
-1.016816 0.000000 
0.042565 -0.000000 
-0.218789 0.000000 
0.740049 0.000000 
0.932112 0.000000 
0.139330 -0.000000 
-0.251934 0.000000 
0.610363 0.000000 
0.060317 -0.000000 
-0.672144 -0.000000 
-0.258095 0.000000 
-0.167039 0.000000 
0.789658 0.000000 
0.193218 -0.000000 
-0.168896 0.000000 
-0.595231 -0.000000 
0.037168 -0.000000 
-0.516573 0.000000 
0.432798 0.000000 
-0.382440 0.000000 
0.630182 0.000000 
0.061716 0.000000 
0.022220 0.000000 
0.135820 0.000000 
0.345158 -0.000000 
0.159620 0.000000 
-0.304765 0.000000 
0.269001 0.000000 
-0.687204 -0.000000 
-0.149964 0.000000 
-0.294825 -0.000000 
-0.036766 0.000000 
-0.482339 -0.000000 
-0.229522 0.000000 
-0.471733 0.000000 
0.678647 0.000000 
-0.232298 0.000000 
0.639603 0.000000 
0.236272 -0.000000 
0.014013 0.000000 
0.142054 -0.000000 
1.082292 0.000000 
0.141673 0.000000 
-0.061743 0.000000 
-0.023846 -0.000000 
-0.423991 -0.000000 
0.089160 0.000000 
0.071958 0.000000 
1.078032 -0.000000 
-0.082374 0.000000 
-0.236084 0.000000 
-0.275741 0.000000 
-0.871154 -0.000000 
-0.171437 -0.000000 
0.000376 0.000000 
0.951370 0.000000 
0.213896 0.000000 
-1.118835 0.000000 
-0.021700 0.000000 
0.488352 0.000000 
0.592727 0.000000 
0.218844 0.000000 
-0.014526 -0.000000 
0.247186 0.000000 
-0.199640 0.000000 
-0.336875 -0.000000 
-0.020907 -0.000000 
0.281689 -0.000000 
-0.548212 -0.000000 
0.039150 0.000000 
0.012484 0.000000 
-0.571829 0.000000 
0.035282 0.000000 
0.048288 0.000000 
0.203732 0.000000 
0.158591 -0.000000 
-0.446698 0.000000 
0.781473 -0.000000 
-0.594632 0.000000 
0.314510 0.000000 
0.248588 0.000000 
-0.451392 0.000000 
0.439027 -0.000000 
-1.123813 0.000000 
-0.177420 -0.000000 
-0.378018 0.000000 
0.022237 0.000000 
0.666417 -0.000000 
-0.079885 -0.000000 
-0.287655 0.000000 
0.330902 -0.000000 
-0.221927 -0.000000 
-0.585272 0.000000 
-0.036363 0.000000 
-0.743046 0.000000 
0.483539 0.000000 
-0.535826 -0.000000 
-0.199141 -0.000000 
0.110794 0.000000 
-0.373071 0.000000 
0.136993 0.000000 
0.009764 0.000000 
-0.125851 0.000000 
0.179485 0.000000 
0.341970 0.000000 
0.088540 0.000000 
-0.249505 0.000000 
0.389632 0.000000 
-0.146212 -0.000000 
-0.435716 -0.000000 
0.076169 0.000000 
-1.242534 0.000000 
-1.042601 0.000000 
-0.223716 -0.000000 
-0.668148 -0.000000 
-0.026456 -0.000000 
1.038858 -0.000000 
0.366776 -0.000000 
0.211833 0.000000 
-0.298802 -0.000000 
-0.441934 -0.000000 
-0.582871 0.000000 
-0.850619 -0.000000 
0.748452 0.000000 
-0.272360 -0.000000 
0.477133 -0.000000 
0.039014 0.000000 
0.015978 -0.000000 
-0.852460 0.000000 
1.278810 -0.000000 
0.450636 -0.000000 
0.022991 -0.000000 
-0.577352 0.000000 
0.439483 -0.000000 
-0.098075 0.000000 
0.451780 0.000000 
0.193486 0.000000 
