-2.023785 2.023785 
0.000000 0.500000 -0.011268 
0.000000 0.000000 0.000000 

0.417808 0.000000 
-0.904583 0.000000 
-0.642218 -0.000000 
-0.222251 -0.000000 
-0.251484 -0.000000 
-1.037315 0.000000 
0.518789 0.000000 
0.102142 0.000000 
0.356614 -0.000000 
0.603410 0.000000 
0.099896 0.000000 
0.573454 0.000000 
0.269042 0.000000 
0.472090 0.000000 
-0.311570 0.000000 
-0.534369 0.000000 
0.241945 0.000000 
-0.026571 0.000000 
-0.099921 0.000000 
-0.198800 0.000000 
0.006629 0.000000 
-0.361979 0.000000 
-1.886380 0.000000 
0.161753 0.000000 
-0.459583 -0.000000 
0.237038 0.000000 
0.421639 0.000000 
0.097797 0.000000 
0.766690 0.000000 
-0.157552 0.000000 
0.557095 -0.000000 
-0.272473 0.000000 
-0.328436 0.000000 
-0.030789 0.000000 
-0.760119 -0.000000 
-0.502967 -0.000000 
-0.362644 0.000000 
-0.315626 0.000000 
-0.319931 0.000000 
-0.638436 0.000000 
0.153970 0.000000 
0.514215 0.000000 
-0.167234 0.000000 
0.280318 -0.000000 
1.007649 0.000000 
0.250261 -0.000000 
0.121365 0.000000 
0.836927 -0.000000 
-0.994403 0.000000 
1.001425 0.000000 
-0.266941 -0.000000 
-0.438116 0.000000 
0.076584 0.000000 
-0.054404 0.000000 
-0.791804 -0.000000 
0.185093 0.000000 
-0.011652 -0.000000 
-0.756685 0.000000 
-0.286645 0.000000 
-0.346913 0.000000 
-0.569788 0.000000 
-0.469290 0.000000 
-0.196888 -0.000000 
0.625089 0.000000 
0.151228 -0.000000 
-0.052398 0.000000 
0.043780 0.000000 
-0.747667 -0.000000 
-0.213388 0.000000 
0.663855 0.000000 
0.588576 0.000000 
-0.822278 -0.000000 
0.054892 -0.000000 
-0.097618 0.000000 
0.762734 0.000000 
-1.103247 0.000000 
0.641777 -0.000000 
-0.272190 0.000000 
0.342220 0.000000 
1.066565 -0.000000 
-0.255331 0.000000 
-0.471640 0.000000 
0.545990 0.000000 
0.467454 0.000000 
0.063554 -0.000000 
-0.351560 0.000000 
-0.070699 0.000000 
0.507638 0.000000 
0.290753 0.000000 
0.552153 0.000000 
1.281682 -0.000000 
-0.160446 0.000000 
-0.760828 -0.000000 
0.731703 0.000000 
0.247478 -0.000000 
0.701545 -0.000000 
-0.387281 0.000000 
0.281266 0.000000 
-0.785641 0.000000 
-0.004300 0.000000 
-0.462782 0.000000 
-0.305095 0.000000 
0.096454 0.000000 
-1.089611 -0.000000 
0.383502 0.000000 
0.396636 0.000000 
0.149003 0.000000 
-0.024151 0.000000 
-0.392445 0.000000 
-0.065755 0.000000 
0.988917 0.000000 
0.655454 0.000000 
0.166026 -0.000000 
1.470697 0.000000 
0.211514 -0.000000 
-0.215454 0.000000 
-0.109181 0.000000 
0.119470 0.000000 
-0.466482 0.000000 
0.277099 -0.000000 
-0.258311 0.000000 
0.002382 -0.000000 
0.480437 -0.000000 
0.506736 0.000000 
0.327638 0.000000 
0.275962 0.000000 
1.272551 0.000000 
-0.526062 0.000000 
-0.849222 0.000000 
-0.207786 0.000000 
-0.639783 0.000000 
-0.410399 -0.000000 
0.692835 0.000000 
-0.117739 -0.000000 
0.057242 0.000000 
-0.309760 -0.000000 
-0.577473 0.000000 
0.035019 0.000000 
-0.213187 -0.000000 
-0.377762 -0.000000 
-1.073434 0.000000 
-0.264584 -0.000000 
0.300966 0.000000 
0.348375 -0.000000 
0.035272 -0.000000 
-0.265117 0.000000 
0.398413 -0.000000 
-0.913524 0.000000 
-0.128251 0.000000 
-0.611718 -0.000000 
1.294422 0.000000 
-0.033828 -0.000000 
-0.185096 -0.000000 
-0.916322 0.000000 
0.259710 -0.000000 
0.183483 0.000000 
-0.684856 0.000000 
0.160317 0.000000 
0.051038 0.000000 
0.456002 0.000000 
0.357952 0.000000 
0.556310 0.000000 
0.043661 -0.000000 
0.045502 -0.000000 
-0.430129 0.000000 
0.172390 -0.000000 
-0.060183 0.000000 
-0.560172 -0.000000 
-0.535892 0.000000 
-0.335474 0.000000 
0.755163 0.000000 
0.526551 0.000000 
-0.273704 0.000000 
-0.544269 0.000000 
-0.747932 0.000000 
-0.830542 -0.000000 
-0.173303 0.000000 
0.594959 0.000000 
-0.075639 0.000000 
0.156861 0.000000 
0.208752 -0.000000 
0.482553 0.000000 
0.608609 0.000000 
-0.066376 0.000000 
0.377771 0.000000 
-1.122805 -0.000000 
0.236266 -0.000000 
0.268427 0.000000 
-0.079351 -0.000000 
-0.870138 -0.000000 
0.414008 0.000000 
-0.138178 0.000000 
-0.528267 0.000000 
0.225536 -0.000000 
1.103745 -0.000000 
-0.058204 0.000000 
-0.531724 -0.000000 
-0.306140 0.000000 
-0.355465 0.000000 
-0.122586 -0.000000 
-0.156826 -0.000000 
0.124571 0.000000 
-0.407743 0.000000 
0.023557 0.000000 
-0.503506 0.000000 
0.047345 0.000000 
0.090081 0.000000 
0.325356 -0.000000 
-0.443372 0.000000 
0.287868 0.000000 
-0.557485 0.000000 
-0.977069 0.000000 
1.038501 0.000000 
-0.547074 0.000000 
0.110575 -0.000000 
-0.361692 -0.000000 
-1.126425 0.000000 
0.489011 -0.000000 
1.047855 0.000000 
-0.728194 0.000000 
-0.391345 0.000000 
0.142439 -0.000000 
0.499402 0.000000 
-0.367853 -0.000000 
-0.632703 0.000000 
-0.192901 0.000000 
0.735445 -0.000000 
0.065937 0.000000 
0.621866 -0.000000 
-0.256659 0.000000 
-0.394886 0.000000 
-0.329300 -0.000000 
0.464640 0.000000 
-0.525460 -0.000000 
-0.151999 0.000000 
0.638863 0.000000 
0.931279 0.000000 
0.221318 -0.000000 
0.112413 0.000000 
-0.065565 -0.000000 
0.303234 0.000000 
-0.360019 0.000000 
0.540952 0.000000 
-0.561529 -0.000000 
0.480693 -0.000000 
0.613911 -0.000000 
-0.750419 -0.000000 
0.338049 0.000000 
-0.013559 -0.000000 
1.103549 0.000000 
-0.118268 0.000000 
0.381031 -0.000000 
-0.801489 -0.000000 
-0.535421 0.000000 
0.850313 -0.000000 
0.586865 0.000000 
