T	 |m|	 <m[0]>	 <m[1]>	 <E>	 dim_{Lat}=2	 L=128,128	 J=1.000000,1.000000	 {/Symbol s}_J=0.000000,0.000000	 <J_{ij}>=0.000000,0.000000	 dim_{Spin}=2	 h=0.031250,0.000000	 {/Symbol s}_h=0.500000,0.000000	 <h_i>=-0.003174,0.000000	 order=1.000000,0.000000	 order_h=0	 order_r=1	 (thermalizing-MCS,averaging-MCS)/{/Symbol D}T=(128000,12800)/0.010000	 
Cooling... 
2.000000	 0.048116	 0.025531	 0.000146	 -0.608806	 
1.990000	 0.049182	 0.027342	 -0.001555	 -0.613269	 
1.980000	 0.049081	 0.026586	 -0.000838	 -0.617466	 
1.970000	 0.049449	 0.027186	 -0.002195	 -0.621249	 
1.960000	 0.049671	 0.028512	 -0.000716	 -0.624372	 
1.950000	 0.050121	 0.029634	 -0.000865	 -0.628032	 
1.940000	 0.050137	 0.028327	 0.000049	 -0.631193	 
1.930000	 0.050194	 0.027877	 0.000667	 -0.634599	 
1.920000	 0.050621	 0.028826	 -0.001597	 -0.638948	 
1.910000	 0.051279	 0.029946	 -0.001018	 -0.643360	 
1.900000	 0.051419	 0.029719	 -0.002693	 -0.647395	 
1.890000	 0.051752	 0.030481	 -0.002729	 -0.651370	 
1.880000	 0.053287	 0.032431	 -0.001154	 -0.655484	 
1.870000	 0.052230	 0.031712	 0.001803	 -0.658817	 
1.860000	 0.052613	 0.031240	 -0.000276	 -0.662757	 
1.850000	 0.052763	 0.031489	 -0.000369	 -0.666900	 
1.840000	 0.054348	 0.034002	 -0.000840	 -0.672061	 
1.830000	 0.053099	 0.032660	 -0.002566	 -0.676230	 
1.820000	 0.054300	 0.033487	 -0.002662	 -0.681439	 
1.810000	 0.056175	 0.037081	 -0.001770	 -0.685563	 
1.800000	 0.055791	 0.036668	 0.000250	 -0.689488	 
1.790000	 0.055394	 0.035680	 0.000028	 -0.693623	 
1.780000	 0.056581	 0.035907	 0.000978	 -0.697839	 
1.770000	 0.057607	 0.037876	 -0.002929	 -0.703126	 
1.760000	 0.057491	 0.038461	 -0.000904	 -0.708773	 
1.750000	 0.057930	 0.038052	 -0.002878	 -0.713324	 
1.740000	 0.058556	 0.039617	 -0.002667	 -0.718314	 
1.730000	 0.060267	 0.042079	 -0.000924	 -0.723147	 
1.720000	 0.059651	 0.040208	 0.000559	 -0.727297	 
1.710000	 0.060001	 0.041101	 -0.000752	 -0.732285	 
1.700000	 0.061249	 0.041958	 0.000390	 -0.737576	 
1.690000	 0.061797	 0.043227	 -0.000759	 -0.742843	 
1.680000	 0.061645	 0.043404	 -0.003663	 -0.749213	 
1.670000	 0.062828	 0.044737	 -0.002016	 -0.754550	 
1.660000	 0.064472	 0.046682	 -0.002193	 -0.760214	 
1.650000	 0.064268	 0.047757	 0.001113	 -0.764686	 
1.640000	 0.065378	 0.046969	 0.001587	 -0.770247	 
1.630000	 0.066639	 0.048487	 0.000692	 -0.775947	 
1.620000	 0.068572	 0.050626	 -0.001312	 -0.781711	 
1.610000	 0.066395	 0.049594	 -0.002286	 -0.788502	 
1.600000	 0.068204	 0.050677	 -0.005299	 -0.795344	 
1.590000	 0.070059	 0.052885	 -0.001920	 -0.800517	 
1.580000	 0.071706	 0.056315	 0.000009	 -0.806260	 
1.570000	 0.072483	 0.055955	 0.000186	 -0.812358	 
1.560000	 0.072372	 0.056040	 0.001836	 -0.818156	 
1.550000	 0.075342	 0.058389	 0.000007	 -0.825644	 
1.540000	 0.076554	 0.060187	 -0.000714	 -0.832160	 
1.530000	 0.076281	 0.060035	 -0.003557	 -0.839172	 
1.520000	 0.078256	 0.062661	 -0.003556	 -0.846423	 
1.510000	 0.080736	 0.065787	 -0.001522	 -0.853130	 
1.500000	 0.081276	 0.066648	 0.002208	 -0.859305	 
1.490000	 0.082263	 0.066526	 0.003046	 -0.866201	 
1.480000	 0.083280	 0.066335	 0.001823	 -0.872783	 
1.470000	 0.086590	 0.071409	 -0.000014	 -0.881387	 
1.460000	 0.085696	 0.070632	 -0.002919	 -0.889172	 
1.450000	 0.089378	 0.074167	 -0.006025	 -0.897335	 
1.440000	 0.092803	 0.077532	 -0.004880	 -0.905011	 
1.430000	 0.094635	 0.080939	 0.001001	 -0.911623	 
1.420000	 0.095776	 0.080826	 0.002020	 -0.919336	 
1.410000	 0.095232	 0.080768	 0.004878	 -0.926884	 
1.400000	 0.098439	 0.084090	 -0.002093	 -0.936301	 
1.390000	 0.101386	 0.087304	 -0.004010	 -0.945429	 
1.380000	 0.103318	 0.088584	 -0.009630	 -0.953828	 
1.370000	 0.105713	 0.091186	 -0.006089	 -0.962371	 
1.360000	 0.108899	 0.095162	 -0.002572	 -0.971419	 
1.350000	 0.112535	 0.098767	 0.004748	 -0.978787	 
1.340000	 0.111362	 0.097345	 0.002273	 -0.987311	 
1.330000	 0.116447	 0.101124	 -0.001601	 -0.997340	 
1.320000	 0.120356	 0.107035	 -0.004371	 -1.007351	 
1.310000	 0.123162	 0.109684	 -0.008034	 -1.017976	 
1.300000	 0.125352	 0.111467	 -0.006554	 -1.027512	 
1.290000	 0.133018	 0.119604	 -0.007481	 -1.037671	 
1.280000	 0.132113	 0.119213	 0.003123	 -1.046290	 
1.270000	 0.137294	 0.123409	 -0.001617	 -1.054970	 
1.260000	 0.142239	 0.126880	 0.003297	 -1.065390	 
1.250000	 0.144492	 0.130970	 -0.003506	 -1.076822	 
1.240000	 0.146603	 0.133080	 -0.000220	 -1.087833	 
1.230000	 0.149078	 0.135629	 -0.010999	 -1.099168	 
1.220000	 0.156133	 0.139765	 -0.013821	 -1.108757	 
1.210000	 0.160602	 0.147731	 -0.007723	 -1.119240	 
1.200000	 0.165018	 0.150380	 0.002205	 -1.130330	 
1.190000	 0.167515	 0.153749	 0.007791	 -1.140328	 
1.180000	 0.174559	 0.159196	 -0.005452	 -1.151917	 
1.170000	 0.180591	 0.166292	 -0.005995	 -1.165337	 
1.160000	 0.183434	 0.167880	 -0.016762	 -1.176971	 
1.150000	 0.192820	 0.174222	 -0.019027	 -1.188373	 
1.140000	 0.198421	 0.181266	 -0.020985	 -1.200424	 
1.130000	 0.203196	 0.185282	 0.008677	 -1.211443	 
1.120000	 0.207191	 0.191562	 -0.000676	 -1.222605	 
1.110000	 0.210447	 0.194203	 0.005534	 -1.234252	 
1.100000	 0.212796	 0.196703	 0.013678	 -1.246628	 
1.090000	 0.227224	 0.206909	 -0.023334	 -1.259688	 
1.080000	 0.231267	 0.209343	 -0.056869	 -1.271944	 
1.070000	 0.245305	 0.208909	 -0.059679	 -1.286055	 
1.060000	 0.247711	 0.221671	 -0.023960	 -1.296450	 
1.050000	 0.248219	 0.228943	 -0.015246	 -1.306822	 
1.040000	 0.251697	 0.228196	 0.013860	 -1.319901	 
1.030000	 0.256885	 0.237550	 0.019253	 -1.331467	 
1.020000	 0.265984	 0.236556	 -0.087653	 -1.344263	 
1.010000	 0.282684	 0.246162	 -0.107845	 -1.358447	 
1.000000	 0.302508	 0.252089	 -0.093795	 -1.371173	 
0.990000	 0.277304	 0.258262	 -0.001545	 -1.383816	 
0.980000	 0.288440	 0.271546	 -0.034772	 -1.393726	 
0.970000	 0.305278	 0.267125	 -0.102331	 -1.405523	 
0.960000	 0.321766	 0.268073	 0.115420	 -1.416996	 
0.950000	 0.415625	 0.266418	 -0.305538	 -1.433089	 
0.940000	 0.387112	 0.263913	 -0.277579	 -1.444323	 
0.930000	 0.441598	 0.267157	 -0.341027	 -1.456767	 
0.920000	 0.315771	 0.282271	 -0.083492	 -1.464752	 
0.910000	 0.481526	 0.282378	 -0.384661	 -1.478883	 
0.900000	 0.518110	 0.281367	 -0.430215	 -1.490018	 
0.890000	 0.493303	 0.267253	 -0.409169	 -1.497905	 
0.880000	 0.540847	 0.271085	 -0.465351	 -1.511741	 
0.870000	 0.578318	 0.266065	 -0.511504	 -1.523528	 
0.860000	 0.586030	 0.260434	 -0.522652	 -1.533343	 
0.850000	 0.568988	 0.266697	 -0.497196	 -1.541767	 
0.840000	 0.609387	 0.272070	 -0.542793	 -1.551948	 
0.830000	 0.601707	 0.285054	 -0.526779	 -1.559317	 
0.820000	 0.615237	 0.269884	 -0.550586	 -1.568108	 
0.810000	 0.620357	 0.273429	 -0.555285	 -1.577315	 
0.800000	 0.626757	 0.263670	 -0.566566	 -1.585823	 
0.790000	 0.642117	 0.253579	 -0.588319	 -1.595490	 
0.780000	 0.648948	 0.257094	 -0.594458	 -1.603517	 
0.770000	 0.653950	 0.267299	 -0.595105	 -1.610628	 
0.760000	 0.654397	 0.274792	 -0.592323	 -1.618226	 
0.750000	 0.658672	 0.274736	 -0.596916	 -1.625384	 
0.740000	 0.663242	 0.267357	 -0.605601	 -1.632937	 
0.730000	 0.670701	 0.273175	 -0.611266	 -1.640850	 
0.720000	 0.675278	 0.261962	 -0.621085	 -1.648651	 
0.710000	 0.680179	 0.260535	 -0.627312	 -1.656005	 
0.700000	 0.684873	 0.263483	 -0.631170	 -1.663126	 
0.690000	 0.689589	 0.273973	 -0.630971	 -1.670009	 
0.680000	 0.688638	 0.278291	 -0.628308	 -1.675923	 
0.670000	 0.692920	 0.272900	 -0.635974	 -1.683231	 
0.660000	 0.699842	 0.275611	 -0.642141	 -1.690281	 
0.650000	 0.702289	 0.266477	 -0.648771	 -1.696984	 
0.640000	 0.710118	 0.260202	 -0.659981	 -1.704440	 
0.630000	 0.714590	 0.266029	 -0.662270	 -1.710961	 
0.620000	 0.715511	 0.274949	 -0.659125	 -1.717317	 
0.610000	 0.718084	 0.278769	 -0.660848	 -1.723462	 
0.600000	 0.719960	 0.274497	 -0.664439	 -1.729758	 
0.590000	 0.723389	 0.280325	 -0.665828	 -1.736035	 
0.580000	 0.724733	 0.273348	 -0.670107	 -1.742564	 
0.570000	 0.733813	 0.267414	 -0.682285	 -1.749548	 
0.560000	 0.736234	 0.264659	 -0.686209	 -1.755815	 
0.550000	 0.742144	 0.261506	 -0.693834	 -1.762024	 
0.540000	 0.739816	 0.278623	 -0.684165	 -1.767546	 
0.530000	 0.743747	 0.279620	 -0.688125	 -1.773363	 
0.520000	 0.747978	 0.278337	 -0.693534	 -1.779575	 
0.510000	 0.753197	 0.272331	 -0.701381	 -1.786004	 
0.500000	 0.756970	 0.265111	 -0.708526	 -1.792584	 
0.490000	 0.758562	 0.262179	 -0.711400	 -1.798607	 
0.480000	 0.763226	 0.265538	 -0.714985	 -1.804440	 
0.470000	 0.761754	 0.277291	 -0.708826	 -1.810004	 
0.460000	 0.761739	 0.279144	 -0.708056	 -1.815659	 
0.450000	 0.768238	 0.285760	 -0.712583	 -1.821600	 
0.440000	 0.775625	 0.279069	 -0.723095	 -1.827248	 
0.430000	 0.779180	 0.271930	 -0.729752	 -1.833443	 
0.420000	 0.779850	 0.270656	 -0.730919	 -1.839352	 
0.410000	 0.786264	 0.266960	 -0.739166	 -1.845224	 
0.400000	 0.786080	 0.272252	 -0.736944	 -1.850716	 
0.390000	 0.789494	 0.280032	 -0.737635	 -1.856146	 
0.380000	 0.788006	 0.277419	 -0.737218	 -1.861768	 
0.370000	 0.793288	 0.276247	 -0.743207	 -1.867583	 
0.360000	 0.795461	 0.277444	 -0.745004	 -1.873091	 
0.350000	 0.799006	 0.276211	 -0.749378	 -1.878954	 
0.340000	 0.804077	 0.271248	 -0.756622	 -1.884714	 
0.330000	 0.808191	 0.269168	 -0.761782	 -1.890150	 
0.320000	 0.808926	 0.274848	 -0.760437	 -1.895473	 
0.310000	 0.809173	 0.283007	 -0.757759	 -1.900907	 
0.300000	 0.810457	 0.281250	 -0.759878	 -1.906487	 
0.290000	 0.815241	 0.280156	 -0.765268	 -1.911874	 
0.280000	 0.819217	 0.282460	 -0.768699	 -1.917354	 
0.270000	 0.822722	 0.274660	 -0.775224	 -1.923012	 
0.260000	 0.825848	 0.272487	 -0.779434	 -1.928570	 
0.250000	 0.827177	 0.275528	 -0.779731	 -1.933534	 
0.240000	 0.830024	 0.276338	 -0.782526	 -1.938999	 
0.230000	 0.831507	 0.279885	 -0.782788	 -1.944295	 
0.220000	 0.834023	 0.280078	 -0.785429	 -1.949615	 
0.210000	 0.837831	 0.278657	 -0.789996	 -1.954994	 
0.200000	 0.841955	 0.283190	 -0.792675	 -1.960367	 
0.190000	 0.843469	 0.277440	 -0.796399	 -1.965703	 
0.180000	 0.847099	 0.279626	 -0.799514	 -1.970946	 
0.170000	 0.847556	 0.279844	 -0.799912	 -1.976120	 
0.160000	 0.851834	 0.281785	 -0.803765	 -1.981241	 
0.150000	 0.852725	 0.284827	 -0.803631	 -1.986448	 
0.140000	 0.856335	 0.278358	 -0.809754	 -1.991750	 
0.130000	 0.858954	 0.281521	 -0.811437	 -1.996848	 
0.120000	 0.861410	 0.281509	 -0.814038	 -2.002106	 
0.110000	 0.864947	 0.282196	 -0.817574	 -2.007311	 
0.100000	 0.864461	 0.284925	 -0.816096	 -2.012368	 
0.090000	 0.868101	 0.284148	 -0.820238	 -2.017488	 
0.080000	 0.871821	 0.282150	 -0.824856	 -2.022624	 
0.070000	 0.873818	 0.282320	 -0.826920	 -2.027694	 
0.060000	 0.876041	 0.284328	 -0.828589	 -2.032858	 
0.050000	 0.878365	 0.286399	 -0.830331	 -2.037899	 
0.040000	 0.881138	 0.285020	 -0.833750	 -2.042957	 
0.030000	 0.883497	 0.283133	 -0.836893	 -2.047995	 
0.020000	 0.886360	 0.285012	 -0.839283	 -2.053007	 
0.010000	 0.888590	 0.285033	 -0.841632	 -2.058024	 
