T	 |m|	 <m[0]>	 <m[1]>	 <E>	 dim_{Lat}=2	 L=128,128	 J=1.000000,1.000000	 {/Symbol s}_J=0.000000,0.000000	 <J_{ij}>=0.000000,0.000000	 dim_{Spin}=2	 h=0.015625,0.000000	 {/Symbol s}_h=0.500000,0.000000	 <h_i>=0.002979,0.000000	 order=1.000000,0.000000	 order_h=0	 order_r=1	 (thermalizing-MCS,averaging-MCS)/{/Symbol D}T=(128000,12800)/0.010000	 
Cooling... 
2.000000	 0.044576	 0.016435	 0.000247	 -0.608164	 
1.990000	 0.045369	 0.018224	 -0.001339	 -0.612037	 
1.980000	 0.045501	 0.017033	 -0.000997	 -0.616216	 
1.970000	 0.046083	 0.018361	 -0.002180	 -0.620451	 
1.960000	 0.045466	 0.019308	 -0.000921	 -0.623626	 
1.950000	 0.045690	 0.019753	 -0.000441	 -0.626603	 
1.940000	 0.046047	 0.018362	 0.000107	 -0.630040	 
1.930000	 0.045939	 0.018001	 0.000753	 -0.633555	 
1.920000	 0.046576	 0.018749	 -0.000987	 -0.637790	 
1.910000	 0.046906	 0.019450	 -0.001169	 -0.642167	 
1.900000	 0.047283	 0.019511	 -0.002814	 -0.646249	 
1.890000	 0.047113	 0.020146	 -0.001790	 -0.650317	 
1.880000	 0.048445	 0.021639	 -0.001667	 -0.654282	 
1.870000	 0.047559	 0.021601	 0.001707	 -0.657836	 
1.860000	 0.047986	 0.020545	 -0.000058	 -0.662022	 
1.850000	 0.047941	 0.020133	 -0.000215	 -0.666053	 
1.840000	 0.048897	 0.022716	 -0.001758	 -0.670760	 
1.830000	 0.048508	 0.021552	 -0.002556	 -0.675272	 
1.820000	 0.049440	 0.022430	 -0.002534	 -0.680302	 
1.810000	 0.049958	 0.024706	 -0.002102	 -0.683995	 
1.800000	 0.049688	 0.024846	 -0.000002	 -0.687912	 
1.790000	 0.049663	 0.023216	 0.000233	 -0.692315	 
1.780000	 0.050621	 0.023416	 0.000630	 -0.696151	 
1.770000	 0.051328	 0.025114	 -0.003241	 -0.701952	 
1.760000	 0.050723	 0.024960	 -0.000979	 -0.707395	 
1.750000	 0.051143	 0.024813	 -0.003299	 -0.712196	 
1.740000	 0.051558	 0.025970	 -0.002701	 -0.717090	 
1.730000	 0.052347	 0.027771	 -0.001345	 -0.721381	 
1.720000	 0.052363	 0.026475	 0.000897	 -0.725360	 
1.710000	 0.052317	 0.026761	 0.000283	 -0.730577	 
1.700000	 0.053843	 0.028088	 -0.000704	 -0.735942	 
1.690000	 0.054009	 0.028923	 -0.001156	 -0.741314	 
1.680000	 0.053330	 0.028120	 -0.003245	 -0.747815	 
1.670000	 0.054271	 0.029528	 -0.001886	 -0.753010	 
1.660000	 0.055693	 0.031545	 -0.001780	 -0.758565	 
1.650000	 0.054769	 0.031962	 0.001936	 -0.762880	 
1.640000	 0.055993	 0.030584	 0.001305	 -0.768750	 
1.630000	 0.056892	 0.032117	 0.000808	 -0.773762	 
1.620000	 0.057864	 0.033196	 -0.000874	 -0.780180	 
1.610000	 0.057432	 0.033297	 -0.003384	 -0.786791	 
1.600000	 0.057799	 0.032725	 -0.004799	 -0.793284	 
1.590000	 0.058714	 0.034551	 -0.003507	 -0.798605	 
1.580000	 0.059535	 0.037597	 -0.000265	 -0.804331	 
1.570000	 0.060727	 0.037383	 0.000909	 -0.810284	 
1.560000	 0.060702	 0.036885	 0.002082	 -0.815766	 
1.550000	 0.062891	 0.038219	 -0.000767	 -0.823131	 
1.540000	 0.062894	 0.040101	 -0.002026	 -0.830039	 
1.530000	 0.063682	 0.039807	 -0.003613	 -0.837096	 
1.520000	 0.064194	 0.041146	 -0.004110	 -0.843758	 
1.510000	 0.066360	 0.045089	 -0.001416	 -0.850606	 
1.500000	 0.066872	 0.046067	 0.003929	 -0.856680	 
1.490000	 0.066833	 0.043624	 0.002626	 -0.863411	 
1.480000	 0.068123	 0.043130	 0.004132	 -0.870802	 
1.470000	 0.070090	 0.047853	 -0.000746	 -0.878468	 
1.460000	 0.070185	 0.047735	 -0.002938	 -0.886934	 
1.450000	 0.070927	 0.049063	 -0.006166	 -0.894799	 
1.440000	 0.072868	 0.050641	 -0.006754	 -0.901835	 
1.430000	 0.074045	 0.053664	 0.001788	 -0.908273	 
1.420000	 0.075214	 0.053651	 0.003693	 -0.916130	 
1.410000	 0.074145	 0.052442	 0.004702	 -0.923000	 
1.400000	 0.078444	 0.056184	 -0.002503	 -0.933082	 
1.390000	 0.078440	 0.057606	 -0.005128	 -0.941658	 
1.380000	 0.080195	 0.059312	 -0.007306	 -0.950760	 
1.370000	 0.080850	 0.060341	 -0.005025	 -0.958152	 
1.360000	 0.082612	 0.062346	 -0.002868	 -0.966837	 
1.350000	 0.088166	 0.067613	 0.004154	 -0.974738	 
1.340000	 0.087187	 0.065959	 0.003033	 -0.983591	 
1.330000	 0.088335	 0.066999	 -0.000152	 -0.992620	 
1.320000	 0.093667	 0.073918	 -0.003004	 -1.002735	 
1.310000	 0.093273	 0.073675	 -0.008165	 -1.013676	 
1.300000	 0.096007	 0.075469	 -0.007655	 -1.022707	 
1.290000	 0.100352	 0.081126	 -0.009348	 -1.032626	 
1.280000	 0.100657	 0.082026	 0.000209	 -1.041144	 
1.270000	 0.103246	 0.082949	 -0.000267	 -1.050089	 
1.260000	 0.104421	 0.084134	 0.005865	 -1.059927	 
1.250000	 0.111247	 0.090313	 -0.004320	 -1.071787	 
1.240000	 0.112243	 0.090885	 -0.002291	 -1.082481	 
1.230000	 0.113445	 0.092539	 -0.013398	 -1.093452	 
1.220000	 0.118403	 0.093902	 -0.018536	 -1.103441	 
1.210000	 0.121898	 0.102047	 -0.006643	 -1.114082	 
1.200000	 0.125231	 0.105712	 0.002934	 -1.123616	 
1.190000	 0.123067	 0.104010	 0.006420	 -1.133944	 
1.180000	 0.130664	 0.108969	 -0.002914	 -1.146373	 
1.170000	 0.134678	 0.113083	 0.003042	 -1.158102	 
1.160000	 0.142588	 0.119600	 -0.020176	 -1.170955	 
1.150000	 0.145938	 0.120129	 -0.020270	 -1.182189	 
1.140000	 0.148194	 0.124664	 -0.019088	 -1.192681	 
1.130000	 0.155806	 0.132759	 -0.000639	 -1.202991	 
1.120000	 0.148215	 0.127748	 0.008135	 -1.214253	 
1.110000	 0.152827	 0.134261	 0.007030	 -1.226045	 
1.100000	 0.165596	 0.140606	 0.005938	 -1.241007	 
1.090000	 0.172107	 0.143297	 -0.034525	 -1.252757	 
1.080000	 0.183368	 0.142897	 -0.069909	 -1.265328	 
1.070000	 0.179227	 0.148000	 -0.040849	 -1.277069	 
1.060000	 0.208571	 0.163273	 -0.013873	 -1.289822	 
1.050000	 0.190244	 0.158524	 -0.021845	 -1.300576	 
1.040000	 0.190466	 0.161458	 0.016215	 -1.312138	 
1.030000	 0.199768	 0.172145	 0.007831	 -1.323807	 
1.020000	 0.200836	 0.172425	 0.011666	 -1.336717	 
1.010000	 0.239819	 0.166131	 -0.152013	 -1.353355	 
1.000000	 0.277014	 0.174488	 -0.159012	 -1.365171	 
0.990000	 0.238518	 0.182876	 -0.058566	 -1.377756	 
0.980000	 0.238595	 0.192180	 0.075954	 -1.386704	 
0.970000	 0.256984	 0.196706	 0.137894	 -1.399506	 
0.960000	 0.237941	 0.192455	 -0.051864	 -1.408630	 
0.950000	 0.234245	 0.189766	 -0.026802	 -1.423099	 
0.940000	 0.436536	 0.176453	 -0.394347	 -1.443762	 
0.930000	 0.486537	 0.178317	 -0.449896	 -1.456299	 
0.920000	 0.292580	 0.194320	 -0.209858	 -1.459842	 
0.910000	 0.528302	 0.188183	 -0.490943	 -1.477728	 
0.900000	 0.525195	 0.197899	 -0.483553	 -1.487751	 
0.890000	 0.542771	 0.179588	 -0.510213	 -1.497446	 
0.880000	 0.545682	 0.195600	 -0.507389	 -1.508470	 
0.870000	 0.586928	 0.176864	 -0.557782	 -1.520318	 
0.860000	 0.594341	 0.174179	 -0.566461	 -1.530802	 
0.850000	 0.608736	 0.174644	 -0.581467	 -1.540188	 
0.840000	 0.616874	 0.191412	 -0.584553	 -1.548962	 
0.830000	 0.616780	 0.193979	 -0.583525	 -1.557015	 
0.820000	 0.624143	 0.191233	 -0.592564	 -1.565438	 
0.810000	 0.634638	 0.184363	 -0.606035	 -1.574241	 
0.800000	 0.635722	 0.176950	 -0.609190	 -1.583225	 
0.790000	 0.649267	 0.175367	 -0.623988	 -1.592823	 
0.780000	 0.659985	 0.170961	 -0.636154	 -1.600477	 
0.770000	 0.657926	 0.193477	 -0.627474	 -1.608073	 
0.760000	 0.662081	 0.190864	 -0.632363	 -1.615513	 
0.750000	 0.665591	 0.194939	 -0.634994	 -1.622394	 
0.740000	 0.671065	 0.188487	 -0.642623	 -1.630156	 
0.730000	 0.676972	 0.187378	 -0.649339	 -1.638133	 
0.720000	 0.682774	 0.184413	 -0.655896	 -1.645694	 
0.710000	 0.688344	 0.177869	 -0.663934	 -1.653191	 
0.700000	 0.693486	 0.179812	 -0.668859	 -1.660655	 
0.690000	 0.696903	 0.184835	 -0.670718	 -1.667192	 
0.680000	 0.698380	 0.190801	 -0.670804	 -1.673525	 
0.670000	 0.700219	 0.188115	 -0.672932	 -1.680342	 
0.660000	 0.705106	 0.189777	 -0.678043	 -1.687585	 
0.650000	 0.712043	 0.181874	 -0.687516	 -1.694502	 
0.640000	 0.717626	 0.175413	 -0.695161	 -1.701861	 
0.630000	 0.721219	 0.173853	 -0.699085	 -1.708265	 
0.620000	 0.725032	 0.187764	 -0.699288	 -1.714658	 
0.610000	 0.721086	 0.196090	 -0.692874	 -1.720771	 
0.600000	 0.725776	 0.189232	 -0.699786	 -1.726834	 
0.590000	 0.732163	 0.191549	 -0.705742	 -1.733427	 
0.580000	 0.736079	 0.187545	 -0.710994	 -1.740058	 
0.570000	 0.739845	 0.181584	 -0.716326	 -1.746766	 
0.560000	 0.745258	 0.171544	 -0.724619	 -1.753094	 
0.550000	 0.750322	 0.181732	 -0.727286	 -1.759285	 
0.540000	 0.749729	 0.189093	 -0.724712	 -1.765215	 
0.530000	 0.751185	 0.189633	 -0.726005	 -1.771076	 
0.520000	 0.754186	 0.185602	 -0.730207	 -1.776901	 
0.510000	 0.757232	 0.187483	 -0.732926	 -1.783230	 
0.500000	 0.763101	 0.185422	 -0.739666	 -1.789650	 
0.490000	 0.768712	 0.182716	 -0.746148	 -1.795943	 
0.480000	 0.771133	 0.178890	 -0.749427	 -1.801675	 
0.470000	 0.769889	 0.185698	 -0.746596	 -1.807448	 
0.460000	 0.771763	 0.190183	 -0.747416	 -1.813029	 
0.450000	 0.774417	 0.193234	 -0.749448	 -1.818800	 
0.440000	 0.779240	 0.192373	 -0.754700	 -1.824544	 
0.430000	 0.782886	 0.188220	 -0.759355	 -1.830645	 
0.420000	 0.788416	 0.180642	 -0.766995	 -1.836673	 
0.410000	 0.793522	 0.181961	 -0.771913	 -1.842594	 
0.400000	 0.792880	 0.187689	 -0.769908	 -1.848103	 
0.390000	 0.794425	 0.185154	 -0.772071	 -1.853617	 
0.380000	 0.795191	 0.189527	 -0.771885	 -1.859055	 
0.370000	 0.800784	 0.197758	 -0.775580	 -1.864685	 
0.360000	 0.801676	 0.187874	 -0.779033	 -1.870451	 
0.350000	 0.808571	 0.187635	 -0.785909	 -1.876442	 
0.340000	 0.809122	 0.181795	 -0.788199	 -1.881976	 
0.330000	 0.813996	 0.183720	 -0.792730	 -1.887425	 
0.320000	 0.816628	 0.185908	 -0.794798	 -1.892897	 
0.310000	 0.814920	 0.190721	 -0.791978	 -1.898127	 
0.300000	 0.821145	 0.187854	 -0.799130	 -1.903853	 
0.290000	 0.821791	 0.189686	 -0.799332	 -1.909276	 
0.280000	 0.824440	 0.192070	 -0.801441	 -1.914734	 
0.270000	 0.829342	 0.189227	 -0.807280	 -1.920296	 
0.260000	 0.833419	 0.187254	 -0.811962	 -1.925741	 
0.250000	 0.834036	 0.189871	 -0.811962	 -1.931030	 
0.240000	 0.835497	 0.189772	 -0.813411	 -1.936215	 
0.230000	 0.837110	 0.192941	 -0.814416	 -1.941666	 
0.220000	 0.841744	 0.196561	 -0.818336	 -1.946965	 
0.210000	 0.842574	 0.188870	 -0.820936	 -1.952295	 
0.200000	 0.847581	 0.191752	 -0.825466	 -1.957722	 
0.190000	 0.849612	 0.185609	 -0.828991	 -1.963028	 
0.180000	 0.852042	 0.192500	 -0.829916	 -1.968333	 
0.170000	 0.854467	 0.193700	 -0.832095	 -1.973491	 
0.160000	 0.856219	 0.191573	 -0.834436	 -1.978605	 
0.150000	 0.859213	 0.191270	 -0.837569	 -1.983850	 
0.140000	 0.862560	 0.193707	 -0.840414	 -1.989041	 
0.130000	 0.864595	 0.187724	 -0.843927	 -1.994230	 
0.120000	 0.867139	 0.192997	 -0.845349	 -1.999469	 
0.110000	 0.869475	 0.189233	 -0.848588	 -2.004631	 
0.100000	 0.871152	 0.187648	 -0.850649	 -2.009794	 
0.090000	 0.874053	 0.190665	 -0.852956	 -2.014827	 
0.080000	 0.876768	 0.192590	 -0.855310	 -2.019916	 
0.070000	 0.878830	 0.189749	 -0.858074	 -2.025035	 
0.060000	 0.882134	 0.190862	 -0.861197	 -2.030153	 
0.050000	 0.884894	 0.192947	 -0.863584	 -2.035232	 
0.040000	 0.886018	 0.191517	 -0.865064	 -2.040294	 
0.030000	 0.888873	 0.195034	 -0.867202	 -2.045353	 
0.020000	 0.890778	 0.194158	 -0.869356	 -2.050348	 
0.010000	 0.893050	 0.192956	 -0.871953	 -2.055364	 
