-2.125454 2.125454 
0.000000 0.500000 -0.013429 
0.000000 0.000000 0.000000 

-0.605179 0.000000 
-0.171691 -0.000000 
-0.443878 -0.000000 
-0.195269 -0.000000 
-0.206757 0.000000 
0.463878 0.000000 
-0.289184 -0.000000 
-0.321743 -0.000000 
0.593135 0.000000 
-1.079756 -0.000000 
0.466424 0.000000 
0.634379 0.000000 
0.558810 0.000000 
-0.570524 -0.000000 
0.552152 0.000000 
0.469654 -0.000000 
-0.386257 -0.000000 
-0.639647 0.000000 
-0.209731 -0.000000 
0.006915 0.000000 
0.329025 0.000000 
-0.077441 -0.000000 
0.115570 0.000000 
-0.390730 -0.000000 
-0.429454 0.000000 
0.681108 0.000000 
-0.183045 0.000000 
0.248229 0.000000 
0.374171 0.000000 
-0.139111 0.000000 
-1.205514 -0.000000 
0.126507 -0.000000 
0.083778 -0.000000 
-0.655069 -0.000000 
0.246324 0.000000 
0.034075 0.000000 
-0.083401 -0.000000 
-0.600905 0.000000 
-0.091459 0.000000 
1.141198 0.000000 
0.181655 -0.000000 
-0.087394 0.000000 
0.372911 0.000000 
0.153811 0.000000 
-0.307735 0.000000 
0.562113 -0.000000 
-0.373864 -0.000000 
0.095988 -0.000000 
0.117639 0.000000 
0.814712 0.000000 
-0.643043 0.000000 
-0.597733 0.000000 
-0.305335 -0.000000 
0.062277 -0.000000 
-1.279951 0.000000 
-1.476928 -0.000000 
-0.220597 0.000000 
0.392115 0.000000 
-0.251956 -0.000000 
1.508964 -0.000000 
-0.199848 0.000000 
-0.626369 -0.000000 
0.922459 0.000000 
-0.600475 0.000000 
-0.209184 0.000000 
0.196195 -0.000000 
0.721575 0.000000 
-0.114927 0.000000 
-0.359758 0.000000 
0.073566 0.000000 
0.066031 -0.000000 
0.028941 0.000000 
-0.352601 0.000000 
0.621690 0.000000 
-0.532484 0.000000 
0.021002 0.000000 
-0.339050 0.000000 
0.548895 0.000000 
-0.335528 0.000000 
-0.984764 -0.000000 
-0.313460 0.000000 
1.203989 0.000000 
1.001450 -0.000000 
-0.149524 0.000000 
-0.499037 0.000000 
0.102801 0.000000 
0.985592 0.000000 
-0.518478 0.000000 
0.218915 0.000000 
0.362524 0.000000 
0.157125 0.000000 
-0.008018 0.000000 
-0.207053 0.000000 
0.616658 -0.000000 
0.273363 0.000000 
-0.347944 -0.000000 
-0.010024 -0.000000 
0.697537 0.000000 
-0.186931 0.000000 
-0.536877 0.000000 
-0.052383 0.000000 
-0.381228 -0.000000 
-0.037805 -0.000000 
-0.514361 0.000000 
-0.795381 0.000000 
0.149367 -0.000000 
0.132726 0.000000 
0.115498 -0.000000 
-0.156591 0.000000 
-0.559399 -0.000000 
0.556305 -0.000000 
-0.627417 0.000000 
-0.484464 0.000000 
0.249096 0.000000 
0.899916 0.000000 
0.427922 0.000000 
-0.297183 0.000000 
-0.122859 0.000000 
0.167212 0.000000 
0.432119 0.000000 
0.474360 0.000000 
0.033471 0.000000 
-0.758952 0.000000 
0.492653 0.000000 
0.671332 -0.000000 
-0.778965 0.000000 
-0.063746 -0.000000 
0.790397 -0.000000 
-0.444748 0.000000 
-0.306873 -0.000000 
-0.031691 -0.000000 
-0.224216 0.000000 
0.313547 0.000000 
1.125543 -0.000000 
0.223172 0.000000 
0.664373 0.000000 
-0.379936 -0.000000 
0.142434 -0.000000 
0.401798 0.000000 
0.553239 0.000000 
0.161531 0.000000 
0.616053 -0.000000 
0.451038 0.000000 
0.465355 0.000000 
0.399491 -0.000000 
-0.302479 -0.000000 
0.589290 0.000000 
-0.710010 -0.000000 
0.367353 -0.000000 
-0.053044 0.000000 
-0.164845 0.000000 
0.198959 0.000000 
0.451635 0.000000 
-0.293456 -0.000000 
0.287025 0.000000 
0.512999 0.000000 
0.050757 -0.000000 
-0.418105 0.000000 
-0.267715 0.000000 
0.290879 0.000000 
0.575454 0.000000 
0.448907 -0.000000 
0.061615 0.000000 
0.384830 -0.000000 
-0.312827 0.000000 
-0.033400 -0.000000 
0.500266 0.000000 
0.277495 0.000000 
-0.097987 -0.000000 
0.443155 -0.000000 
0.308688 0.000000 
-0.187000 0.000000 
0.605900 0.000000 
0.132790 -0.000000 
-0.609546 0.000000 
-0.146378 -0.000000 
0.359216 0.000000 
0.533127 0.000000 
-0.381807 -0.000000 
0.233356 0.000000 
-0.513383 -0.000000 
-0.540241 0.000000 
-0.237125 0.000000 
0.113480 -0.000000 
-0.209431 0.000000 
1.079404 0.000000 
0.754073 0.000000 
0.048402 -0.000000 
-0.421405 0.000000 
-0.747718 0.000000 
1.218938 -0.000000 
0.019261 -0.000000 
-0.261796 -0.000000 
-0.858104 0.000000 
0.281139 0.000000 
-0.225764 0.000000 
-0.892223 -0.000000 
-0.160707 0.000000 
-0.104631 -0.000000 
-0.111470 0.000000 
-0.032941 -0.000000 
-0.877478 -0.000000 
0.384029 0.000000 
0.218149 -0.000000 
-0.971446 0.000000 
0.252994 0.000000 
-0.269585 -0.000000 
-0.360202 0.000000 
0.331159 -0.000000 
0.418210 0.000000 
-0.000965 -0.000000 
-0.222410 -0.000000 
-0.643605 0.000000 
-0.304716 0.000000 
-0.533535 -0.000000 
0.367009 0.000000 
0.404020 0.000000 
-0.217092 0.000000 
-0.860356 0.000000 
0.055859 0.000000 
-0.300876 0.000000 
-0.360595 0.000000 
-0.377506 0.000000 
-0.198096 0.000000 
-0.358063 0.000000 
-0.173905 0.000000 
0.293470 -0.000000 
0.167062 0.000000 
-0.618985 0.000000 
-0.855210 0.000000 
-0.294795 -0.000000 
0.460886 0.000000 
-0.334009 -0.000000 
0.101173 0.000000 
-0.288859 0.000000 
-0.427877 0.000000 
0.457674 0.000000 
0.551147 -0.000000 
-0.472876 0.000000 
-0.843242 0.000000 
-0.261066 0.000000 
0.183451 0.000000 
-0.908415 0.000000 
0.181964 -0.000000 
-0.788957 0.000000 
0.357525 0.000000 
0.884025 -0.000000 
0.332697 0.000000 
0.255910 -0.000000 
-0.170184 -0.000000 
-0.853621 0.000000 
-0.533797 0.000000 
0.492625 0.000000 
-0.076725 0.000000 
0.620877 -0.000000 
-0.010528 0.000000 
0.356842 -0.000000 
0.146933 0.000000 
-0.544994 0.000000 
-0.425671 0.000000 
-0.981297 -0.000000 
-0.151983 0.000000 
-0.860869 0.000000 
0.123773 0.000000 
-0.100386 0.000000 
0.123875 0.000000 
0.443980 0.000000 
-0.050004 -0.000000 
0.451324 0.000000 
-0.292011 -0.000000 
-0.145837 0.000000 
0.278489 0.000000 
0.245080 0.000000 
0.225385 -0.000000 
0.508440 0.000000 
0.406358 0.000000 
0.755407 -0.000000 
-0.186770 -0.000000 
0.047215 -0.000000 
0.356488 -0.000000 
-0.325369 -0.000000 
0.229940 -0.000000 
-0.574661 0.000000 
-0.650622 -0.000000 
-0.303569 -0.000000 
0.049790 -0.000000 
0.689640 0.000000 
-0.351023 0.000000 
-0.146815 0.000000 
-0.070335 0.000000 
0.176820 0.000000 
0.666213 0.000000 
-0.339462 0.000000 
-0.080360 0.000000 
0.547116 -0.000000 
-0.086265 -0.000000 
0.188510 0.000000 
-0.420423 0.000000 
-1.120343 0.000000 
-0.204786 -0.000000 
-0.172455 0.000000 
-0.826478 -0.000000 
0.393576 0.000000 
0.579458 0.000000 
0.291444 -0.000000 
0.032698 -0.000000 
-0.219912 0.000000 
-0.367468 0.000000 
-0.827545 0.000000 
-0.037857 0.000000 
-0.513598 0.000000 
0.132072 0.000000 
1.352491 0.000000 
-0.884820 0.000000 
0.824917 -0.000000 
0.857854 0.000000 
0.579119 0.000000 
-0.115526 -0.000000 
1.026025 0.000000 
-0.267071 -0.000000 
-1.083605 0.000000 
0.125010 0.000000 
0.475527 -0.000000 
-0.047484 0.000000 
-0.733517 0.000000 
-0.012244 0.000000 
0.482577 0.000000 
-0.318789 0.000000 
0.706115 0.000000 
0.014959 -0.000000 
0.266199 -0.000000 
-0.213537 0.000000 
1.241898 0.000000 
-0.453402 -0.000000 
0.063614 0.000000 
0.838524 0.000000 
0.928166 0.000000 
-0.234204 0.000000 
0.404251 -0.000000 
-0.099585 0.000000 
0.531622 0.000000 
-0.560857 0.000000 
0.315579 0.000000 
0.699934 0.000000 
-0.894855 -0.000000 
0.205981 0.000000 
-0.007495 -0.000000 
-0.020945 -0.000000 
-0.071616 0.000000 
-0.670334 0.000000 
-0.087695 0.000000 
-0.367982 -0.000000 
-0.742497 0.000000 
-0.340654 0.000000 
0.518795 0.000000 
0.098480 0.000000 
0.216925 0.000000 
0.472495 -0.000000 
-0.226831 -0.000000 
0.044349 0.000000 
0.301130 0.000000 
-0.668222 0.000000 
0.481285 -0.000000 
-0.099589 0.000000 
0.044508 0.000000 
0.366538 -0.000000 
0.880844 -0.000000 
-0.077489 0.000000 
0.309515 0.000000 
0.092111 0.000000 
-0.379361 0.000000 
0.187995 0.000000 
0.342663 0.000000 
0.162088 0.000000 
0.197665 -0.000000 
0.453375 0.000000 
-0.219551 0.000000 
-0.301068 0.000000 
-0.323002 0.000000 
-0.044171 -0.000000 
-1.219540 0.000000 
-0.033963 0.000000 
-0.431088 0.000000 
-0.058844 -0.000000 
-0.114026 -0.000000 
-0.396508 0.000000 
0.610166 0.000000 
-0.701114 0.000000 
0.073228 0.000000 
-0.470206 -0.000000 
-0.723356 -0.000000 
1.200860 0.000000 
0.667497 0.000000 
-0.369729 -0.000000 
0.876234 0.000000 
0.021203 0.000000 
-0.028958 -0.000000 
0.377394 -0.000000 
-0.359128 0.000000 
0.032574 0.000000 
-0.213502 0.000000 
0.501205 0.000000 
0.088366 -0.000000 
0.531698 -0.000000 
0.464460 0.000000 
0.067187 0.000000 
0.734878 0.000000 
-0.307076 0.000000 
-0.385420 0.000000 
0.097456 -0.000000 
-0.069452 0.000000 
0.326213 -0.000000 
-0.393668 0.000000 
-0.486285 0.000000 
-0.004905 0.000000 
0.482648 0.000000 
0.486892 0.000000 
-0.062005 0.000000 
-0.060479 -0.000000 
-0.045718 0.000000 
-0.026216 0.000000 
0.647761 0.000000 
0.060305 0.000000 
-0.122111 -0.000000 
-0.202464 -0.000000 
-0.602680 0.000000 
0.263799 0.000000 
-0.291735 0.000000 
-0.967250 0.000000 
0.195057 0.000000 
0.187410 -0.000000 
-0.031452 0.000000 
-0.143527 0.000000 
-0.225474 0.000000 
0.324896 0.000000 
-0.609313 0.000000 
0.278792 0.000000 
-0.363871 0.000000 
-0.257032 -0.000000 
0.178899 -0.000000 
0.257964 -0.000000 
0.082378 -0.000000 
-0.397335 0.000000 
0.448299 -0.000000 
-0.143622 0.000000 
-0.724367 -0.000000 
-0.771129 0.000000 
-0.070109 0.000000 
0.043770 0.000000 
0.465408 0.000000 
-0.349456 -0.000000 
0.439250 0.000000 
0.123969 -0.000000 
0.847471 0.000000 
-0.030556 0.000000 
0.145990 0.000000 
-0.158571 -0.000000 
0.738055 -0.000000 
-0.134617 0.000000 
0.361880 0.000000 
-0.992276 -0.000000 
0.368942 0.000000 
0.732671 0.000000 
-0.481972 -0.000000 
-0.533771 -0.000000 
-0.114422 0.000000 
0.296816 -0.000000 
-0.078281 0.000000 
0.081355 0.000000 
-0.899908 0.000000 
0.015087 -0.000000 
-0.051215 0.000000 
0.110659 0.000000 
-0.022634 -0.000000 
-0.333389 -0.000000 
0.088969 -0.000000 
0.235694 0.000000 
0.092773 0.000000 
-0.284946 0.000000 
0.054620 -0.000000 
0.412601 0.000000 
-0.146813 -0.000000 
0.178340 0.000000 
-0.275018 0.000000 
0.345099 0.000000 
0.650383 -0.000000 
-0.022386 0.000000 
-0.118863 0.000000 
0.058781 0.000000 
-0.860068 0.000000 
-0.696403 -0.000000 
0.969591 0.000000 
-0.584886 -0.000000 
0.282872 0.000000 
-0.335734 0.000000 
0.136178 0.000000 
0.089123 0.000000 
-0.142918 0.000000 
-0.554781 -0.000000 
-0.671268 -0.000000 
0.481568 0.000000 
-0.419730 0.000000 
-0.366546 0.000000 
0.164165 0.000000 
-0.062059 -0.000000 
0.446256 0.000000 
-0.166276 0.000000 
0.545708 0.000000 
-0.066830 0.000000 
0.038013 -0.000000 
0.012028 -0.000000 
0.258573 -0.000000 
-0.219930 -0.000000 
0.548740 -0.000000 
0.670373 -0.000000 
0.364396 0.000000 
-0.325162 0.000000 
-0.108908 0.000000 
0.561454 -0.000000 
0.007385 -0.000000 
0.203087 0.000000 
0.541595 0.000000 
0.508024 0.000000 
-0.142900 -0.000000 
-0.551916 -0.000000 
-0.581550 -0.000000 
0.206280 0.000000 
0.149113 -0.000000 
0.042282 0.000000 
-0.002277 0.000000 
-0.475002 -0.000000 
-0.090954 -0.000000 
-0.114975 -0.000000 
-0.237625 -0.000000 
-0.535835 0.000000 
-0.702506 0.000000 
0.529638 0.000000 
-0.465740 0.000000 
-0.049531 0.000000 
-1.008555 -0.000000 
0.373284 -0.000000 
-0.250185 0.000000 
0.956714 -0.000000 
-0.244842 0.000000 
-0.622408 0.000000 
0.763765 -0.000000 
-0.267014 -0.000000 
-0.063056 0.000000 
0.137175 0.000000 
0.816385 0.000000 
0.351939 -0.000000 
-0.229983 0.000000 
0.560442 0.000000 
0.292128 0.000000 
-0.349687 0.000000 
-0.108510 0.000000 
-0.332964 0.000000 
0.836049 0.000000 
0.325836 -0.000000 
-0.323894 0.000000 
-0.151164 0.000000 
-0.437618 -0.000000 
-0.145825 0.000000 
-0.002224 0.000000 
-0.698387 -0.000000 
1.129097 0.000000 
0.369195 -0.000000 
0.013759 0.000000 
-0.790940 -0.000000 
0.499256 0.000000 
-0.331137 0.000000 
-0.449071 0.000000 
0.323236 -0.000000 
-0.698010 -0.000000 
0.347483 0.000000 
0.110398 0.000000 
-0.115193 0.000000 
0.072163 0.000000 
-0.875286 0.000000 
-0.694062 -0.000000 
-0.176959 0.000000 
-0.045028 -0.000000 
-0.072808 -0.000000 
1.137701 0.000000 
-0.323614 0.000000 
-0.515780 0.000000 
-1.240780 0.000000 
-0.366547 0.000000 
-0.140361 0.000000 
-0.176489 0.000000 
-0.285536 0.000000 
-0.685730 -0.000000 
-0.519201 0.000000 
0.671015 0.000000 
-0.079799 0.000000 
-0.129219 0.000000 
0.165854 -0.000000 
-0.226182 0.000000 
0.259998 0.000000 
-0.215872 0.000000 
0.097037 -0.000000 
0.436367 0.000000 
0.600928 0.000000 
-0.157717 0.000000 
0.327767 -0.000000 
0.104985 0.000000 
-0.573129 -0.000000 
-0.510658 0.000000 
-0.817252 0.000000 
-0.995909 0.000000 
0.416021 0.000000 
-0.427133 -0.000000 
-0.101994 -0.000000 
-0.167744 -0.000000 
0.570290 0.000000 
0.879402 -0.000000 
-0.634094 0.000000 
0.304492 -0.000000 
0.847893 0.000000 
0.382763 0.000000 
0.712982 0.000000 
-0.051776 0.000000 
-0.360070 -0.000000 
-0.735465 0.000000 
0.233740 0.000000 
0.929086 0.000000 
-0.147483 -0.000000 
-0.426079 0.000000 
0.901959 0.000000 
-0.725898 0.000000 
-0.146634 0.000000 
0.757262 -0.000000 
0.197114 0.000000 
-0.203492 0.000000 
1.271833 0.000000 
0.528065 -0.000000 
0.113466 0.000000 
-0.446141 -0.000000 
0.202896 0.000000 
0.202832 0.000000 
-0.806377 -0.000000 
0.024326 -0.000000 
-0.294624 -0.000000 
-0.110957 0.000000 
-0.171159 0.000000 
0.396876 0.000000 
-0.956054 0.000000 
-1.605900 0.000000 
-0.519695 0.000000 
0.285473 -0.000000 
-0.191899 -0.000000 
0.590815 -0.000000 
0.642954 -0.000000 
-0.089419 0.000000 
0.696553 -0.000000 
-0.056021 -0.000000 
-0.674077 0.000000 
0.047468 -0.000000 
-0.668863 -0.000000 
-0.610105 0.000000 
-0.431549 0.000000 
0.318636 -0.000000 
-0.013462 0.000000 
0.007050 0.000000 
0.161770 0.000000 
0.377797 0.000000 
0.187063 0.000000 
0.026750 0.000000 
0.048520 0.000000 
-0.949084 0.000000 
-0.444164 0.000000 
-0.040425 -0.000000 
0.089422 0.000000 
0.418374 0.000000 
0.371336 0.000000 
1.334528 0.000000 
0.626737 0.000000 
0.235185 0.000000 
-0.313197 0.000000 
0.605316 0.000000 
0.220986 0.000000 
0.357507 0.000000 
0.027394 -0.000000 
0.061247 0.000000 
-0.127040 -0.000000 
-0.057297 0.000000 
0.713538 0.000000 
-0.696931 0.000000 
-0.359946 0.000000 
-1.253694 -0.000000 
-0.349270 -0.000000 
-0.502213 -0.000000 
-0.024132 0.000000 
-1.495847 0.000000 
0.408442 0.000000 
-0.137698 0.000000 
0.259975 -0.000000 
-0.698974 0.000000 
0.583410 -0.000000 
0.359201 0.000000 
-0.791871 0.000000 
0.358671 0.000000 
-0.521423 0.000000 
-0.671825 -0.000000 
-0.668782 -0.000000 
0.670591 0.000000 
-0.361262 0.000000 
-0.061973 -0.000000 
-0.033902 0.000000 
-0.160627 0.000000 
-0.113701 0.000000 
-0.273533 0.000000 
-0.867247 0.000000 
0.287422 -0.000000 
-0.198392 0.000000 
1.379346 -0.000000 
0.467481 0.000000 
-0.426394 -0.000000 
0.015911 0.000000 
0.239867 0.000000 
0.024379 -0.000000 
0.184530 -0.000000 
0.300733 0.000000 
-0.858043 0.000000 
0.416576 0.000000 
0.223270 -0.000000 
-0.186971 0.000000 
0.383009 0.000000 
0.258517 0.000000 
0.464465 0.000000 
0.286711 0.000000 
0.145150 0.000000 
0.240773 0.000000 
-1.119345 -0.000000 
-0.353452 0.000000 
-0.079317 0.000000 
-0.287439 0.000000 
-0.048112 0.000000 
0.371869 -0.000000 
0.257226 0.000000 
-0.224919 0.000000 
-0.108059 0.000000 
0.540416 0.000000 
0.202333 0.000000 
-0.527945 0.000000 
0.976857 -0.000000 
0.159817 0.000000 
-0.180883 0.000000 
-0.901095 -0.000000 
0.592538 -0.000000 
-0.459549 -0.000000 
-0.000564 0.000000 
0.236643 -0.000000 
0.347794 0.000000 
-0.120132 0.000000 
0.386345 -0.000000 
0.260178 -0.000000 
0.333906 -0.000000 
0.167045 0.000000 
0.289651 0.000000 
-0.420318 -0.000000 
-0.662181 0.000000 
-0.202251 0.000000 
0.030980 0.000000 
-0.003870 -0.000000 
0.469677 0.000000 
-0.213102 0.000000 
-0.268831 0.000000 
-0.753461 0.000000 
-0.802938 0.000000 
-0.739430 -0.000000 
-0.831081 0.000000 
-0.608357 -0.000000 
-0.620365 0.000000 
0.434885 0.000000 
0.100712 0.000000 
-0.477994 0.000000 
0.043177 0.000000 
-0.301548 0.000000 
-0.870810 0.000000 
-1.125214 0.000000 
0.792968 -0.000000 
-0.485745 0.000000 
-0.893131 -0.000000 
-0.991831 -0.000000 
-0.478404 0.000000 
0.104900 0.000000 
0.600008 0.000000 
-0.015437 0.000000 
0.653301 0.000000 
0.635129 0.000000 
0.034237 0.000000 
0.444672 -0.000000 
-0.348186 0.000000 
-0.302574 0.000000 
0.304813 0.000000 
-0.194742 0.000000 
0.430762 0.000000 
0.193495 0.000000 
-0.230385 0.000000 
-1.587620 0.000000 
-0.711039 0.000000 
0.420384 -0.000000 
0.495487 0.000000 
0.542236 0.000000 
-0.012424 -0.000000 
0.546922 0.000000 
0.102465 0.000000 
-0.292305 0.000000 
0.632863 -0.000000 
-0.295884 0.000000 
0.509269 -0.000000 
-0.535690 0.000000 
0.547029 0.000000 
0.957704 0.000000 
-0.165736 -0.000000 
0.953645 0.000000 
0.277989 0.000000 
-0.801827 0.000000 
0.725484 -0.000000 
-0.028098 0.000000 
-0.729059 -0.000000 
-0.065066 0.000000 
1.003660 0.000000 
-0.408701 0.000000 
1.036501 0.000000 
-0.964030 0.000000 
-0.166659 -0.000000 
0.616653 -0.000000 
-0.376578 0.000000 
0.346999 0.000000 
-0.096326 0.000000 
-0.133051 -0.000000 
0.039187 0.000000 
-0.237891 -0.000000 
0.589074 0.000000 
0.607435 0.000000 
-0.126774 -0.000000 
0.135259 0.000000 
-0.568617 -0.000000 
-0.866127 0.000000 
1.113246 0.000000 
0.877147 0.000000 
-0.959171 -0.000000 
-0.909734 0.000000 
-0.483811 0.000000 
-0.378109 0.000000 
-0.260237 0.000000 
0.379689 0.000000 
0.400901 0.000000 
-0.237311 0.000000 
0.071118 -0.000000 
-0.053016 0.000000 
-0.197295 0.000000 
-0.329517 0.000000 
-0.362200 -0.000000 
0.892287 0.000000 
-0.449447 -0.000000 
0.406539 -0.000000 
0.051096 0.000000 
-0.154381 0.000000 
0.144524 0.000000 
-0.113007 0.000000 
0.369388 -0.000000 
0.258944 0.000000 
-0.920282 -0.000000 
-0.811191 -0.000000 
-0.638390 0.000000 
-1.133025 0.000000 
0.418407 -0.000000 
0.541885 0.000000 
-0.023443 -0.000000 
-0.100995 0.000000 
-0.497517 -0.000000 
0.208373 -0.000000 
-0.304420 0.000000 
-0.184047 0.000000 
1.345864 -0.000000 
0.028266 0.000000 
0.389186 -0.000000 
0.218999 0.000000 
0.083508 -0.000000 
0.335352 0.000000 
-0.229105 0.000000 
-0.170199 -0.000000 
0.585947 0.000000 
0.962377 0.000000 
-1.057472 0.000000 
-0.660412 0.000000 
0.096071 -0.000000 
0.544724 -0.000000 
0.215090 0.000000 
-0.319137 0.000000 
-0.121899 0.000000 
-0.077623 -0.000000 
0.513844 0.000000 
-1.157148 0.000000 
0.080315 0.000000 
-0.444590 0.000000 
0.222256 0.000000 
0.829266 0.000000 
0.177125 0.000000 
0.234718 0.000000 
-0.383624 0.000000 
0.421416 0.000000 
-0.294430 0.000000 
-0.792817 0.000000 
0.034162 -0.000000 
-0.405584 -0.000000 
0.218191 0.000000 
1.323877 0.000000 
0.020084 -0.000000 
0.430442 0.000000 
-0.343549 0.000000 
-0.588619 0.000000 
-0.222894 -0.000000 
-0.214257 0.000000 
-0.411478 0.000000 
-0.861113 0.000000 
-0.502089 0.000000 
0.503120 -0.000000 
1.062904 0.000000 
0.321997 0.000000 
0.439212 0.000000 
-0.482933 0.000000 
0.155178 0.000000 
0.046246 0.000000 
0.601111 0.000000 
-0.465264 0.000000 
-0.006295 0.000000 
1.270728 0.000000 
-0.193764 -0.000000 
-0.231004 0.000000 
0.279523 0.000000 
-0.271225 0.000000 
-0.047769 0.000000 
0.230081 -0.000000 
-0.097037 0.000000 
0.982679 -0.000000 
-0.211078 0.000000 
0.794531 0.000000 
0.054236 0.000000 
-0.517759 0.000000 
-0.503650 -0.000000 
0.788618 0.000000 
0.102918 0.000000 
1.063696 -0.000000 
-0.620240 0.000000 
-0.299197 0.000000 
0.388894 0.000000 
0.042551 -0.000000 
-0.157030 -0.000000 
0.742520 0.000000 
0.030644 0.000000 
-0.441149 -0.000000 
0.503944 0.000000 
-0.420447 0.000000 
-0.704883 -0.000000 
-0.130748 0.000000 
0.205610 0.000000 
-0.567151 0.000000 
-0.643417 -0.000000 
-0.072952 0.000000 
-0.711401 0.000000 
-0.522373 -0.000000 
1.001163 0.000000 
-0.768336 -0.000000 
0.108885 0.000000 
-0.663618 0.000000 
0.367539 0.000000 
0.359947 -0.000000 
-0.070116 -0.000000 
0.214845 -0.000000 
-0.821280 0.000000 
-0.109149 0.000000 
-0.046121 0.000000 
-0.392871 -0.000000 
-0.065448 0.000000 
0.329578 0.000000 
0.550079 0.000000 
0.073817 -0.000000 
0.371865 0.000000 
-0.317775 0.000000 
0.046710 0.000000 
-0.378302 0.000000 
-0.472131 0.000000 
0.895101 0.000000 
0.193901 0.000000 
0.275590 0.000000 
-0.431659 0.000000 
0.152555 -0.000000 
0.638975 0.000000 
0.037899 0.000000 
-0.612864 -0.000000 
-0.662006 0.000000 
-0.338645 0.000000 
0.511233 -0.000000 
0.346067 -0.000000 
-0.323389 -0.000000 
0.365685 0.000000 
-0.184503 0.000000 
-0.362337 0.000000 
-0.016418 0.000000 
0.675768 0.000000 
-0.533383 0.000000 
-0.618956 0.000000 
-0.454040 0.000000 
-0.175228 0.000000 
-0.009664 0.000000 
0.654838 0.000000 
-0.443507 0.000000 
0.273982 0.000000 
0.007339 0.000000 
0.379477 -0.000000 
-0.166162 0.000000 
0.271064 0.000000 
0.677661 0.000000 
0.464011 0.000000 
-0.911030 0.000000 
0.240919 0.000000 
-0.997147 0.000000 
0.326265 -0.000000 
-0.415410 0.000000 
-0.898365 0.000000 
