2.000000	 0.042809	 0.009069	 0.000265	 -0.607773	 
1.990000	 0.043427	 0.010704	 -0.001335	 -0.611693	 
1.980000	 0.043657	 0.009376	 -0.001065	 -0.615868	 
1.970000	 0.044156	 0.010700	 -0.002103	 -0.620041	 
1.960000	 0.043376	 0.011433	 -0.001028	 -0.623135	 
1.950000	 0.043345	 0.011959	 -0.000426	 -0.626149	 
1.940000	 0.043939	 0.010330	 0.000064	 -0.629582	 
1.930000	 0.043841	 0.009832	 0.000715	 -0.633137	 
1.920000	 0.044514	 0.010438	 -0.000988	 -0.637326	 
1.910000	 0.044609	 0.010859	 -0.001315	 -0.641716	 
1.900000	 0.044943	 0.010719	 -0.002978	 -0.645712	 
1.890000	 0.044594	 0.011453	 -0.001881	 -0.649840	 
1.880000	 0.045761	 0.012679	 -0.001698	 -0.653684	 
1.870000	 0.044756	 0.012403	 0.001821	 -0.657266	 
1.860000	 0.045405	 0.011579	 -0.000090	 -0.661488	 
1.850000	 0.045583	 0.011074	 -0.000352	 -0.665516	 
1.840000	 0.046098	 0.013281	 -0.001905	 -0.670127	 
1.830000	 0.045748	 0.012073	 -0.002627	 -0.674817	 
1.820000	 0.046580	 0.012491	 -0.002740	 -0.679718	 
1.810000	 0.046774	 0.014844	 -0.002204	 -0.683417	 
1.800000	 0.046368	 0.015019	 -0.000082	 -0.687340	 
1.790000	 0.046491	 0.013205	 -0.000100	 -0.691638	 
1.780000	 0.047330	 0.013108	 0.000935	 -0.695661	 
1.770000	 0.047766	 0.014449	 -0.003097	 -0.701284	 
1.760000	 0.047120	 0.014204	 -0.000996	 -0.706637	 
1.750000	 0.047677	 0.013887	 -0.003183	 -0.711597	 
1.740000	 0.047634	 0.014836	 -0.002458	 -0.716421	 
1.730000	 0.048348	 0.017023	 -0.000991	 -0.720764	 
1.720000	 0.047949	 0.015045	 0.000958	 -0.724696	 
1.710000	 0.048273	 0.015194	 0.000122	 -0.729925	 
1.700000	 0.049467	 0.015982	 -0.000488	 -0.735238	 
1.690000	 0.049376	 0.016473	 -0.001043	 -0.740552	 
1.680000	 0.048874	 0.015589	 -0.003159	 -0.747092	 
1.670000	 0.049699	 0.016796	 -0.001731	 -0.752266	 
1.660000	 0.050189	 0.018136	 -0.001981	 -0.757678	 
1.650000	 0.049433	 0.019148	 0.002130	 -0.762151	 
1.640000	 0.051287	 0.017130	 0.001105	 -0.767831	 
1.630000	 0.051266	 0.018194	 0.000853	 -0.772854	 
1.620000	 0.052067	 0.019046	 -0.000654	 -0.779179	 
1.610000	 0.051734	 0.019305	 -0.003020	 -0.785888	 
1.600000	 0.052232	 0.018720	 -0.004360	 -0.792175	 
1.590000	 0.052457	 0.019668	 -0.002967	 -0.797634	 
1.580000	 0.053027	 0.022348	 -0.000200	 -0.803289	 
1.570000	 0.053441	 0.021382	 -0.000681	 -0.808949	 
1.560000	 0.053775	 0.021211	 0.001578	 -0.814861	 
1.550000	 0.056040	 0.022233	 0.000028	 -0.822312	 
1.540000	 0.054587	 0.023428	 -0.001739	 -0.828818	 
1.530000	 0.055983	 0.022455	 -0.003349	 -0.835960	 
1.520000	 0.056256	 0.024199	 -0.003291	 -0.842499	 
1.510000	 0.057314	 0.027401	 -0.000260	 -0.849290	 
1.500000	 0.056697	 0.026742	 0.002968	 -0.854984	 
1.490000	 0.057946	 0.025369	 0.002460	 -0.861723	 
1.480000	 0.058808	 0.023169	 0.004083	 -0.869739	 
1.470000	 0.059756	 0.028207	 -0.000468	 -0.877229	 
1.460000	 0.059667	 0.027638	 -0.003646	 -0.885426	 
1.450000	 0.060026	 0.027784	 -0.005067	 -0.893450	 
1.440000	 0.062001	 0.030054	 -0.004962	 -0.900682	 
1.430000	 0.062480	 0.033497	 0.001376	 -0.906729	 
1.420000	 0.063356	 0.031651	 0.002519	 -0.914293	 
1.410000	 0.062594	 0.030198	 0.005521	 -0.921697	 
1.400000	 0.065064	 0.032280	 -0.000815	 -0.931486	 
1.390000	 0.065851	 0.034936	 -0.004663	 -0.939755	 
1.380000	 0.065640	 0.033905	 -0.008787	 -0.948750	 
1.370000	 0.065159	 0.034652	 -0.007131	 -0.956652	 
1.360000	 0.068184	 0.038167	 -0.001299	 -0.965042	 
1.350000	 0.070839	 0.040235	 0.005903	 -0.972649	 
1.340000	 0.069069	 0.036212	 0.003118	 -0.981285	 
1.330000	 0.071028	 0.039089	 0.002299	 -0.990641	 
1.320000	 0.075779	 0.044817	 -0.003305	 -1.000646	 
1.310000	 0.074081	 0.044022	 -0.009028	 -1.011085	 
1.300000	 0.075417	 0.045484	 -0.008739	 -1.020446	 
1.290000	 0.079765	 0.051737	 -0.008992	 -1.030886	 
1.280000	 0.078448	 0.050129	 0.000060	 -1.038342	 
1.270000	 0.080009	 0.048697	 0.001943	 -1.047774	 
1.260000	 0.082543	 0.046896	 0.005467	 -1.056671	 
1.250000	 0.085620	 0.052413	 -0.004420	 -1.069104	 
1.240000	 0.081868	 0.051611	 -0.000771	 -1.079310	 
1.230000	 0.084001	 0.052278	 -0.012968	 -1.090544	 
1.220000	 0.086452	 0.051419	 -0.012181	 -1.100015	 
1.210000	 0.091014	 0.061927	 -0.006015	 -1.111116	 
1.200000	 0.094155	 0.063479	 -0.001813	 -1.120457	 
1.190000	 0.095353	 0.063264	 0.014356	 -1.131140	 
1.180000	 0.100563	 0.066700	 0.001425	 -1.142416	 
1.170000	 0.101246	 0.071586	 -0.002238	 -1.154487	 
1.160000	 0.104591	 0.073420	 -0.020627	 -1.167004	 
1.150000	 0.107436	 0.070527	 -0.015914	 -1.177891	 
1.140000	 0.114332	 0.078343	 -0.020473	 -1.190043	 
1.130000	 0.111106	 0.079893	 0.004350	 -1.199871	 
1.120000	 0.112546	 0.081279	 0.004548	 -1.211273	 
1.110000	 0.117102	 0.080720	 0.012197	 -1.223292	 
1.100000	 0.120956	 0.084355	 0.013397	 -1.236490	 
1.090000	 0.134564	 0.085951	 -0.021180	 -1.249414	 
1.080000	 0.127487	 0.090930	 -0.037706	 -1.260756	 
1.070000	 0.146797	 0.090762	 -0.040741	 -1.273215	 
1.060000	 0.150157	 0.100679	 -0.027549	 -1.285474	 
1.050000	 0.140843	 0.094619	 -0.006404	 -1.296538	 
1.040000	 0.137174	 0.094401	 0.008785	 -1.307902	 
1.030000	 0.129127	 0.104468	 -0.003119	 -1.319349	 
1.020000	 0.164729	 0.109108	 0.006355	 -1.332638	 
1.010000	 0.214754	 0.100797	 -0.178040	 -1.350114	 
1.000000	 0.184454	 0.110440	 -0.043607	 -1.360986	 
0.990000	 0.206542	 0.117443	 -0.141432	 -1.373759	 
0.980000	 0.146536	 0.125667	 0.007526	 -1.383541	 
0.970000	 0.245680	 0.119905	 -0.177540	 -1.396327	 
0.960000	 0.223219	 0.119171	 -0.122358	 -1.407828	 
0.950000	 0.265644	 0.114560	 -0.215907	 -1.423261	 
0.940000	 0.416852	 0.107492	 -0.399821	 -1.440725	 
0.930000	 0.480939	 0.103755	 -0.467376	 -1.453322	 
0.920000	 0.447871	 0.114212	 -0.430592	 -1.463930	 
0.910000	 0.528126	 0.127229	 -0.510319	 -1.477151	 
0.900000	 0.544529	 0.118029	 -0.529598	 -1.487652	 
0.890000	 0.521384	 0.113106	 -0.507060	 -1.495327	 
0.880000	 0.562822	 0.120383	 -0.548004	 -1.507663	 
0.870000	 0.588833	 0.107002	 -0.577294	 -1.519324	 
0.860000	 0.598869	 0.098402	 -0.589061	 -1.530295	 
0.850000	 0.610034	 0.110136	 -0.598591	 -1.539399	 
0.840000	 0.618582	 0.122532	 -0.604762	 -1.547978	 
0.830000	 0.617647	 0.113364	 -0.605379	 -1.556198	 
0.820000	 0.627629	 0.118951	 -0.614826	 -1.564276	 
0.810000	 0.632920	 0.110920	 -0.622003	 -1.572914	 
0.800000	 0.637570	 0.102441	 -0.627784	 -1.582029	 
0.790000	 0.651141	 0.108480	 -0.640842	 -1.591727	 
0.780000	 0.660495	 0.102281	 -0.651204	 -1.599241	 
0.770000	 0.660483	 0.120308	 -0.648234	 -1.607063	 
0.760000	 0.659994	 0.115938	 -0.648424	 -1.614289	 
0.750000	 0.666415	 0.119367	 -0.654331	 -1.621434	 
0.740000	 0.671045	 0.111192	 -0.660294	 -1.628976	 
0.730000	 0.677247	 0.112997	 -0.666652	 -1.636972	 
0.720000	 0.682803	 0.111685	 -0.672356	 -1.644404	 
0.710000	 0.688006	 0.107883	 -0.678551	 -1.651919	 
0.700000	 0.693047	 0.109502	 -0.683497	 -1.659389	 
0.690000	 0.696862	 0.108586	 -0.687348	 -1.666117	 
0.680000	 0.697295	 0.117395	 -0.686292	 -1.672115	 
0.670000	 0.702850	 0.115704	 -0.692050	 -1.679251	 
0.660000	 0.705569	 0.115693	 -0.694892	 -1.686339	 
0.650000	 0.710835	 0.107617	 -0.701750	 -1.693257	 
0.640000	 0.719679	 0.102705	 -0.711547	 -1.700683	 
0.630000	 0.721650	 0.102547	 -0.713539	 -1.707200	 
0.620000	 0.725726	 0.114619	 -0.715717	 -1.713628	 
0.610000	 0.723030	 0.117781	 -0.712465	 -1.719714	 
0.600000	 0.725917	 0.110947	 -0.716601	 -1.725790	 
0.590000	 0.731696	 0.117231	 -0.721361	 -1.732401	 
0.580000	 0.737190	 0.109035	 -0.728303	 -1.738862	 
0.570000	 0.739268	 0.106142	 -0.730782	 -1.745363	 
0.560000	 0.743922	 0.098664	 -0.736803	 -1.751785	 
0.550000	 0.748540	 0.105604	 -0.740444	 -1.758054	 
0.540000	 0.750945	 0.114746	 -0.741466	 -1.764039	 
0.530000	 0.749746	 0.119171	 -0.739524	 -1.769812	 
0.520000	 0.752343	 0.109594	 -0.743633	 -1.775663	 
0.510000	 0.756880	 0.109289	 -0.748234	 -1.782092	 
0.500000	 0.762523	 0.107899	 -0.754327	 -1.788420	 
0.490000	 0.767504	 0.110179	 -0.759044	 -1.794789	 
0.480000	 0.772629	 0.108500	 -0.764453	 -1.800489	 
0.470000	 0.770195	 0.111537	 -0.761496	 -1.806305	 
0.460000	 0.771984	 0.116281	 -0.762682	 -1.811845	 
0.450000	 0.775161	 0.113928	 -0.766205	 -1.817624	 
0.440000	 0.779402	 0.117234	 -0.770100	 -1.823325	 
0.430000	 0.781832	 0.112937	 -0.773091	 -1.829432	 
0.420000	 0.788382	 0.105581	 -0.780839	 -1.835402	 
0.410000	 0.792600	 0.108179	 -0.784692	 -1.841295	 
0.400000	 0.793002	 0.112833	 -0.784576	 -1.846841	 
0.390000	 0.795339	 0.112427	 -0.786858	 -1.852385	 
0.380000	 0.796231	 0.115723	 -0.787436	 -1.857878	 
0.370000	 0.800150	 0.119597	 -0.790825	 -1.863545	 
0.360000	 0.801147	 0.113038	 -0.792868	 -1.869216	 
0.350000	 0.807802	 0.116643	 -0.798826	 -1.875165	 
0.340000	 0.809329	 0.108773	 -0.801753	 -1.880750	 
0.330000	 0.813446	 0.108664	 -0.805921	 -1.886270	 
0.320000	 0.815495	 0.111683	 -0.807468	 -1.891685	 
0.310000	 0.815196	 0.113697	 -0.806902	 -1.897019	 
0.300000	 0.820444	 0.113667	 -0.812294	 -1.902560	 
0.290000	 0.822253	 0.113317	 -0.814148	 -1.908019	 
0.280000	 0.823432	 0.118575	 -0.814544	 -1.913516	 
0.270000	 0.828529	 0.115075	 -0.820264	 -1.919022	 
0.260000	 0.832008	 0.112696	 -0.824170	 -1.924449	 
0.250000	 0.833186	 0.116743	 -0.824795	 -1.929770	 
0.240000	 0.835070	 0.112600	 -0.827247	 -1.935083	 
0.230000	 0.837691	 0.114521	 -0.829645	 -1.940460	 
0.220000	 0.840685	 0.119837	 -0.831940	 -1.945773	 
0.210000	 0.841771	 0.113930	 -0.833824	 -1.951045	 
0.200000	 0.847585	 0.114312	 -0.839705	 -1.956526	 
0.190000	 0.849401	 0.112861	 -0.841783	 -1.961813	 
0.180000	 0.851368	 0.117140	 -0.843129	 -1.967020	 
0.170000	 0.854460	 0.115112	 -0.846539	 -1.972317	 
0.160000	 0.856426	 0.116540	 -0.848366	 -1.977404	 
0.150000	 0.858187	 0.113824	 -0.850516	 -1.982649	 
0.140000	 0.861817	 0.117534	 -0.853672	 -1.987838	 
0.130000	 0.863818	 0.110864	 -0.856620	 -1.993010	 
0.120000	 0.866918	 0.118801	 -0.858681	 -1.998220	 
0.110000	 0.869055	 0.116737	 -0.861129	 -2.003416	 
0.100000	 0.870772	 0.114334	 -0.863192	 -2.008584	 
0.090000	 0.872486	 0.114474	 -0.864901	 -2.013618	 
0.080000	 0.875859	 0.113731	 -0.868389	 -2.018725	 
0.070000	 0.877951	 0.114658	 -0.870409	 -2.023814	 
0.060000	 0.881600	 0.114204	 -0.874144	 -2.028936	 
0.050000	 0.883294	 0.115805	 -0.875640	 -2.034020	 
0.040000	 0.885262	 0.118164	 -0.877330	 -2.039080	 
0.030000	 0.888266	 0.118042	 -0.880372	 -2.044137	 
0.020000	 0.889988	 0.117182	 -0.882235	 -2.049143	 
0.010000	 0.892210	 0.118290	 -0.884331	 -2.054152	 
