-2.048356 2.048356 
0.000000 0.500000 -0.007213 
0.000000 0.000000 0.000000 

0.095858 0.000000 
0.414395 -0.000000 
-0.038017 -0.000000 
0.035852 0.000000 
-0.194433 -0.000000 
0.108932 0.000000 
-1.014713 -0.000000 
-0.362277 0.000000 
-0.069019 0.000000 
0.470239 -0.000000 
1.075686 -0.000000 
0.428216 0.000000 
0.059711 0.000000 
0.197120 0.000000 
0.359087 0.000000 
0.398302 0.000000 
0.073678 0.000000 
0.208533 0.000000 
0.207943 0.000000 
0.047529 0.000000 
-0.091759 0.000000 
0.572158 0.000000 
0.130427 0.000000 
0.253258 0.000000 
0.718120 -0.000000 
0.794447 0.000000 
-0.047148 -0.000000 
0.056354 0.000000 
-0.452671 0.000000 
0.864526 0.000000 
-0.000397 0.000000 
0.257759 -0.000000 
0.216799 0.000000 
0.102185 -0.000000 
-0.318475 0.000000 
-0.951687 0.000000 
-0.663463 0.000000 
-0.434915 0.000000 
0.084853 0.000000 
0.500842 0.000000 
-0.325763 -0.000000 
0.077093 0.000000 
-0.544191 0.000000 
0.014071 0.000000 
-0.712182 0.000000 
-0.142083 -0.000000 
-0.393488 0.000000 
0.761284 0.000000 
-0.545951 -0.000000 
-0.438190 -0.000000 
-0.101801 0.000000 
-0.515132 0.000000 
-0.017824 0.000000 
0.188003 0.000000 
0.001122 0.000000 
0.435266 0.000000 
0.952275 -0.000000 
0.246864 0.000000 
0.075226 0.000000 
0.237784 0.000000 
-0.467784 0.000000 
-0.445776 -0.000000 
0.031356 0.000000 
-0.818013 0.000000 
-0.088750 0.000000 
-0.214930 -0.000000 
-0.600999 0.000000 
0.017985 0.000000 
0.392800 0.000000 
-0.268499 0.000000 
0.321511 0.000000 
-0.707797 -0.000000 
-0.198804 0.000000 
-0.204035 -0.000000 
0.274010 0.000000 
0.736035 0.000000 
0.005106 -0.000000 
-0.250042 0.000000 
0.357632 0.000000 
0.214295 0.000000 
0.363862 0.000000 
-0.648110 0.000000 
-0.298216 -0.000000 
-0.150695 0.000000 
-0.094226 0.000000 
-0.019247 -0.000000 
0.771169 0.000000 
0.251547 0.000000 
0.199109 0.000000 
0.957064 0.000000 
-0.288495 0.000000 
0.006905 0.000000 
0.114980 0.000000 
-0.267850 -0.000000 
1.176713 0.000000 
-0.042271 0.000000 
-0.342374 0.000000 
-0.059017 -0.000000 
-0.185494 0.000000 
0.257055 0.000000 
-0.259482 0.000000 
0.248440 0.000000 
0.216106 0.000000 
-1.013792 0.000000 
-1.018892 0.000000 
-0.030202 0.000000 
0.115923 0.000000 
0.402291 0.000000 
-0.012673 0.000000 
0.159340 0.000000 
-0.094650 -0.000000 
0.254537 0.000000 
-0.592568 0.000000 
-0.684648 0.000000 
0.263270 0.000000 
0.483293 0.000000 
-0.130875 -0.000000 
-0.336379 -0.000000 
-0.015428 -0.000000 
-1.227947 -0.000000 
0.608880 0.000000 
0.011547 0.000000 
-0.051619 -0.000000 
-0.637380 0.000000 
0.750086 0.000000 
-0.229478 -0.000000 
-0.953771 -0.000000 
-0.053637 0.000000 
-0.303713 0.000000 
0.048191 -0.000000 
-0.319700 0.000000 
0.995058 -0.000000 
-0.223746 0.000000 
-0.396772 0.000000 
0.180195 0.000000 
0.187226 -0.000000 
0.306585 0.000000 
0.652101 0.000000 
-0.762331 0.000000 
-0.297178 -0.000000 
-0.527847 0.000000 
0.113128 0.000000 
0.781602 0.000000 
-0.141108 0.000000 
0.194295 -0.000000 
0.455081 0.000000 
0.009450 0.000000 
0.820683 -0.000000 
-0.410122 0.000000 
-0.012095 0.000000 
0.281914 -0.000000 
-0.326952 -0.000000 
0.347080 0.000000 
0.256273 0.000000 
0.104229 0.000000 
0.062190 0.000000 
0.455738 -0.000000 
0.162611 0.000000 
-0.087630 0.000000 
-0.649461 0.000000 
-0.079594 0.000000 
0.320151 -0.000000 
-0.062646 -0.000000 
0.020366 0.000000 
-0.124809 -0.000000 
0.696823 -0.000000 
-0.166307 -0.000000 
0.064723 0.000000 
0.374279 0.000000 
-0.731385 -0.000000 
0.378660 -0.000000 
-0.498426 0.000000 
0.145613 0.000000 
-0.924049 -0.000000 
-0.415074 -0.000000 
-0.131449 0.000000 
0.592579 0.000000 
-0.149036 0.000000 
-0.603616 0.000000 
0.163415 0.000000 
-0.328645 0.000000 
0.623614 -0.000000 
-0.208535 -0.000000 
0.513647 0.000000 
-0.612598 -0.000000 
-0.139173 0.000000 
0.043590 0.000000 
-0.404389 0.000000 
-0.380507 0.000000 
-0.221185 -0.000000 
0.164602 0.000000 
0.911452 -0.000000 
-0.287437 0.000000 
-0.197945 -0.000000 
-0.634679 0.000000 
0.267041 0.000000 
-0.240629 0.000000 
-0.429381 0.000000 
0.214271 0.000000 
0.938684 0.000000 
-0.346803 0.000000 
0.316855 -0.000000 
-0.989448 0.000000 
-0.763762 -0.000000 
0.684158 0.000000 
-0.325335 0.000000 
-0.567178 -0.000000 
-0.160581 0.000000 
-0.082559 -0.000000 
0.778525 0.000000 
-0.739217 -0.000000 
-0.541380 0.000000 
-0.031040 0.000000 
-0.041843 -0.000000 
-0.984207 0.000000 
-0.595845 0.000000 
-0.119663 0.000000 
-0.371756 0.000000 
-0.129211 0.000000 
1.001810 0.000000 
-0.105481 0.000000 
0.154597 -0.000000 
-0.094210 0.000000 
-0.258649 -0.000000 
0.696791 0.000000 
0.286780 -0.000000 
-0.125714 0.000000 
0.384054 0.000000 
0.957789 0.000000 
0.510677 0.000000 
0.916813 -0.000000 
-0.471469 0.000000 
0.270945 0.000000 
0.575534 0.000000 
0.090183 0.000000 
-0.050559 -0.000000 
0.089388 0.000000 
1.121461 0.000000 
-0.138071 0.000000 
0.300737 0.000000 
0.953036 0.000000 
-0.025069 -0.000000 
-0.149834 0.000000 
0.581155 0.000000 
-1.179868 0.000000 
-0.317860 0.000000 
0.218790 0.000000 
0.222568 0.000000 
0.115841 0.000000 
0.334314 0.000000 
-0.938031 0.000000 
-0.548349 -0.000000 
0.241399 0.000000 
0.469298 0.000000 
0.229702 0.000000 
-0.176054 0.000000 
0.294372 0.000000 
-0.126151 0.000000 
0.103224 0.000000 
0.171361 0.000000 
0.161258 0.000000 
0.105461 0.000000 
0.296322 0.000000 
-0.058541 0.000000 
0.042488 0.000000 
0.321266 -0.000000 
0.255055 -0.000000 
0.275986 0.000000 
-0.828125 0.000000 
0.195739 0.000000 
-0.279391 0.000000 
0.274841 -0.000000 
-0.684472 -0.000000 
0.292855 0.000000 
0.385599 0.000000 
0.121599 -0.000000 
-0.912418 0.000000 
0.577478 0.000000 
-0.544159 0.000000 
0.033023 0.000000 
0.190461 0.000000 
-0.145883 0.000000 
0.065249 0.000000 
0.080773 -0.000000 
0.526021 0.000000 
0.646401 -0.000000 
0.063922 0.000000 
0.218752 -0.000000 
0.403995 0.000000 
-0.188688 -0.000000 
-0.039394 0.000000 
0.100879 0.000000 
0.722414 -0.000000 
0.556140 0.000000 
0.034398 0.000000 
0.174280 0.000000 
-0.024716 0.000000 
-0.655096 -0.000000 
0.265064 0.000000 
-0.588140 0.000000 
0.982273 0.000000 
0.370829 -0.000000 
0.250940 0.000000 
0.143867 0.000000 
0.008832 -0.000000 
-0.368007 -0.000000 
0.802993 0.000000 
0.476493 0.000000 
-0.140826 -0.000000 
-0.950006 0.000000 
0.852341 0.000000 
0.346847 0.000000 
-0.131506 0.000000 
-0.482605 -0.000000 
-0.051120 0.000000 
0.108978 -0.000000 
0.238960 0.000000 
-0.849094 0.000000 
-0.673896 0.000000 
1.204277 -0.000000 
0.566105 0.000000 
0.082065 -0.000000 
-0.205014 0.000000 
-0.252721 0.000000 
-0.190687 0.000000 
-0.390157 0.000000 
0.483872 -0.000000 
0.555023 0.000000 
-0.204804 -0.000000 
-0.578870 -0.000000 
-0.466768 0.000000 
-0.007847 -0.000000 
-0.355531 0.000000 
-0.540274 0.000000 
0.111250 0.000000 
-1.213087 0.000000 
0.355904 0.000000 
0.737937 0.000000 
0.131146 -0.000000 
0.267662 0.000000 
0.357033 0.000000 
-0.629489 0.000000 
0.018983 0.000000 
-0.718034 -0.000000 
0.447130 0.000000 
0.160235 0.000000 
-0.191270 -0.000000 
0.102709 0.000000 
-0.014702 0.000000 
-0.069535 0.000000 
0.412638 0.000000 
0.471094 0.000000 
0.034815 -0.000000 
-0.335897 0.000000 
-0.417381 -0.000000 
-0.115948 0.000000 
-0.081009 0.000000 
-0.042222 0.000000 
-1.092518 -0.000000 
0.047403 -0.000000 
0.402671 0.000000 
-0.690280 0.000000 
-0.395982 0.000000 
-0.595818 -0.000000 
0.743039 -0.000000 
-0.724161 0.000000 
0.148627 -0.000000 
-0.116018 0.000000 
0.400504 0.000000 
1.013851 0.000000 
-0.944744 0.000000 
-0.445274 0.000000 
-0.069547 0.000000 
0.133080 0.000000 
0.031197 0.000000 
-0.368316 0.000000 
0.016499 0.000000 
-0.170139 0.000000 
-0.132912 -0.000000 
-0.320741 -0.000000 
0.148632 -0.000000 
-0.354907 -0.000000 
-0.138679 0.000000 
0.866008 0.000000 
0.718724 0.000000 
0.514647 0.000000 
-0.148788 0.000000 
0.138165 0.000000 
-0.297341 0.000000 
-0.538894 0.000000 
-0.209628 0.000000 
0.140923 0.000000 
-0.080840 0.000000 
0.382917 0.000000 
0.183696 0.000000 
-0.163785 0.000000 
-0.739259 -0.000000 
0.218507 -0.000000 
-0.569473 -0.000000 
-0.343679 0.000000 
0.068830 0.000000 
-0.873602 0.000000 
-0.039662 -0.000000 
-0.161625 -0.000000 
-1.137881 0.000000 
0.615567 0.000000 
-0.235496 -0.000000 
0.021552 0.000000 
0.281653 -0.000000 
-0.031735 0.000000 
-0.003825 0.000000 
-0.314351 -0.000000 
-0.249395 -0.000000 
-0.122997 -0.000000 
-0.586519 0.000000 
0.875728 0.000000 
0.176581 0.000000 
-0.112735 -0.000000 
0.193152 -0.000000 
0.103135 0.000000 
-0.321319 -0.000000 
-0.616717 0.000000 
0.584340 -0.000000 
0.284262 0.000000 
1.029048 0.000000 
1.069763 -0.000000 
0.794677 0.000000 
-0.338788 0.000000 
0.402740 0.000000 
-0.057971 0.000000 
-0.044516 -0.000000 
0.017460 -0.000000 
-1.209881 -0.000000 
-0.449970 0.000000 
1.165449 -0.000000 
0.347115 0.000000 
0.527545 0.000000 
0.068658 -0.000000 
0.349862 -0.000000 
0.838299 0.000000 
-0.355207 -0.000000 
-0.215306 0.000000 
0.024036 0.000000 
-0.037282 -0.000000 
0.781982 0.000000 
0.344174 0.000000 
0.262020 0.000000 
-0.036786 0.000000 
0.057107 -0.000000 
0.639856 0.000000 
0.382971 0.000000 
0.007570 0.000000 
0.624874 -0.000000 
0.218613 -0.000000 
-0.618536 0.000000 
0.703556 0.000000 
-0.006914 0.000000 
-0.516792 0.000000 
0.317424 0.000000 
-0.596442 -0.000000 
0.198979 0.000000 
0.103866 -0.000000 
0.838526 -0.000000 
0.308636 0.000000 
-0.060916 0.000000 
-0.260289 0.000000 
0.727065 0.000000 
-0.901614 -0.000000 
0.002262 0.000000 
0.518220 0.000000 
-0.852589 -0.000000 
0.131290 0.000000 
0.761029 0.000000 
0.211412 0.000000 
0.661031 0.000000 
-0.243673 0.000000 
0.126962 0.000000 
-0.567503 -0.000000 
-0.810916 -0.000000 
0.161830 -0.000000 
0.461737 0.000000 
-0.762933 0.000000 
-0.164123 -0.000000 
0.652515 0.000000 
-0.527564 -0.000000 
-0.588529 0.000000 
1.177661 -0.000000 
-0.365803 -0.000000 
0.004414 0.000000 
-0.155976 0.000000 
-1.186666 -0.000000 
0.741525 0.000000 
-0.089969 0.000000 
-0.085629 0.000000 
0.255694 -0.000000 
0.375542 0.000000 
-0.679754 -0.000000 
0.761538 0.000000 
0.139383 0.000000 
-0.204452 0.000000 
-0.449591 -0.000000 
-0.004505 0.000000 
0.467182 0.000000 
-0.097645 0.000000 
0.074997 0.000000 
-0.059145 0.000000 
-0.333994 -0.000000 
0.370631 -0.000000 
-0.860768 0.000000 
-0.657306 0.000000 
0.802460 -0.000000 
0.851468 -0.000000 
-0.670896 0.000000 
-0.098402 0.000000 
-0.988429 0.000000 
0.140095 -0.000000 
-0.462912 0.000000 
0.485174 -0.000000 
1.020888 0.000000 
-0.770008 0.000000 
0.659856 -0.000000 
0.389165 0.000000 
0.106563 0.000000 
0.764615 0.000000 
-0.230768 -0.000000 
-0.020927 0.000000 
0.890670 0.000000 
0.255328 0.000000 
-0.282845 -0.000000 
-0.282318 0.000000 
-0.697595 0.000000 
0.200624 0.000000 
0.130581 -0.000000 
-1.288382 0.000000 
0.061944 0.000000 
-0.070094 -0.000000 
-0.120296 0.000000 
-0.380866 0.000000 
-0.892613 0.000000 
-0.321127 0.000000 
0.124179 0.000000 
0.089398 0.000000 
-0.982848 0.000000 
-0.796880 0.000000 
-0.014647 0.000000 
-0.143649 -0.000000 
-0.736045 0.000000 
-0.306787 0.000000 
0.551300 -0.000000 
-0.078419 -0.000000 
-0.609865 0.000000 
0.716239 0.000000 
-0.922104 -0.000000 
-0.144417 0.000000 
-0.575759 -0.000000 
0.515073 0.000000 
0.026951 0.000000 
-0.005233 0.000000 
0.453360 -0.000000 
-0.680782 0.000000 
0.310051 -0.000000 
-0.535602 0.000000 
1.321627 0.000000 
-0.228220 0.000000 
0.251477 0.000000 
-0.297869 -0.000000 
0.073806 0.000000 
0.104187 -0.000000 
-0.181125 0.000000 
0.052330 0.000000 
-0.577953 0.000000 
-0.189783 0.000000 
0.371695 0.000000 
-0.153517 0.000000 
0.087032 0.000000 
-0.546904 -0.000000 
0.370144 0.000000 
-0.729040 0.000000 
-0.511147 0.000000 
0.098580 -0.000000 
0.673016 -0.000000 
-0.138028 0.000000 
0.143809 -0.000000 
0.637956 -0.000000 
-0.081269 -0.000000 
0.177862 -0.000000 
0.296447 -0.000000 
0.564634 0.000000 
0.147378 0.000000 
0.502445 0.000000 
-0.077754 0.000000 
0.461945 -0.000000 
-0.312989 -0.000000 
-0.892493 -0.000000 
-0.625666 0.000000 
-1.148625 0.000000 
-0.259296 0.000000 
-0.074683 0.000000 
-0.028912 -0.000000 
-0.268592 -0.000000 
-0.693581 0.000000 
0.716562 0.000000 
0.535679 -0.000000 
-0.568126 0.000000 
-0.733528 -0.000000 
0.299985 -0.000000 
-0.762400 0.000000 
-0.278604 0.000000 
-0.033286 0.000000 
0.246756 -0.000000 
-0.737986 0.000000 
0.932940 -0.000000 
0.348142 -0.000000 
0.034364 -0.000000 
0.056209 0.000000 
-0.055348 0.000000 
-0.473413 -0.000000 
0.639688 0.000000 
0.234994 0.000000 
-0.688318 0.000000 
-0.036316 0.000000 
-0.166898 0.000000 
0.800144 0.000000 
0.122274 -0.000000 
0.253616 0.000000 
-0.148174 0.000000 
-0.036234 0.000000 
1.506166 -0.000000 
-0.411147 0.000000 
-0.050951 -0.000000 
-0.020596 0.000000 
-1.284796 0.000000 
-0.230021 0.000000 
-0.643722 0.000000 
-0.074178 -0.000000 
0.946687 0.000000 
0.222739 0.000000 
0.102142 0.000000 
0.291884 0.000000 
0.331839 0.000000 
-0.139338 -0.000000 
-0.470664 0.000000 
-0.092468 0.000000 
0.123708 0.000000 
-0.718709 0.000000 
0.103994 -0.000000 
-0.230062 -0.000000 
-0.603340 0.000000 
-0.846950 0.000000 
-0.017151 -0.000000 
0.728654 0.000000 
0.294422 0.000000 
-0.000942 0.000000 
0.208097 0.000000 
-0.323478 0.000000 
0.323177 0.000000 
-0.869738 0.000000 
-0.120340 0.000000 
0.444046 0.000000 
0.026865 0.000000 
-0.373440 0.000000 
-0.151193 -0.000000 
0.377484 -0.000000 
-0.239709 -0.000000 
-0.480579 -0.000000 
-0.724854 0.000000 
-0.074126 0.000000 
0.542304 -0.000000 
-0.175809 0.000000 
-1.232338 0.000000 
0.023843 0.000000 
-0.259026 -0.000000 
-0.028310 -0.000000 
-0.371398 0.000000 
0.550616 -0.000000 
0.267148 0.000000 
-0.189320 0.000000 
-0.071479 -0.000000 
0.237105 -0.000000 
1.599241 -0.000000 
-0.863015 0.000000 
0.660998 0.000000 
0.834299 0.000000 
0.521409 -0.000000 
-0.975307 0.000000 
0.227910 -0.000000 
0.023108 -0.000000 
-1.444245 0.000000 
-0.918073 -0.000000 
-0.460722 0.000000 
-0.188512 0.000000 
-0.546854 -0.000000 
-0.094358 0.000000 
0.128301 -0.000000 
0.187907 0.000000 
-0.114207 -0.000000 
-0.429988 0.000000 
-0.343428 -0.000000 
-0.766386 0.000000 
-0.773437 -0.000000 
0.048869 -0.000000 
-0.029408 0.000000 
-0.010920 0.000000 
0.426185 0.000000 
-0.961654 0.000000 
0.240334 -0.000000 
0.237169 -0.000000 
-0.146427 -0.000000 
0.672234 0.000000 
0.103770 -0.000000 
-0.491667 0.000000 
0.146717 0.000000 
-0.095519 -0.000000 
-0.214009 0.000000 
0.032905 0.000000 
-0.975752 -0.000000 
-0.270074 0.000000 
0.010445 0.000000 
-1.041011 0.000000 
0.496056 -0.000000 
0.108786 -0.000000 
0.349677 -0.000000 
-0.072387 -0.000000 
-0.913748 0.000000 
-0.378497 0.000000 
0.344125 0.000000 
-0.213751 -0.000000 
-0.243004 -0.000000 
0.467545 -0.000000 
-0.054487 0.000000 
-0.143080 0.000000 
-0.597420 0.000000 
-0.633561 0.000000 
0.214658 0.000000 
0.028266 -0.000000 
-0.384536 0.000000 
-0.547719 0.000000 
-0.278813 0.000000 
-0.716687 -0.000000 
0.632515 0.000000 
0.275643 0.000000 
-0.802836 0.000000 
-0.640437 0.000000 
0.285270 -0.000000 
-0.027115 0.000000 
-0.075666 0.000000 
0.321659 -0.000000 
0.448657 0.000000 
-0.052874 0.000000 
-0.276020 0.000000 
-0.079896 0.000000 
-0.633880 0.000000 
0.088106 0.000000 
0.683875 0.000000 
0.186914 -0.000000 
-0.076278 0.000000 
-0.044670 -0.000000 
-0.191405 0.000000 
0.124061 0.000000 
0.615321 0.000000 
-0.858652 0.000000 
-0.400155 -0.000000 
0.834562 -0.000000 
0.323731 0.000000 
-0.368491 0.000000 
-0.122546 0.000000 
0.196020 0.000000 
-0.597643 0.000000 
0.789967 0.000000 
0.627155 -0.000000 
0.185783 0.000000 
0.643429 0.000000 
0.019718 0.000000 
0.200568 -0.000000 
-0.226377 -0.000000 
0.229901 0.000000 
0.104897 0.000000 
0.165698 -0.000000 
0.824606 0.000000 
0.284458 0.000000 
-0.329473 0.000000 
-0.456454 0.000000 
0.507529 0.000000 
-0.221402 0.000000 
0.178866 0.000000 
-0.319845 -0.000000 
0.525467 0.000000 
0.032710 -0.000000 
-0.202423 -0.000000 
0.810632 0.000000 
-0.811268 0.000000 
0.566898 -0.000000 
0.538105 0.000000 
0.561268 0.000000 
0.514944 -0.000000 
0.343224 0.000000 
-0.141908 -0.000000 
-0.521184 -0.000000 
1.183132 0.000000 
0.897960 0.000000 
0.217671 0.000000 
-0.696576 -0.000000 
-0.324219 -0.000000 
0.240417 -0.000000 
0.105664 0.000000 
0.233522 0.000000 
-0.530728 0.000000 
0.105721 -0.000000 
-0.097842 -0.000000 
0.719348 0.000000 
-0.552585 -0.000000 
-0.066561 -0.000000 
-0.151390 0.000000 
0.494781 -0.000000 
-0.661848 -0.000000 
-0.417314 -0.000000 
0.427886 -0.000000 
0.322529 0.000000 
0.595391 0.000000 
0.646371 -0.000000 
-0.026757 -0.000000 
0.128251 0.000000 
-0.483773 0.000000 
0.677923 -0.000000 
0.293188 0.000000 
0.198137 0.000000 
-0.448762 0.000000 
0.683581 0.000000 
0.139620 0.000000 
-0.980873 -0.000000 
-0.352900 0.000000 
-0.754856 0.000000 
-0.224581 -0.000000 
-0.100588 -0.000000 
0.009015 0.000000 
0.674117 0.000000 
-0.261014 0.000000 
-1.227650 -0.000000 
0.150990 0.000000 
-0.302258 -0.000000 
-0.321284 0.000000 
0.336364 0.000000 
0.887445 0.000000 
0.218454 -0.000000 
0.119122 0.000000 
0.467156 0.000000 
-0.258168 0.000000 
0.253273 0.000000 
0.515333 0.000000 
-0.557670 -0.000000 
0.406329 0.000000 
0.442242 -0.000000 
-0.326948 0.000000 
0.050442 0.000000 
-0.251831 0.000000 
0.889070 0.000000 
-0.137234 -0.000000 
0.050213 0.000000 
-0.234243 0.000000 
0.214921 0.000000 
-0.190986 0.000000 
-1.492252 0.000000 
-1.014513 0.000000 
0.802313 -0.000000 
-0.522364 0.000000 
0.123664 -0.000000 
0.220890 0.000000 
0.180833 0.000000 
0.296215 -0.000000 
-0.212697 0.000000 
0.524649 0.000000 
1.071062 0.000000 
-0.152360 0.000000 
0.684164 0.000000 
-0.122549 0.000000 
-0.165616 -0.000000 
-0.165066 0.000000 
0.414867 0.000000 
-0.074005 0.000000 
-0.078935 0.000000 
-0.177997 0.000000 
-0.517071 -0.000000 
-0.352338 -0.000000 
-0.420729 -0.000000 
0.180392 0.000000 
0.287868 0.000000 
0.663268 0.000000 
0.229425 0.000000 
0.291653 -0.000000 
-1.145931 -0.000000 
0.333985 0.000000 
0.271249 -0.000000 
0.841678 0.000000 
1.093668 0.000000 
-0.596834 0.000000 
-0.178578 0.000000 
-0.422272 0.000000 
-0.110219 0.000000 
-0.760515 0.000000 
-0.607457 0.000000 
-0.320779 -0.000000 
-0.161508 0.000000 
-0.196938 -0.000000 
0.183623 0.000000 
1.216805 0.000000 
-0.415573 -0.000000 
1.100575 -0.000000 
0.781034 0.000000 
0.816604 0.000000 
0.431830 -0.000000 
-0.884984 0.000000 
-0.272944 0.000000 
-0.258214 0.000000 
0.212735 -0.000000 
0.738271 0.000000 
0.359136 0.000000 
0.143079 0.000000 
0.392654 0.000000 
0.202950 0.000000 
0.142428 -0.000000 
0.622141 0.000000 
0.254397 0.000000 
0.370572 -0.000000 
0.116770 0.000000 
-0.563599 0.000000 
0.259598 0.000000 
-0.262879 0.000000 
0.395447 -0.000000 
0.655447 0.000000 
0.237800 0.000000 
-0.255277 0.000000 
-0.209301 0.000000 
0.287276 0.000000 
-0.452875 0.000000 
0.317184 -0.000000 
0.286773 -0.000000 
0.469345 0.000000 
-1.140510 0.000000 
-0.475756 -0.000000 
-0.203021 0.000000 
0.288372 0.000000 
0.351359 0.000000 
0.083849 0.000000 
0.767824 0.000000 
0.515156 -0.000000 
-0.305061 -0.000000 
-0.641180 0.000000 
0.020566 -0.000000 
-0.115392 0.000000 
-0.046879 0.000000 
0.267427 0.000000 
-0.149409 0.000000 
-0.348394 0.000000 
0.271178 0.000000 
-1.028641 0.000000 
-1.053352 0.000000 
-0.128412 -0.000000 
-0.335014 -0.000000 
0.216203 0.000000 
-0.192009 0.000000 
0.555834 0.000000 
0.198189 -0.000000 
0.249278 -0.000000 
-0.951202 0.000000 
-0.130730 0.000000 
-0.220807 0.000000 
-0.183288 0.000000 
0.734069 -0.000000 
-0.357570 -0.000000 
-0.192959 0.000000 
0.458534 -0.000000 
0.246159 0.000000 
-0.488998 0.000000 
0.131828 0.000000 
0.368502 0.000000 
-0.609134 0.000000 
-0.593748 -0.000000 
-0.034796 0.000000 
0.521585 0.000000 
0.685290 -0.000000 
-0.609608 -0.000000 
-0.626827 0.000000 
-0.506663 0.000000 
-1.043198 0.000000 
-0.687610 0.000000 
0.180283 0.000000 
0.684456 -0.000000 
0.211713 -0.000000 
-0.168892 -0.000000 
-0.803225 -0.000000 
-0.326358 0.000000 
-0.211949 0.000000 
-0.208546 0.000000 
-0.517104 0.000000 
0.335162 0.000000 
-0.159590 -0.000000 
-0.071680 -0.000000 
-0.026969 0.000000 
0.480693 -0.000000 
0.716319 -0.000000 
0.053835 0.000000 
-0.149227 0.000000 
-1.216102 -0.000000 
-0.283341 -0.000000 
-0.305337 -0.000000 
-0.943062 0.000000 
-0.322511 0.000000 
-0.292117 -0.000000 
0.556525 0.000000 
-0.194568 0.000000 
-0.227420 -0.000000 
-0.309689 0.000000 
0.175789 -0.000000 
0.025745 0.000000 
0.492098 -0.000000 
0.210058 0.000000 
-0.289612 -0.000000 
0.218264 0.000000 
0.415756 0.000000 
-0.542383 -0.000000 
1.040072 0.000000 
0.027603 -0.000000 
0.118238 -0.000000 
0.435563 0.000000 
