T	 |m|	 <m[0]>	 <m[1]>	 <E>	 dim_{Lat}=2	 L=128,128	 J=1.000000,1.000000	 {/Symbol s}_J=0.000000,0.000000	 <J_{ij}>=0.000000,0.000000	 dim_{Spin}=2	 h=0.007812,0.000000	 {/Symbol s}_h=0.500000,0.000000	 <h_i>=0.001631,0.000000	 order=1.000000,0.000000	 order_h=0	 order_r=1	 (thermalizing-MCS,averaging-MCS)/{/Symbol D}T=(128000,12800)/0.010000	 
Cooling... 
2.000000	 0.042779	 0.007817	 -0.000091	 -0.606029	 
1.990000	 0.043412	 0.009581	 -0.001612	 -0.610376	 
1.980000	 0.043403	 0.008225	 -0.001394	 -0.614555	 
1.970000	 0.043723	 0.008937	 -0.001939	 -0.618349	 
1.960000	 0.043184	 0.009681	 -0.000423	 -0.621265	 
1.950000	 0.043556	 0.010378	 -0.000239	 -0.624637	 
1.940000	 0.043635	 0.008949	 0.000254	 -0.628139	 
1.930000	 0.043599	 0.008134	 0.000472	 -0.631168	 
1.920000	 0.044208	 0.009250	 -0.001899	 -0.635868	 
1.910000	 0.044436	 0.009496	 -0.001608	 -0.640194	 
1.900000	 0.044530	 0.009813	 -0.002431	 -0.643835	 
1.890000	 0.044734	 0.009859	 -0.002391	 -0.648127	 
1.880000	 0.045495	 0.011082	 -0.001562	 -0.652054	 
1.870000	 0.044354	 0.010159	 0.002177	 -0.655538	 
1.860000	 0.044805	 0.009092	 -0.000226	 -0.659714	 
1.850000	 0.045100	 0.009214	 -0.000602	 -0.663487	 
1.840000	 0.045636	 0.010795	 -0.001359	 -0.668099	 
1.830000	 0.045370	 0.009953	 -0.002195	 -0.672783	 
1.820000	 0.045829	 0.010817	 -0.002330	 -0.677837	 
1.810000	 0.046263	 0.012937	 -0.001997	 -0.681276	 
1.800000	 0.046302	 0.012861	 -0.000106	 -0.685596	 
1.790000	 0.045797	 0.010594	 -0.000124	 -0.689670	 
1.780000	 0.046838	 0.011002	 0.000761	 -0.693605	 
1.770000	 0.047318	 0.011887	 -0.003476	 -0.699369	 
1.760000	 0.046624	 0.012199	 -0.000735	 -0.704242	 
1.750000	 0.047031	 0.011059	 -0.003018	 -0.709022	 
1.740000	 0.047182	 0.012653	 -0.001759	 -0.713734	 
1.730000	 0.047881	 0.014520	 -0.000626	 -0.718238	 
1.720000	 0.047072	 0.011777	 0.001040	 -0.722555	 
1.710000	 0.047383	 0.012108	 -0.000773	 -0.727737	 
1.700000	 0.048754	 0.012817	 -0.000734	 -0.732855	 
1.690000	 0.048756	 0.013499	 -0.000487	 -0.737859	 
1.680000	 0.048017	 0.012422	 -0.002712	 -0.744603	 
1.670000	 0.049331	 0.014392	 -0.001811	 -0.749937	 
1.660000	 0.050322	 0.015134	 -0.001348	 -0.754521	 
1.650000	 0.048842	 0.015570	 0.000632	 -0.759193	 
1.640000	 0.050622	 0.015094	 0.001824	 -0.765096	 
1.630000	 0.050689	 0.014944	 0.000033	 -0.770192	 
1.620000	 0.051466	 0.016190	 -0.001345	 -0.776400	 
1.610000	 0.050120	 0.015259	 -0.002371	 -0.782532	 
1.600000	 0.051557	 0.016118	 -0.004382	 -0.789034	 
1.590000	 0.051560	 0.016400	 -0.001768	 -0.794349	 
1.580000	 0.052618	 0.019678	 0.000697	 -0.800625	 
1.570000	 0.052458	 0.017531	 0.000911	 -0.806581	 
1.560000	 0.052734	 0.017784	 0.000853	 -0.811364	 
1.550000	 0.054818	 0.019265	 -0.000655	 -0.819220	 
1.540000	 0.053766	 0.019269	 -0.001271	 -0.825699	 
1.530000	 0.055335	 0.019014	 -0.004196	 -0.832859	 
1.520000	 0.055037	 0.019994	 -0.002848	 -0.839274	 
1.510000	 0.055504	 0.022489	 -0.000741	 -0.845510	 
1.500000	 0.055695	 0.022303	 0.003238	 -0.851932	 
1.490000	 0.056198	 0.020953	 0.001493	 -0.858428	 
1.480000	 0.057152	 0.018968	 0.002012	 -0.865890	 
1.470000	 0.058451	 0.023429	 -0.001495	 -0.873661	 
1.460000	 0.057215	 0.021716	 -0.003636	 -0.881685	 
1.450000	 0.058170	 0.023522	 -0.005448	 -0.889084	 
1.440000	 0.061296	 0.026103	 -0.004120	 -0.896495	 
1.430000	 0.060494	 0.027527	 0.000606	 -0.903187	 
1.420000	 0.060997	 0.026081	 0.001508	 -0.910563	 
1.410000	 0.061161	 0.024176	 0.004166	 -0.917894	 
1.400000	 0.062673	 0.026743	 -0.000987	 -0.927048	 
1.390000	 0.062172	 0.026600	 -0.004396	 -0.935556	 
1.380000	 0.062506	 0.027374	 -0.009032	 -0.944307	 
1.370000	 0.063524	 0.028366	 -0.004109	 -0.952348	 
1.360000	 0.065490	 0.030412	 -0.001342	 -0.960880	 
1.350000	 0.069077	 0.034745	 0.005894	 -0.968310	 
1.340000	 0.065739	 0.029628	 0.003097	 -0.976874	 
1.330000	 0.068890	 0.030195	 -0.000096	 -0.986639	 
1.320000	 0.070762	 0.036145	 -0.003941	 -0.996382	 
1.310000	 0.069440	 0.034300	 -0.007982	 -1.006062	 
1.300000	 0.071794	 0.037946	 -0.004854	 -1.015692	 
1.290000	 0.075176	 0.042228	 -0.006587	 -1.025919	 
1.280000	 0.072644	 0.041058	 0.001360	 -1.033581	 
1.270000	 0.072977	 0.037731	 0.001057	 -1.042322	 
1.260000	 0.076846	 0.037857	 0.005689	 -1.052898	 
1.250000	 0.080243	 0.043471	 -0.003311	 -1.064220	 
1.240000	 0.077110	 0.042854	 -0.002554	 -1.075173	 
1.230000	 0.082402	 0.044998	 -0.013287	 -1.085954	 
1.220000	 0.086653	 0.046471	 -0.012498	 -1.095548	 
1.210000	 0.086425	 0.050032	 -0.010220	 -1.105529	 
1.200000	 0.090201	 0.049198	 0.005328	 -1.115200	 
1.190000	 0.088151	 0.049812	 0.003914	 -1.126944	 
1.180000	 0.095400	 0.054199	 -0.002418	 -1.138275	 
1.170000	 0.092905	 0.055964	 -0.006787	 -1.149763	 
1.160000	 0.098122	 0.058997	 -0.025839	 -1.162018	 
1.150000	 0.098252	 0.061164	 -0.015152	 -1.174184	 
1.140000	 0.106532	 0.065723	 -0.019260	 -1.184734	 
1.130000	 0.106518	 0.063840	 -0.005916	 -1.194963	 
1.120000	 0.109483	 0.062378	 0.015812	 -1.207155	 
1.110000	 0.109109	 0.067697	 0.017164	 -1.217144	 
1.100000	 0.113318	 0.072378	 0.017508	 -1.231000	 
1.090000	 0.110964	 0.064582	 -0.023512	 -1.244323	 
1.080000	 0.128855	 0.074557	 -0.069142	 -1.255787	 
1.070000	 0.145710	 0.074481	 -0.060695	 -1.270572	 
1.060000	 0.132028	 0.083966	 -0.014111	 -1.280898	 
1.050000	 0.131472	 0.083295	 0.001051	 -1.293610	 
1.040000	 0.137693	 0.075800	 0.038788	 -1.304112	 
1.030000	 0.127828	 0.088378	 -0.014918	 -1.315626	 
1.020000	 0.145950	 0.085266	 -0.074853	 -1.328940	 
1.010000	 0.201705	 0.086245	 -0.171510	 -1.344882	 
1.000000	 0.242451	 0.083232	 -0.098448	 -1.360606	 
0.990000	 0.194187	 0.108099	 -0.138315	 -1.369327	 
0.980000	 0.242197	 0.102433	 -0.139099	 -1.383514	 
0.970000	 0.171723	 0.103594	 -0.009283	 -1.392268	 
0.960000	 0.234941	 0.095683	 -0.205946	 -1.408453	 
0.950000	 0.398807	 0.096372	 -0.383620	 -1.424433	 
0.940000	 0.453672	 0.098693	 -0.439900	 -1.439546	 
0.930000	 0.529345	 0.076363	 -0.522022	 -1.455761	 
0.920000	 0.540642	 0.099889	 -0.529447	 -1.466539	 
0.910000	 0.540739	 0.099102	 -0.529134	 -1.475972	 
0.900000	 0.562334	 0.095331	 -0.551957	 -1.486785	 
0.890000	 0.569340	 0.091946	 -0.560298	 -1.496042	 
0.880000	 0.586473	 0.094002	 -0.577113	 -1.507591	 
0.870000	 0.594060	 0.089545	 -0.585564	 -1.517742	 
0.860000	 0.604279	 0.086438	 -0.596416	 -1.528048	 
0.850000	 0.623835	 0.094917	 -0.614687	 -1.538022	 
0.840000	 0.622186	 0.105886	 -0.611059	 -1.545917	 
0.830000	 0.630074	 0.102181	 -0.620326	 -1.554571	 
0.820000	 0.637809	 0.095642	 -0.629075	 -1.562706	 
0.810000	 0.641294	 0.092665	 -0.633268	 -1.571748	 
0.800000	 0.644763	 0.085911	 -0.637763	 -1.580009	 
0.790000	 0.656948	 0.090897	 -0.649259	 -1.589266	 
0.780000	 0.666368	 0.088390	 -0.659110	 -1.597596	 
0.770000	 0.669990	 0.094760	 -0.661893	 -1.605188	 
0.760000	 0.669267	 0.098560	 -0.660886	 -1.612234	 
0.750000	 0.673186	 0.093950	 -0.665176	 -1.619266	 
0.740000	 0.676409	 0.096096	 -0.668330	 -1.626289	 
0.730000	 0.687829	 0.097842	 -0.679525	 -1.634775	 
0.720000	 0.689862	 0.095846	 -0.681870	 -1.642393	 
0.710000	 0.693527	 0.078896	 -0.687998	 -1.649778	 
0.700000	 0.704174	 0.084143	 -0.698182	 -1.657167	 
0.690000	 0.701746	 0.095265	 -0.694268	 -1.663839	 
0.680000	 0.702485	 0.098879	 -0.694404	 -1.670096	 
0.670000	 0.709077	 0.098171	 -0.701064	 -1.677288	 
0.660000	 0.712376	 0.093813	 -0.705102	 -1.683856	 
0.650000	 0.717068	 0.093773	 -0.709991	 -1.691024	 
0.640000	 0.722815	 0.090607	 -0.716274	 -1.698344	 
0.630000	 0.726090	 0.089815	 -0.719533	 -1.704636	 
0.620000	 0.730396	 0.093097	 -0.723250	 -1.711287	 
0.610000	 0.730452	 0.086769	 -0.724533	 -1.717346	 
0.600000	 0.734101	 0.088019	 -0.728091	 -1.723655	 
0.590000	 0.736830	 0.095400	 -0.729605	 -1.729839	 
0.580000	 0.741488	 0.086438	 -0.735691	 -1.736776	 
0.570000	 0.746728	 0.087335	 -0.740805	 -1.743418	 
0.560000	 0.751243	 0.084821	 -0.745875	 -1.749823	 
0.550000	 0.754192	 0.092337	 -0.747881	 -1.755932	 
0.540000	 0.754977	 0.099307	 -0.747859	 -1.761479	 
0.530000	 0.756795	 0.095507	 -0.750181	 -1.767388	 
0.520000	 0.760547	 0.092026	 -0.754260	 -1.773563	 
0.510000	 0.764978	 0.094217	 -0.758574	 -1.779956	 
0.500000	 0.768961	 0.095587	 -0.762357	 -1.786146	 
0.490000	 0.774443	 0.085745	 -0.769074	 -1.792308	 
0.480000	 0.775680	 0.090251	 -0.769951	 -1.798281	 
0.470000	 0.778324	 0.091166	 -0.772448	 -1.803912	 
0.460000	 0.777214	 0.095638	 -0.770723	 -1.809472	 
0.450000	 0.781026	 0.096582	 -0.774510	 -1.815559	 
0.440000	 0.786216	 0.102246	 -0.779037	 -1.821249	 
0.430000	 0.790494	 0.094720	 -0.784294	 -1.827184	 
0.420000	 0.793375	 0.085737	 -0.788190	 -1.833229	 
0.410000	 0.795978	 0.089360	 -0.790589	 -1.839012	 
0.400000	 0.799448	 0.090101	 -0.793948	 -1.844579	 
0.390000	 0.801787	 0.092688	 -0.795906	 -1.850172	 
0.380000	 0.803203	 0.091771	 -0.797403	 -1.855631	 
0.370000	 0.807461	 0.101013	 -0.800823	 -1.861258	 
0.360000	 0.809624	 0.090803	 -0.803972	 -1.866955	 
0.350000	 0.813690	 0.091725	 -0.808029	 -1.872821	 
0.340000	 0.816320	 0.088155	 -0.811256	 -1.878556	 
0.330000	 0.819526	 0.091032	 -0.814205	 -1.883973	 
0.320000	 0.820743	 0.095263	 -0.814890	 -1.889330	 
0.310000	 0.822885	 0.090166	 -0.817596	 -1.894861	 
0.300000	 0.825818	 0.090902	 -0.820584	 -1.900326	 
0.290000	 0.828640	 0.091053	 -0.823354	 -1.905872	 
0.280000	 0.830870	 0.090311	 -0.825702	 -1.911199	 
0.270000	 0.836542	 0.096397	 -0.830737	 -1.916853	 
0.260000	 0.838323	 0.096491	 -0.832549	 -1.922385	 
0.250000	 0.840207	 0.091195	 -0.835064	 -1.927543	 
0.240000	 0.841626	 0.093036	 -0.836289	 -1.932877	 
0.230000	 0.844508	 0.092297	 -0.839275	 -1.938269	 
0.220000	 0.846317	 0.097743	 -0.840477	 -1.943410	 
0.210000	 0.849563	 0.097115	 -0.843714	 -1.948764	 
0.200000	 0.853786	 0.095291	 -0.848290	 -1.954249	 
0.190000	 0.856706	 0.092142	 -0.851629	 -1.959585	 
0.180000	 0.858430	 0.092200	 -0.853361	 -1.964757	 
0.170000	 0.858643	 0.089684	 -0.853835	 -1.969987	 
0.160000	 0.862173	 0.095532	 -0.856742	 -1.975132	 
0.150000	 0.865978	 0.095871	 -0.860546	 -1.980384	 
0.140000	 0.869059	 0.096748	 -0.863575	 -1.985578	 
0.130000	 0.869262	 0.097841	 -0.863638	 -1.990795	 
0.120000	 0.872888	 0.094593	 -0.867684	 -1.996021	 
0.110000	 0.876152	 0.097411	 -0.870659	 -2.001197	 
0.100000	 0.877595	 0.089751	 -0.872942	 -2.006262	 
0.090000	 0.879823	 0.093608	 -0.874788	 -2.011397	 
0.080000	 0.883233	 0.092494	 -0.878331	 -2.016482	 
0.070000	 0.886000	 0.094020	 -0.880968	 -2.021590	 
0.060000	 0.886813	 0.094770	 -0.881707	 -2.026649	 
0.050000	 0.890573	 0.097514	 -0.885200	 -2.031757	 
0.040000	 0.891190	 0.097312	 -0.885845	 -2.036797	 
0.030000	 0.894496	 0.095047	 -0.889418	 -2.041856	 
0.020000	 0.896618	 0.095720	 -0.891486	 -2.046884	 
0.010000	 0.900400	 0.096511	 -0.895210	 -2.051889	 
