-2.125454 2.125454 
0.000000 0.500000 -0.000095 
0.000000 0.000000 0.000000 

0.117093 0.000000 
-0.317394 0.000000 
-0.097749 0.000000 
-0.193506 -0.000000 
0.347375 0.000000 
1.350100 0.000000 
0.398044 0.000000 
0.275791 0.000000 
0.141001 0.000000 
-0.289473 0.000000 
0.200938 0.000000 
-0.439840 -0.000000 
-0.193927 -0.000000 
0.467761 0.000000 
0.874386 0.000000 
-0.323264 0.000000 
0.163050 0.000000 
0.134959 -0.000000 
0.972851 -0.000000 
0.748732 -0.000000 
0.501342 0.000000 
0.514893 0.000000 
0.020575 0.000000 
0.421356 0.000000 
-0.137097 -0.000000 
-0.662448 0.000000 
0.029151 0.000000 
0.427814 0.000000 
0.506784 0.000000 
0.496333 -0.000000 
0.256917 -0.000000 
-0.711644 0.000000 
0.177117 0.000000 
-0.275984 0.000000 
0.018053 0.000000 
0.530509 0.000000 
0.708944 0.000000 
-0.607778 0.000000 
0.051899 0.000000 
-0.372570 0.000000 
-0.956944 0.000000 
0.900697 0.000000 
-0.384805 -0.000000 
1.465868 0.000000 
0.855679 0.000000 
0.654201 0.000000 
-0.131640 0.000000 
0.559340 0.000000 
-0.498323 0.000000 
-0.622293 0.000000 
-0.237428 0.000000 
0.281987 0.000000 
-0.999965 -0.000000 
-0.277468 0.000000 
0.118835 0.000000 
0.218890 -0.000000 
-0.621468 -0.000000 
0.405242 0.000000 
-0.118387 0.000000 
0.061152 0.000000 
0.196719 -0.000000 
-0.377935 -0.000000 
0.676813 0.000000 
0.167505 0.000000 
-0.529887 0.000000 
0.945590 0.000000 
0.291294 0.000000 
-0.157754 -0.000000 
0.384687 -0.000000 
-0.632993 -0.000000 
-0.205008 -0.000000 
-0.607568 0.000000 
-0.860964 -0.000000 
0.448928 0.000000 
-0.540488 0.000000 
1.367525 0.000000 
0.068499 0.000000 
0.328049 0.000000 
-0.459010 -0.000000 
0.047541 0.000000 
0.146009 -0.000000 
-0.380600 0.000000 
0.383058 -0.000000 
0.474736 0.000000 
1.046048 -0.000000 
-0.266130 -0.000000 
-0.358187 0.000000 
-0.068859 -0.000000 
0.533710 0.000000 
0.306691 -0.000000 
-0.157749 0.000000 
0.086292 0.000000 
-0.221396 0.000000 
-0.588653 0.000000 
-0.772375 0.000000 
-0.259839 0.000000 
0.039468 0.000000 
-0.571387 0.000000 
0.035849 -0.000000 
0.535193 0.000000 
0.253710 0.000000 
0.958875 0.000000 
-1.310518 0.000000 
0.073773 0.000000 
-0.808957 0.000000 
-0.194065 -0.000000 
-0.177602 0.000000 
-0.257346 0.000000 
0.478001 -0.000000 
0.626520 0.000000 
-0.185379 0.000000 
-0.108015 0.000000 
0.210153 0.000000 
0.104328 -0.000000 
-0.026864 0.000000 
-0.680762 0.000000 
0.203085 -0.000000 
0.858248 -0.000000 
0.524229 -0.000000 
-0.244801 0.000000 
0.303794 0.000000 
-0.423758 0.000000 
0.424253 0.000000 
-0.671396 0.000000 
-0.519453 0.000000 
0.055773 0.000000 
-0.130097 0.000000 
0.107165 -0.000000 
0.240410 0.000000 
0.621789 -0.000000 
-0.863549 0.000000 
0.048301 0.000000 
0.506211 0.000000 
-0.312753 -0.000000 
0.151373 -0.000000 
0.903760 -0.000000 
-1.042915 -0.000000 
-0.627038 0.000000 
-0.464899 0.000000 
-0.877999 0.000000 
0.353556 0.000000 
-0.231154 0.000000 
0.266319 0.000000 
0.270707 0.000000 
-0.335144 0.000000 
-0.245979 -0.000000 
-0.471721 0.000000 
0.190318 0.000000 
0.534958 0.000000 
0.201609 0.000000 
0.778399 0.000000 
0.796210 -0.000000 
0.561284 0.000000 
-0.406424 0.000000 
-0.095761 -0.000000 
-0.943849 -0.000000 
0.229592 0.000000 
-0.667683 -0.000000 
-0.842624 0.000000 
0.285610 0.000000 
0.443439 -0.000000 
-0.635406 0.000000 
-0.801462 0.000000 
-0.799971 0.000000 
0.074292 0.000000 
-1.125609 0.000000 
-0.600273 0.000000 
-0.200719 0.000000 
-0.099793 0.000000 
-0.377690 -0.000000 
-0.099022 0.000000 
-0.770520 0.000000 
1.073297 0.000000 
0.920934 0.000000 
0.394591 0.000000 
-0.224735 0.000000 
-0.187265 -0.000000 
-0.327187 0.000000 
-0.018783 0.000000 
0.461544 0.000000 
-0.201019 0.000000 
-0.158044 0.000000 
0.061803 -0.000000 
-0.482521 0.000000 
-0.023753 -0.000000 
-0.612491 0.000000 
-0.682627 0.000000 
0.759416 0.000000 
-0.337767 -0.000000 
0.270708 -0.000000 
0.087379 0.000000 
-0.671998 0.000000 
0.327779 0.000000 
-0.496737 0.000000 
-0.543410 0.000000 
0.263747 0.000000 
0.667135 0.000000 
1.203653 0.000000 
0.405952 0.000000 
-0.353713 0.000000 
-0.072210 0.000000 
-0.382060 0.000000 
-0.220683 0.000000 
-0.451055 0.000000 
-0.079207 -0.000000 
-0.617870 0.000000 
0.534307 -0.000000 
-0.088668 0.000000 
0.963845 -0.000000 
0.542411 0.000000 
0.118627 -0.000000 
-0.018741 0.000000 
-0.168544 0.000000 
0.116173 0.000000 
0.539867 -0.000000 
-0.274330 -0.000000 
0.589286 -0.000000 
0.195882 -0.000000 
-0.245451 0.000000 
0.006900 0.000000 
-0.464355 -0.000000 
0.683639 -0.000000 
-0.345641 -0.000000 
-0.058204 0.000000 
0.571737 -0.000000 
0.551561 -0.000000 
-0.096415 -0.000000 
-0.554708 0.000000 
0.201009 0.000000 
-0.148223 0.000000 
-0.399239 -0.000000 
-0.663028 0.000000 
-0.595562 0.000000 
-0.006117 0.000000 
0.196285 -0.000000 
0.225197 0.000000 
1.484536 -0.000000 
-0.548143 -0.000000 
-0.113184 -0.000000 
-0.310125 0.000000 
0.093728 0.000000 
-0.000974 0.000000 
0.717389 0.000000 
0.837612 0.000000 
0.219858 -0.000000 
-0.566890 0.000000 
0.156582 -0.000000 
0.749917 -0.000000 
-0.063012 0.000000 
-0.433730 0.000000 
-0.498919 0.000000 
-0.606458 0.000000 
-0.544632 0.000000 
0.506933 0.000000 
0.322743 0.000000 
-0.117388 -0.000000 
0.304467 0.000000 
-0.904809 -0.000000 
0.623429 0.000000 
0.304198 -0.000000 
0.773835 0.000000 
-0.097355 -0.000000 
-1.072881 -0.000000 
0.536697 0.000000 
-0.058240 -0.000000 
-0.346741 0.000000 
-0.187991 0.000000 
0.406691 0.000000 
0.201441 -0.000000 
0.866825 0.000000 
0.386457 0.000000 
-0.540605 0.000000 
-0.336989 0.000000 
-0.820593 -0.000000 
-0.801145 -0.000000 
-0.321040 -0.000000 
-0.546704 0.000000 
-0.585823 0.000000 
0.498162 0.000000 
0.442248 0.000000 
-0.916800 0.000000 
0.572147 0.000000 
0.313498 0.000000 
-0.557016 0.000000 
-0.388447 0.000000 
0.564239 0.000000 
-0.573787 0.000000 
-0.426847 0.000000 
0.151412 -0.000000 
0.135000 -0.000000 
-0.885612 0.000000 
-0.236529 0.000000 
-0.676637 0.000000 
-0.264155 -0.000000 
1.130146 -0.000000 
0.047767 -0.000000 
0.322652 -0.000000 
-0.049264 0.000000 
0.405607 -0.000000 
0.301569 -0.000000 
-0.210132 0.000000 
-0.714032 0.000000 
0.457804 0.000000 
0.113750 0.000000 
0.144770 0.000000 
0.918491 -0.000000 
0.007328 0.000000 
0.684593 0.000000 
-0.277053 0.000000 
-0.234956 0.000000 
0.382244 -0.000000 
0.824580 0.000000 
-0.046706 0.000000 
0.166361 0.000000 
0.058073 -0.000000 
0.586538 -0.000000 
0.883845 -0.000000 
-0.707500 -0.000000 
0.029179 0.000000 
0.146400 0.000000 
-0.113637 -0.000000 
-0.264434 0.000000 
-0.138485 -0.000000 
0.391703 0.000000 
0.772621 -0.000000 
-0.427991 0.000000 
-0.288837 0.000000 
0.800147 0.000000 
-0.196472 0.000000 
0.115569 -0.000000 
-1.187595 -0.000000 
0.674897 0.000000 
0.201929 0.000000 
0.529593 0.000000 
-0.670966 0.000000 
0.792090 0.000000 
-0.557610 -0.000000 
-0.033195 0.000000 
-0.541841 -0.000000 
-0.398445 0.000000 
-0.513589 0.000000 
-0.439790 -0.000000 
-0.040746 -0.000000 
0.729126 0.000000 
-0.875320 0.000000 
0.323992 0.000000 
0.405143 -0.000000 
0.368249 0.000000 
0.649481 -0.000000 
0.081634 -0.000000 
0.014449 0.000000 
0.266959 0.000000 
-0.683650 0.000000 
-0.295944 -0.000000 
0.206697 0.000000 
0.517709 0.000000 
0.641516 0.000000 
-0.162762 0.000000 
0.147939 0.000000 
0.369882 0.000000 
0.989305 -0.000000 
0.963573 0.000000 
0.681523 -0.000000 
-0.003579 0.000000 
0.386974 -0.000000 
-0.525264 0.000000 
0.106481 -0.000000 
0.468926 0.000000 
-0.755258 0.000000 
0.646747 0.000000 
-0.094040 -0.000000 
-0.034082 0.000000 
-0.211540 0.000000 
-0.757716 0.000000 
-0.343364 0.000000 
0.208032 0.000000 
-0.279206 -0.000000 
-0.091282 0.000000 
0.453282 0.000000 
-0.631632 -0.000000 
0.116067 0.000000 
-0.971667 -0.000000 
0.086861 -0.000000 
0.341731 0.000000 
-0.276641 0.000000 
-0.112086 0.000000 
-0.204669 0.000000 
0.449354 0.000000 
0.156878 0.000000 
-0.521959 0.000000 
0.680157 0.000000 
0.456134 0.000000 
0.097490 -0.000000 
-0.349795 0.000000 
0.561248 0.000000 
-0.043945 0.000000 
1.047481 0.000000 
0.205600 0.000000 
-0.354245 0.000000 
-1.086681 0.000000 
-0.575190 -0.000000 
0.010807 -0.000000 
-0.158486 -0.000000 
0.568801 0.000000 
-0.042784 -0.000000 
-0.434717 0.000000 
-0.347271 -0.000000 
-0.344030 0.000000 
-0.097974 -0.000000 
-0.163761 0.000000 
0.342144 0.000000 
-0.216267 -0.000000 
-0.249197 0.000000 
-1.276757 -0.000000 
-0.099762 0.000000 
-0.095510 0.000000 
-0.442827 0.000000 
0.217747 -0.000000 
-0.355301 0.000000 
-0.656233 0.000000 
0.003588 0.000000 
0.621904 0.000000 
0.181752 0.000000 
0.671590 0.000000 
-0.430364 0.000000 
-0.478309 0.000000 
-1.058152 0.000000 
-0.458857 0.000000 
-0.502939 0.000000 
0.564570 0.000000 
0.297113 -0.000000 
0.308953 -0.000000 
0.457744 0.000000 
0.169350 0.000000 
0.537027 0.000000 
0.924470 0.000000 
0.219428 0.000000 
0.210326 -0.000000 
0.594539 0.000000 
-0.616272 -0.000000 
0.243033 0.000000 
0.718164 0.000000 
0.046804 0.000000 
-0.018304 0.000000 
0.011120 0.000000 
-0.418882 0.000000 
-0.655763 -0.000000 
0.082522 0.000000 
0.088215 -0.000000 
-0.337039 0.000000 
0.222885 0.000000 
0.558328 0.000000 
-0.932874 0.000000 
-0.438409 -0.000000 
-0.165857 0.000000 
-0.020876 0.000000 
0.035183 0.000000 
-0.411073 -0.000000 
0.440488 -0.000000 
0.340308 0.000000 
-0.279293 0.000000 
0.015136 0.000000 
-0.750057 0.000000 
-1.024584 0.000000 
-0.365705 -0.000000 
0.029255 0.000000 
1.035422 -0.000000 
-0.267850 -0.000000 
0.574833 0.000000 
-0.298751 -0.000000 
-0.452224 0.000000 
0.142124 0.000000 
-0.001058 0.000000 
-0.582312 0.000000 
-1.331877 -0.000000 
-0.747071 0.000000 
0.057897 0.000000 
0.678108 -0.000000 
-0.215084 0.000000 
0.182124 -0.000000 
0.433660 0.000000 
-0.156486 -0.000000 
-0.243749 0.000000 
-0.670046 -0.000000 
0.794544 0.000000 
-0.038100 -0.000000 
-0.210280 -0.000000 
0.390894 0.000000 
-0.773562 -0.000000 
0.237860 -0.000000 
-0.553017 -0.000000 
-0.931616 0.000000 
-0.339327 -0.000000 
0.548073 0.000000 
-0.899665 0.000000 
0.072032 0.000000 
0.173414 -0.000000 
-0.359677 0.000000 
0.050201 -0.000000 
0.023315 0.000000 
-1.035782 0.000000 
-0.015440 -0.000000 
0.381916 0.000000 
-0.138501 -0.000000 
-0.117419 -0.000000 
0.103295 -0.000000 
0.206515 -0.000000 
-0.617181 0.000000 
-0.247753 0.000000 
-0.249154 0.000000 
0.716189 -0.000000 
-1.000886 -0.000000 
0.382384 0.000000 
-0.463506 0.000000 
0.798396 0.000000 
0.274386 0.000000 
0.107932 -0.000000 
-0.323599 0.000000 
0.778332 0.000000 
-0.204986 0.000000 
-0.426872 0.000000 
0.210709 0.000000 
-0.147059 0.000000 
1.001628 -0.000000 
0.225859 0.000000 
0.260581 -0.000000 
-0.360352 0.000000 
0.363422 -0.000000 
0.451822 0.000000 
0.644585 0.000000 
0.435802 0.000000 
-0.001046 0.000000 
0.563754 0.000000 
-0.056946 0.000000 
0.858127 0.000000 
-0.630901 0.000000 
0.546311 -0.000000 
-0.023057 -0.000000 
0.949220 0.000000 
-0.197447 0.000000 
0.095411 0.000000 
0.488157 -0.000000 
0.686278 0.000000 
0.651948 0.000000 
-0.389821 -0.000000 
0.088652 0.000000 
0.097807 0.000000 
0.227939 0.000000 
-0.104691 0.000000 
-0.578663 -0.000000 
-0.021523 -0.000000 
-0.073313 0.000000 
-0.302952 0.000000 
-0.003382 -0.000000 
0.408412 0.000000 
-0.628258 0.000000 
0.533273 -0.000000 
-0.391965 0.000000 
-0.509978 0.000000 
0.530417 0.000000 
-0.162159 -0.000000 
-0.473764 0.000000 
-0.110196 0.000000 
-0.474086 -0.000000 
-0.608343 0.000000 
-0.923027 0.000000 
0.215753 -0.000000 
-0.205326 -0.000000 
-0.199155 0.000000 
0.159834 -0.000000 
-0.439312 -0.000000 
0.002418 0.000000 
-0.230272 -0.000000 
-0.032164 0.000000 
-0.258523 0.000000 
0.079557 -0.000000 
-0.541552 0.000000 
0.266811 0.000000 
0.502950 -0.000000 
0.337729 0.000000 
0.055375 -0.000000 
-0.310316 0.000000 
-0.098047 0.000000 
0.127903 0.000000 
-0.439190 0.000000 
0.743815 0.000000 
0.265453 0.000000 
-0.213037 0.000000 
-0.021212 -0.000000 
-0.029730 0.000000 
0.267408 0.000000 
0.358098 0.000000 
-0.057197 0.000000 
-0.227433 0.000000 
-0.347542 0.000000 
-0.819225 -0.000000 
0.255363 0.000000 
0.041629 0.000000 
0.128547 0.000000 
0.001517 0.000000 
-0.186929 -0.000000 
0.541768 0.000000 
-0.337614 0.000000 
-0.642641 0.000000 
-0.295636 0.000000 
1.366556 0.000000 
-0.314067 0.000000 
-0.726116 0.000000 
0.221498 0.000000 
-0.233206 -0.000000 
0.313718 0.000000 
-0.155928 0.000000 
0.146410 -0.000000 
0.047272 0.000000 
-0.129916 0.000000 
-0.561084 -0.000000 
-0.536960 -0.000000 
-0.015025 0.000000 
0.824762 0.000000 
-0.205771 -0.000000 
-0.204233 0.000000 
-0.800791 0.000000 
-0.257990 -0.000000 
0.369572 0.000000 
-0.394078 0.000000 
-0.146853 -0.000000 
-0.052835 0.000000 
-0.442437 0.000000 
0.750620 -0.000000 
-0.257622 0.000000 
-0.324821 0.000000 
-0.843852 0.000000 
0.225056 0.000000 
-0.988622 0.000000 
-1.180836 0.000000 
0.985737 -0.000000 
0.591085 0.000000 
0.186025 -0.000000 
0.055116 -0.000000 
0.239333 0.000000 
-0.811352 0.000000 
0.099848 0.000000 
0.817323 0.000000 
-0.220524 0.000000 
0.155282 -0.000000 
0.165698 -0.000000 
0.360678 0.000000 
-0.905666 0.000000 
0.796395 0.000000 
-0.343353 0.000000 
0.603498 -0.000000 
0.734877 0.000000 
-0.044183 0.000000 
-0.395777 0.000000 
0.068183 -0.000000 
0.443910 0.000000 
0.076585 -0.000000 
0.331095 0.000000 
-0.706391 0.000000 
0.233785 0.000000 
0.400992 0.000000 
-0.115544 0.000000 
0.715867 0.000000 
-0.048542 0.000000 
-0.458403 0.000000 
-0.884894 -0.000000 
0.602160 0.000000 
-0.544358 0.000000 
-0.248530 -0.000000 
-0.316809 -0.000000 
0.235997 -0.000000 
0.095842 0.000000 
0.434039 0.000000 
-0.438099 0.000000 
0.144212 -0.000000 
-0.084208 0.000000 
-0.130581 0.000000 
-0.663921 0.000000 
-0.114223 0.000000 
0.803307 -0.000000 
-0.459691 0.000000 
-0.142056 -0.000000 
0.082545 0.000000 
0.529194 0.000000 
-0.297318 -0.000000 
-0.056408 -0.000000 
0.759900 0.000000 
-0.132685 -0.000000 
0.133507 0.000000 
-0.022925 0.000000 
0.529102 0.000000 
-0.416057 0.000000 
-0.274459 0.000000 
0.445469 0.000000 
-0.299388 0.000000 
-0.914401 0.000000 
-0.170138 0.000000 
0.324220 0.000000 
-0.110004 -0.000000 
0.020013 0.000000 
-0.089119 0.000000 
0.471288 0.000000 
-0.073439 0.000000 
0.137894 -0.000000 
-0.693249 -0.000000 
0.065566 0.000000 
-0.507199 0.000000 
-0.141983 0.000000 
0.005172 -0.000000 
0.654174 0.000000 
-0.047835 0.000000 
0.503821 -0.000000 
0.508914 0.000000 
0.985643 -0.000000 
0.112968 0.000000 
-0.552234 0.000000 
-0.156805 -0.000000 
0.295313 -0.000000 
-0.622649 0.000000 
0.590604 0.000000 
-0.277791 0.000000 
0.211082 -0.000000 
0.363867 0.000000 
1.415289 -0.000000 
1.056473 0.000000 
0.377055 0.000000 
0.171458 -0.000000 
0.310621 0.000000 
0.355205 0.000000 
-0.942105 0.000000 
0.228958 0.000000 
-0.250621 0.000000 
0.210772 0.000000 
0.733690 -0.000000 
-1.221598 0.000000 
-0.006171 0.000000 
0.034250 -0.000000 
0.309945 0.000000 
0.085612 -0.000000 
0.788591 0.000000 
0.125551 0.000000 
-0.007816 0.000000 
0.019258 -0.000000 
0.131092 0.000000 
0.222718 0.000000 
0.127206 0.000000 
0.638045 -0.000000 
0.660704 0.000000 
0.056764 -0.000000 
0.649604 0.000000 
0.110082 0.000000 
0.349673 -0.000000 
-0.544841 0.000000 
-0.424641 -0.000000 
-0.614789 0.000000 
-0.061085 0.000000 
0.139830 0.000000 
-0.410437 0.000000 
-0.750234 -0.000000 
-0.187104 0.000000 
0.753694 -0.000000 
0.241028 0.000000 
0.135557 0.000000 
0.448551 -0.000000 
0.083221 0.000000 
-0.847396 0.000000 
-1.006713 0.000000 
-0.681111 -0.000000 
0.178275 -0.000000 
-0.706533 0.000000 
-0.423909 0.000000 
-0.013227 0.000000 
0.261008 0.000000 
0.323770 0.000000 
0.266395 -0.000000 
-0.753821 0.000000 
0.939200 0.000000 
-0.931143 -0.000000 
-0.180396 -0.000000 
-0.095856 0.000000 
0.205939 0.000000 
-0.400704 -0.000000 
0.378939 -0.000000 
-0.379488 0.000000 
0.806367 -0.000000 
-0.806604 0.000000 
0.217214 -0.000000 
0.627824 -0.000000 
0.685846 -0.000000 
-0.232042 0.000000 
-0.275259 0.000000 
0.060762 -0.000000 
-0.043248 0.000000 
-0.714715 -0.000000 
-0.260355 0.000000 
0.242822 -0.000000 
-0.878901 0.000000 
0.226266 0.000000 
-0.110657 0.000000 
-0.331572 -0.000000 
0.492746 -0.000000 
0.275724 0.000000 
-0.990241 -0.000000 
0.112031 0.000000 
-0.858134 0.000000 
-0.030195 -0.000000 
-0.504250 0.000000 
-0.204940 0.000000 
-1.426530 0.000000 
0.368620 -0.000000 
-0.207081 0.000000 
0.077735 0.000000 
0.730369 0.000000 
0.245580 0.000000 
-0.403312 -0.000000 
-0.434952 0.000000 
0.213846 0.000000 
0.301514 -0.000000 
-0.739820 -0.000000 
-0.686757 0.000000 
0.110675 0.000000 
0.017986 0.000000 
0.169921 0.000000 
0.877154 0.000000 
0.903192 0.000000 
-0.310075 0.000000 
-0.468874 -0.000000 
0.373032 -0.000000 
0.612693 0.000000 
-0.693606 0.000000 
-0.395368 0.000000 
1.362672 0.000000 
-0.333178 0.000000 
-0.306322 -0.000000 
-0.453367 0.000000 
0.281040 0.000000 
-0.218392 0.000000 
-0.192749 0.000000 
-0.040608 -0.000000 
0.512081 -0.000000 
1.046347 0.000000 
-0.829672 0.000000 
-0.250684 0.000000 
-0.418654 0.000000 
0.765931 0.000000 
-0.075523 -0.000000 
-0.441438 0.000000 
-0.267670 0.000000 
-0.721297 -0.000000 
-0.742651 -0.000000 
0.933907 -0.000000 
0.043870 -0.000000 
-0.545133 -0.000000 
-0.248926 -0.000000 
0.296516 0.000000 
0.087327 -0.000000 
-0.183243 -0.000000 
-0.914982 -0.000000 
0.034513 -0.000000 
0.195238 0.000000 
-1.061293 -0.000000 
-0.607836 0.000000 
-0.557452 0.000000 
0.556244 0.000000 
0.238862 -0.000000 
0.683856 -0.000000 
-0.207199 0.000000 
0.825167 0.000000 
0.278092 0.000000 
0.348661 -0.000000 
0.193172 0.000000 
-0.281740 0.000000 
-0.022429 0.000000 
-0.090544 0.000000 
0.794009 0.000000 
-0.118586 -0.000000 
0.393150 0.000000 
-0.125912 -0.000000 
0.219844 0.000000 
0.014134 -0.000000 
-0.439397 0.000000 
0.580117 -0.000000 
0.055490 0.000000 
-0.480743 0.000000 
0.163967 0.000000 
-0.490008 0.000000 
-0.234798 0.000000 
-0.591973 -0.000000 
0.535626 0.000000 
-0.114518 0.000000 
0.214856 -0.000000 
-0.081270 -0.000000 
0.515814 0.000000 
-0.301172 0.000000 
0.457607 -0.000000 
1.003537 0.000000 
-0.270769 0.000000 
-0.346135 0.000000 
-0.472491 0.000000 
0.555338 0.000000 
0.734235 -0.000000 
-0.481423 -0.000000 
-0.484482 0.000000 
0.189138 -0.000000 
0.372449 0.000000 
0.084321 0.000000 
0.833654 0.000000 
-0.240366 0.000000 
-0.336126 -0.000000 
0.090501 0.000000 
0.000689 0.000000 
-0.596922 0.000000 
-0.506225 0.000000 
0.499359 -0.000000 
-0.512587 0.000000 
0.407565 0.000000 
-0.262188 0.000000 
0.393498 0.000000 
0.226881 0.000000 
-0.106706 -0.000000 
-0.314510 0.000000 
1.029946 0.000000 
0.561376 -0.000000 
0.012171 0.000000 
0.072327 -0.000000 
0.831813 -0.000000 
-0.225009 0.000000 
0.337908 -0.000000 
0.012119 0.000000 
-0.489569 0.000000 
0.349348 0.000000 
-0.857919 -0.000000 
-0.628387 0.000000 
-0.338685 -0.000000 
0.261292 0.000000 
-0.462120 -0.000000 
-0.884790 -0.000000 
-0.602780 0.000000 
0.966782 0.000000 
0.565296 -0.000000 
0.239844 0.000000 
0.496954 0.000000 
0.104457 -0.000000 
-0.228827 0.000000 
-0.286396 -0.000000 
-0.215933 0.000000 
0.261161 0.000000 
-0.124963 -0.000000 
0.070518 0.000000 
0.183979 0.000000 
0.241925 -0.000000 
-0.446487 -0.000000 
0.092138 0.000000 
0.106368 0.000000 
0.049540 0.000000 
0.162730 0.000000 
0.057671 -0.000000 
-1.261157 0.000000 
-0.053324 0.000000 
0.019033 0.000000 
-0.683170 -0.000000 
-0.143585 0.000000 
0.102791 0.000000 
0.339610 0.000000 
-0.499776 0.000000 
-1.102518 -0.000000 
0.357912 -0.000000 
0.089555 0.000000 
0.875863 -0.000000 
-0.394913 0.000000 
-0.086281 0.000000 
0.447803 0.000000 
0.789981 0.000000 
-0.445807 0.000000 
0.564247 0.000000 
0.179167 0.000000 
0.103824 0.000000 
0.958548 0.000000 
-0.492973 0.000000 
0.007498 0.000000 
0.978766 0.000000 
-0.654301 0.000000 
-0.124236 0.000000 
-0.188367 0.000000 
-0.014220 0.000000 
-0.195218 0.000000 
-0.109701 0.000000 
-0.252738 -0.000000 
0.251249 -0.000000 
-0.230522 -0.000000 
-0.162605 0.000000 
0.275779 0.000000 
0.216641 0.000000 
0.633244 0.000000 
0.863823 0.000000 
-0.335972 -0.000000 
-0.806874 0.000000 
-0.037217 -0.000000 
-0.575019 -0.000000 
0.430392 -0.000000 
0.188231 0.000000 
0.153495 -0.000000 
-0.116368 -0.000000 
-0.023726 0.000000 
-0.136856 -0.000000 
-0.221732 -0.000000 
0.815822 0.000000 
0.869565 0.000000 
0.072108 0.000000 
0.074453 0.000000 
-0.067253 0.000000 
-0.468585 -0.000000 
0.080660 0.000000 
-0.587638 0.000000 
-0.391280 0.000000 
0.745873 -0.000000 
0.683770 0.000000 
0.532409 0.000000 
0.173362 0.000000 
0.445686 0.000000 
0.396034 0.000000 
0.112273 0.000000 
-0.844952 0.000000 
-0.131487 -0.000000 
