-2.125454 2.125454 
0.000000 0.500000 -0.002180 
0.000000 0.000000 0.000000 

0.029781 -0.000000 
0.063736 0.000000 
-0.077309 0.000000 
0.102101 0.000000 
-0.121363 0.000000 
0.198193 -0.000000 
0.744085 0.000000 
0.084316 -0.000000 
0.420020 0.000000 
0.461449 0.000000 
0.971513 -0.000000 
-0.238956 -0.000000 
-0.819494 0.000000 
0.377899 0.000000 
-0.102479 -0.000000 
-0.730204 0.000000 
-0.792978 0.000000 
0.000787 0.000000 
-0.016229 -0.000000 
0.509216 -0.000000 
0.389939 0.000000 
0.810268 0.000000 
0.367547 0.000000 
-0.699738 -0.000000 
-0.128028 0.000000 
0.397106 -0.000000 
-1.062836 0.000000 
0.466335 0.000000 
-0.111438 0.000000 
-0.314563 0.000000 
-0.600293 0.000000 
0.196279 0.000000 
-0.005404 -0.000000 
-0.570051 -0.000000 
0.226440 0.000000 
-0.541625 -0.000000 
0.519247 -0.000000 
-0.383959 -0.000000 
0.397871 -0.000000 
-0.473382 -0.000000 
0.484593 0.000000 
0.392616 0.000000 
0.207012 0.000000 
0.320964 -0.000000 
0.504641 -0.000000 
0.107929 0.000000 
0.622512 0.000000 
-0.197981 0.000000 
0.220406 0.000000 
-0.234071 0.000000 
-0.404772 -0.000000 
0.373790 0.000000 
-0.570407 0.000000 
0.130069 0.000000 
0.577885 0.000000 
-0.457112 0.000000 
0.161751 0.000000 
0.043920 0.000000 
-0.042269 -0.000000 
0.061891 0.000000 
0.697623 0.000000 
-0.278466 -0.000000 
0.319988 0.000000 
-0.548035 0.000000 
-0.153681 -0.000000 
-0.247169 0.000000 
-0.483654 0.000000 
0.395523 0.000000 
0.092917 0.000000 
0.234766 0.000000 
-0.652686 0.000000 
-0.191340 -0.000000 
0.735793 0.000000 
0.050489 0.000000 
0.580760 0.000000 
0.833793 0.000000 
-0.612567 0.000000 
0.301452 -0.000000 
0.392778 0.000000 
-0.458177 0.000000 
0.022497 0.000000 
-0.354892 0.000000 
-0.195743 0.000000 
0.265208 0.000000 
0.829118 0.000000 
0.808760 0.000000 
0.010604 -0.000000 
0.046271 0.000000 
0.504723 0.000000 
-0.973910 0.000000 
0.262950 0.000000 
0.267536 -0.000000 
-0.472670 0.000000 
0.567721 0.000000 
-0.477760 0.000000 
0.550539 -0.000000 
0.032233 0.000000 
0.320343 -0.000000 
-0.067083 0.000000 
0.548950 0.000000 
-0.276297 -0.000000 
0.551964 0.000000 
0.009173 -0.000000 
-0.303848 0.000000 
-0.776263 0.000000 
-0.432188 0.000000 
-0.582629 0.000000 
0.470891 0.000000 
0.772432 0.000000 
0.141065 -0.000000 
0.288340 0.000000 
0.203122 0.000000 
0.636440 -0.000000 
-0.008097 0.000000 
0.274300 0.000000 
0.416992 0.000000 
-0.037844 -0.000000 
0.297786 0.000000 
0.190818 0.000000 
-0.258545 -0.000000 
-0.130957 0.000000 
0.250062 0.000000 
-0.517632 0.000000 
-0.632400 -0.000000 
1.410485 0.000000 
0.286695 0.000000 
0.028378 -0.000000 
-0.048947 0.000000 
-0.312358 0.000000 
0.135151 0.000000 
0.123833 0.000000 
1.009234 0.000000 
0.468931 -0.000000 
-0.009975 0.000000 
0.128685 0.000000 
-0.494344 0.000000 
-0.010267 0.000000 
0.238211 0.000000 
-0.112509 0.000000 
-0.438701 -0.000000 
0.615184 -0.000000 
0.180104 0.000000 
0.045971 0.000000 
-0.329991 -0.000000 
0.265247 0.000000 
0.127063 0.000000 
0.140262 0.000000 
-0.733750 -0.000000 
0.720031 -0.000000 
-0.496686 -0.000000 
0.317616 -0.000000 
0.062733 0.000000 
0.177620 -0.000000 
0.323477 -0.000000 
0.084691 0.000000 
-0.076829 -0.000000 
-0.302914 0.000000 
-1.275789 0.000000 
0.294239 -0.000000 
0.385095 0.000000 
0.165971 -0.000000 
-0.143765 -0.000000 
0.092225 0.000000 
-0.038474 0.000000 
-0.572596 0.000000 
-0.462158 -0.000000 
0.313440 0.000000 
0.266531 0.000000 
0.214381 0.000000 
0.471629 -0.000000 
-0.423816 -0.000000 
0.797252 -0.000000 
1.576987 -0.000000 
-0.413037 0.000000 
-1.155719 -0.000000 
-0.901341 0.000000 
-0.436488 -0.000000 
-0.660702 0.000000 
-0.194761 0.000000 
0.364867 0.000000 
-0.989956 0.000000 
-0.148049 0.000000 
0.145934 0.000000 
-0.399857 0.000000 
-0.356633 0.000000 
0.365031 0.000000 
-0.711140 0.000000 
0.235963 0.000000 
0.329716 -0.000000 
0.429939 0.000000 
0.593380 -0.000000 
0.254492 0.000000 
0.881039 0.000000 
0.821433 0.000000 
-0.022805 0.000000 
-0.126938 0.000000 
-0.105369 0.000000 
0.062819 0.000000 
-0.068795 0.000000 
-0.206115 0.000000 
-0.398418 0.000000 
-0.114890 -0.000000 
-0.009752 0.000000 
0.940718 0.000000 
-0.546082 0.000000 
0.249755 -0.000000 
-0.270617 -0.000000 
-1.209077 0.000000 
0.083992 -0.000000 
-0.557778 0.000000 
0.734291 0.000000 
-0.413438 0.000000 
1.321742 -0.000000 
0.453179 0.000000 
-0.170581 0.000000 
1.105847 0.000000 
-0.035816 0.000000 
0.265811 -0.000000 
0.209774 0.000000 
-0.105330 0.000000 
0.533828 0.000000 
-0.800665 0.000000 
-0.097217 -0.000000 
0.110013 0.000000 
0.067645 0.000000 
0.502565 -0.000000 
0.161035 0.000000 
-0.401292 -0.000000 
0.266342 0.000000 
-0.624159 0.000000 
0.551321 0.000000 
-0.882875 0.000000 
0.688316 0.000000 
-0.090204 0.000000 
-0.321414 -0.000000 
-0.914848 -0.000000 
-0.597612 0.000000 
0.242442 0.000000 
0.071272 -0.000000 
-0.146312 -0.000000 
-0.320272 0.000000 
0.058276 0.000000 
0.050356 0.000000 
-0.492453 0.000000 
0.457774 0.000000 
-0.824041 0.000000 
-0.281199 0.000000 
-0.702528 0.000000 
0.561360 0.000000 
-0.127283 -0.000000 
0.111040 0.000000 
-0.165994 0.000000 
-0.283900 0.000000 
0.195948 -0.000000 
-0.116293 0.000000 
0.974976 0.000000 
0.802616 0.000000 
0.202525 -0.000000 
-0.238389 -0.000000 
-0.198754 -0.000000 
0.087736 0.000000 
-0.033479 -0.000000 
-0.367626 0.000000 
-0.047629 0.000000 
0.338981 0.000000 
-0.188748 -0.000000 
0.256739 0.000000 
-0.555522 0.000000 
-1.179367 0.000000 
0.667588 0.000000 
0.197796 0.000000 
-0.064047 0.000000 
-0.212858 0.000000 
0.050208 0.000000 
-0.477011 -0.000000 
-0.114446 0.000000 
0.380854 -0.000000 
0.322915 0.000000 
-0.108615 0.000000 
1.057828 0.000000 
1.196548 0.000000 
-0.218373 0.000000 
-0.362910 0.000000 
0.084557 0.000000 
0.254089 -0.000000 
-0.472273 -0.000000 
0.023201 0.000000 
0.597687 -0.000000 
-0.320571 -0.000000 
0.124030 0.000000 
0.054377 0.000000 
0.715928 0.000000 
-0.033929 0.000000 
-0.942736 0.000000 
-0.304347 0.000000 
0.563643 0.000000 
-0.137634 -0.000000 
0.585786 0.000000 
-0.592170 -0.000000 
-0.154198 -0.000000 
-0.148722 0.000000 
0.128602 0.000000 
0.180023 0.000000 
-0.818677 0.000000 
0.037289 0.000000 
-1.143604 0.000000 
0.205504 0.000000 
-0.253122 -0.000000 
-0.281821 -0.000000 
-0.008784 -0.000000 
-0.480222 0.000000 
-0.229571 -0.000000 
0.253835 0.000000 
-0.331642 -0.000000 
0.188202 -0.000000 
-0.580314 0.000000 
-0.526088 0.000000 
-0.078192 0.000000 
-0.699823 0.000000 
0.015371 0.000000 
-1.429282 -0.000000 
0.067124 0.000000 
0.019612 0.000000 
0.033882 0.000000 
0.158794 0.000000 
0.188329 0.000000 
-0.495891 0.000000 
0.382288 -0.000000 
-0.484825 0.000000 
-0.307363 0.000000 
0.430158 -0.000000 
0.259993 0.000000 
-0.173757 0.000000 
0.099102 0.000000 
-0.374094 0.000000 
0.028828 0.000000 
-0.545433 0.000000 
1.009023 0.000000 
0.257176 -0.000000 
-0.946261 0.000000 
0.023289 0.000000 
0.182641 -0.000000 
0.394944 0.000000 
-0.947752 -0.000000 
0.043257 -0.000000 
0.009302 -0.000000 
0.170837 0.000000 
-0.056761 -0.000000 
0.733198 0.000000 
-0.328879 0.000000 
0.366913 0.000000 
-0.228444 0.000000 
-0.341905 0.000000 
0.243675 0.000000 
-0.156140 0.000000 
0.317765 0.000000 
0.398577 0.000000 
0.148016 0.000000 
-0.589760 0.000000 
0.871001 0.000000 
-0.844453 0.000000 
0.742310 -0.000000 
-0.083402 0.000000 
0.171704 -0.000000 
1.461890 0.000000 
-0.183928 0.000000 
0.224215 -0.000000 
-0.280326 0.000000 
-0.362198 0.000000 
-0.208000 -0.000000 
0.006929 -0.000000 
0.539770 0.000000 
0.680326 0.000000 
0.272803 0.000000 
0.043170 0.000000 
0.077653 0.000000 
0.786320 0.000000 
-0.355128 -0.000000 
0.460750 0.000000 
0.966560 0.000000 
0.156927 0.000000 
-0.734718 0.000000 
0.650413 0.000000 
-0.350793 0.000000 
0.136571 0.000000 
0.205221 0.000000 
-0.728583 -0.000000 
0.453931 0.000000 
-0.830768 0.000000 
-0.041315 0.000000 
-0.175419 -0.000000 
-0.360812 0.000000 
0.102512 0.000000 
0.220730 -0.000000 
-0.815428 0.000000 
-0.021376 0.000000 
0.955087 0.000000 
0.218380 -0.000000 
0.348374 0.000000 
0.264311 -0.000000 
0.450800 -0.000000 
-0.504591 0.000000 
0.461478 0.000000 
0.328001 0.000000 
-0.436534 -0.000000 
-0.459669 0.000000 
-0.566384 0.000000 
0.132377 0.000000 
-0.522874 0.000000 
-0.438857 -0.000000 
0.591546 -0.000000 
-0.045021 0.000000 
-0.001612 -0.000000 
-0.305015 0.000000 
0.442873 0.000000 
0.064328 -0.000000 
-0.117494 0.000000 
-0.339879 0.000000 
0.076602 0.000000 
-0.702768 0.000000 
-0.139588 -0.000000 
0.057531 0.000000 
-0.102767 0.000000 
1.112977 0.000000 
-0.455429 -0.000000 
0.369482 0.000000 
0.652652 -0.000000 
-0.153825 -0.000000 
-0.372739 0.000000 
0.249956 0.000000 
0.213310 -0.000000 
-1.228197 0.000000 
-0.583016 -0.000000 
0.626304 0.000000 
0.024709 0.000000 
0.055396 0.000000 
-0.630462 -0.000000 
0.396768 0.000000 
-0.439091 0.000000 
-0.214098 -0.000000 
-0.043469 0.000000 
-0.186273 -0.000000 
-0.540458 0.000000 
0.114871 0.000000 
0.366951 -0.000000 
0.871298 -0.000000 
-0.804293 0.000000 
0.182189 -0.000000 
0.283135 0.000000 
-0.468247 -0.000000 
-0.318030 0.000000 
-0.580849 0.000000 
-0.866342 0.000000 
0.286550 0.000000 
-0.447185 -0.000000 
-0.448048 0.000000 
0.236486 0.000000 
0.709407 -0.000000 
-0.931365 0.000000 
0.404580 0.000000 
0.162575 0.000000 
0.073072 0.000000 
-0.338935 -0.000000 
0.176607 0.000000 
-0.056518 0.000000 
0.206167 0.000000 
-0.049155 -0.000000 
-0.819442 0.000000 
-0.677045 0.000000 
0.049286 0.000000 
0.322476 0.000000 
0.537185 0.000000 
-0.064025 0.000000 
0.670400 0.000000 
-0.466408 -0.000000 
-0.211237 0.000000 
-0.292634 0.000000 
0.102177 -0.000000 
-0.271122 -0.000000 
0.277763 -0.000000 
-0.134850 -0.000000 
-0.091725 0.000000 
0.341510 -0.000000 
0.109156 0.000000 
0.659674 -0.000000 
0.010225 0.000000 
0.365675 -0.000000 
0.651935 -0.000000 
-0.051077 0.000000 
0.470413 0.000000 
0.589531 0.000000 
0.175519 -0.000000 
-0.572485 0.000000 
0.992875 -0.000000 
-0.279240 0.000000 
-0.095550 -0.000000 
0.156429 -0.000000 
-0.593295 -0.000000 
-0.553536 0.000000 
-0.259649 -0.000000 
0.170641 0.000000 
0.374391 0.000000 
0.012363 0.000000 
0.096133 0.000000 
0.173685 0.000000 
-0.467266 0.000000 
-0.202285 0.000000 
0.044721 0.000000 
0.255495 -0.000000 
0.068096 0.000000 
0.416192 -0.000000 
-0.430089 0.000000 
-0.470774 -0.000000 
-0.270450 0.000000 
0.321371 0.000000 
0.038699 -0.000000 
0.145962 0.000000 
-0.690851 -0.000000 
-0.481723 -0.000000 
0.063369 0.000000 
0.006437 0.000000 
0.000081 0.000000 
-0.117779 0.000000 
-0.436422 0.000000 
0.910285 0.000000 
0.770007 0.000000 
0.233052 0.000000 
-0.131350 0.000000 
0.500002 -0.000000 
-0.309976 -0.000000 
-0.202972 0.000000 
0.034780 -0.000000 
-0.281012 0.000000 
0.394782 0.000000 
-0.234832 -0.000000 
0.194559 0.000000 
0.120416 -0.000000 
-0.180739 0.000000 
-0.616733 0.000000 
-0.762305 -0.000000 
0.730881 -0.000000 
1.018250 0.000000 
-1.134001 0.000000 
0.729352 0.000000 
0.308260 -0.000000 
-0.284197 0.000000 
-0.326688 0.000000 
-0.305877 0.000000 
-0.054594 -0.000000 
0.014257 -0.000000 
0.209991 0.000000 
0.165203 -0.000000 
0.131773 0.000000 
-0.021904 0.000000 
0.779389 -0.000000 
-0.319246 -0.000000 
-0.227243 0.000000 
-0.057672 0.000000 
0.051557 -0.000000 
0.060575 0.000000 
-0.379835 -0.000000 
0.037077 -0.000000 
-0.600636 0.000000 
0.213674 -0.000000 
-0.893180 -0.000000 
0.694416 0.000000 
-0.023417 0.000000 
0.157353 0.000000 
0.185619 -0.000000 
-0.779655 -0.000000 
-0.391634 -0.000000 
-0.639221 0.000000 
-0.430066 -0.000000 
0.116290 0.000000 
0.458941 0.000000 
0.639493 0.000000 
0.393061 0.000000 
0.183177 -0.000000 
0.005151 0.000000 
-0.194951 0.000000 
-0.953430 -0.000000 
0.171574 -0.000000 
-0.729525 0.000000 
0.166211 0.000000 
-0.114869 0.000000 
-0.026369 -0.000000 
-0.362504 -0.000000 
-0.780984 -0.000000 
0.055596 0.000000 
-0.457818 -0.000000 
-0.239741 -0.000000 
0.538219 0.000000 
0.295695 0.000000 
0.498656 0.000000 
1.211502 0.000000 
0.177711 0.000000 
0.984442 -0.000000 
0.105009 0.000000 
-0.117053 -0.000000 
0.384552 0.000000 
0.373894 0.000000 
0.630453 0.000000 
0.226780 -0.000000 
0.598566 0.000000 
0.189912 0.000000 
0.764279 0.000000 
-0.435177 0.000000 
-0.197552 -0.000000 
0.439972 0.000000 
0.281614 0.000000 
-0.000744 -0.000000 
-0.041152 0.000000 
-0.050740 0.000000 
0.328984 0.000000 
-0.380469 -0.000000 
-0.843150 0.000000 
-0.037002 0.000000 
0.442054 0.000000 
-0.160807 0.000000 
-0.121790 0.000000 
0.203204 -0.000000 
0.492791 0.000000 
-0.547706 0.000000 
0.249042 -0.000000 
0.388425 0.000000 
1.206686 0.000000 
-0.157825 0.000000 
-0.975850 0.000000 
-0.357091 0.000000 
-0.576148 0.000000 
0.254394 0.000000 
-0.089899 -0.000000 
0.220311 0.000000 
0.766749 0.000000 
0.371003 0.000000 
0.049885 -0.000000 
-0.663787 -0.000000 
0.178203 0.000000 
0.626120 0.000000 
-0.166068 0.000000 
-0.682966 0.000000 
-1.197611 0.000000 
0.249197 0.000000 
0.695701 0.000000 
-0.414595 0.000000 
-0.101938 -0.000000 
-0.148614 0.000000 
-0.217323 0.000000 
0.694541 -0.000000 
0.210429 -0.000000 
0.151268 0.000000 
-0.087096 0.000000 
-0.084026 -0.000000 
-0.045896 -0.000000 
0.494535 -0.000000 
0.235598 0.000000 
-0.197193 0.000000 
-0.509809 0.000000 
-0.235382 -0.000000 
0.373953 0.000000 
-0.464874 0.000000 
0.125298 0.000000 
0.031539 -0.000000 
-0.070596 0.000000 
0.156311 0.000000 
-0.825098 0.000000 
-0.075452 -0.000000 
0.265704 -0.000000 
0.211289 0.000000 
0.050187 -0.000000 
0.352049 0.000000 
-0.685668 0.000000 
-0.921630 0.000000 
0.484063 0.000000 
-0.935606 0.000000 
0.345316 0.000000 
-0.487493 0.000000 
0.508268 0.000000 
1.467025 -0.000000 
0.139042 -0.000000 
-0.414710 0.000000 
-0.735628 -0.000000 
-0.608079 0.000000 
-0.055630 0.000000 
-0.433826 -0.000000 
0.425627 0.000000 
0.098555 0.000000 
0.256213 0.000000 
0.908641 0.000000 
0.531165 -0.000000 
0.370822 0.000000 
0.790290 -0.000000 
-0.213264 0.000000 
-0.926891 0.000000 
0.216398 -0.000000 
-0.346067 0.000000 
-0.630400 -0.000000 
-0.057274 -0.000000 
-0.013638 0.000000 
-0.994575 -0.000000 
-0.055833 -0.000000 
1.158637 0.000000 
0.181075 0.000000 
0.363648 0.000000 
0.078311 0.000000 
-0.725881 0.000000 
0.053191 -0.000000 
-0.253157 -0.000000 
-1.021073 -0.000000 
0.333724 -0.000000 
0.967708 0.000000 
-0.219101 -0.000000 
0.697793 0.000000 
-0.191002 0.000000 
-0.088691 0.000000 
0.769816 0.000000 
-0.328452 0.000000 
0.257240 0.000000 
0.580575 0.000000 
-0.105734 0.000000 
-1.068099 -0.000000 
-0.279302 0.000000 
0.141221 -0.000000 
0.394908 0.000000 
-0.077851 0.000000 
-0.715808 0.000000 
-0.221415 -0.000000 
0.071478 0.000000 
-0.001749 0.000000 
-0.039475 0.000000 
0.236092 0.000000 
-0.799930 0.000000 
-0.540836 0.000000 
0.441582 0.000000 
-1.042807 0.000000 
0.009686 0.000000 
-0.150993 0.000000 
1.106177 -0.000000 
-0.152840 0.000000 
-0.114801 0.000000 
-0.022936 0.000000 
0.015725 0.000000 
-0.317129 0.000000 
0.398669 -0.000000 
0.987781 0.000000 
-0.176321 -0.000000 
-0.121425 0.000000 
0.826241 0.000000 
-0.629600 0.000000 
-0.292669 0.000000 
0.377521 -0.000000 
-0.177728 -0.000000 
1.159015 0.000000 
0.644288 -0.000000 
-0.043574 -0.000000 
0.152097 0.000000 
0.955164 0.000000 
1.010065 -0.000000 
-0.511217 -0.000000 
-0.373392 -0.000000 
-0.000934 -0.000000 
-0.327808 0.000000 
0.408523 0.000000 
-0.033241 0.000000 
1.497360 0.000000 
-0.246176 0.000000 
-0.002859 0.000000 
0.221952 -0.000000 
1.159692 0.000000 
0.583599 0.000000 
-1.233569 -0.000000 
0.097847 -0.000000 
-0.485000 0.000000 
-0.113587 0.000000 
0.109193 -0.000000 
0.723658 -0.000000 
0.228118 0.000000 
0.319706 0.000000 
-0.071738 -0.000000 
-0.323520 0.000000 
-0.618376 -0.000000 
-0.478863 -0.000000 
-0.154390 -0.000000 
-0.263953 -0.000000 
0.090786 0.000000 
-0.127812 -0.000000 
0.164724 0.000000 
0.154180 -0.000000 
-0.100251 0.000000 
-0.482394 0.000000 
-0.265524 0.000000 
-0.904242 0.000000 
0.531608 0.000000 
0.002905 -0.000000 
0.047934 0.000000 
0.233512 0.000000 
-0.382221 0.000000 
-0.246249 -0.000000 
0.010811 -0.000000 
-0.344299 -0.000000 
0.413141 0.000000 
-0.187209 0.000000 
-0.190834 -0.000000 
-0.093544 0.000000 
0.017801 -0.000000 
0.075464 0.000000 
-0.454915 0.000000 
-0.500005 0.000000 
0.144246 0.000000 
-0.435863 0.000000 
-0.336249 -0.000000 
0.589139 -0.000000 
0.907533 0.000000 
-0.405094 0.000000 
-0.206612 0.000000 
0.772185 0.000000 
-0.091829 0.000000 
0.100750 0.000000 
0.165113 0.000000 
-1.449936 0.000000 
0.448559 0.000000 
0.369252 0.000000 
-0.171418 0.000000 
-0.276787 -0.000000 
-0.008727 0.000000 
0.918382 0.000000 
-0.097246 0.000000 
-0.011592 0.000000 
-0.947111 0.000000 
-0.434508 0.000000 
-0.192974 0.000000 
-0.345949 0.000000 
-0.980416 0.000000 
-0.049962 0.000000 
-0.003530 -0.000000 
-0.038360 0.000000 
-0.229647 -0.000000 
0.469394 0.000000 
-0.599270 0.000000 
-0.402949 0.000000 
-0.776846 -0.000000 
-0.921245 0.000000 
-0.550886 0.000000 
0.328903 -0.000000 
-0.203234 0.000000 
-0.130414 -0.000000 
-0.276259 0.000000 
-0.289281 -0.000000 
0.021761 0.000000 
0.628060 0.000000 
0.258323 0.000000 
0.265339 0.000000 
-0.654764 0.000000 
0.296542 0.000000 
0.105612 0.000000 
0.296022 -0.000000 
0.238506 0.000000 
0.343302 0.000000 
-0.192607 0.000000 
0.356953 0.000000 
-0.557459 -0.000000 
-0.283476 0.000000 
-0.380705 0.000000 
0.169084 -0.000000 
0.031683 0.000000 
0.545937 0.000000 
-0.186594 -0.000000 
-0.026366 -0.000000 
0.063571 0.000000 
-0.913415 0.000000 
0.484363 -0.000000 
0.220322 0.000000 
0.174018 0.000000 
0.152253 0.000000 
-0.509902 0.000000 
-0.097687 -0.000000 
-1.006647 -0.000000 
0.916954 0.000000 
-0.435517 0.000000 
-0.164647 0.000000 
0.102765 0.000000 
0.577973 0.000000 
-0.282330 -0.000000 
0.219396 0.000000 
0.158698 0.000000 
-0.575692 0.000000 
-0.150215 -0.000000 
0.723056 -0.000000 
-0.374782 0.000000 
0.027051 0.000000 
0.566302 0.000000 
-0.373911 0.000000 
0.876592 0.000000 
0.125317 -0.000000 
0.448984 -0.000000 
-0.116791 0.000000 
-0.153195 0.000000 
0.054184 0.000000 
-0.954956 0.000000 
-0.451728 0.000000 
0.110081 0.000000 
0.404083 0.000000 
-1.208105 0.000000 
-0.420246 -0.000000 
0.330280 -0.000000 
0.852976 0.000000 
0.010726 -0.000000 
0.726367 0.000000 
-0.446665 0.000000 
0.709704 0.000000 
0.402117 0.000000 
-0.380208 0.000000 
-0.375783 0.000000 
-0.030958 -0.000000 
0.016675 0.000000 
-0.525070 0.000000 
0.726493 -0.000000 
-0.058167 -0.000000 
0.107951 0.000000 
-0.049904 0.000000 
-0.124016 -0.000000 
0.424896 0.000000 
0.154788 0.000000 
-0.228887 0.000000 
0.388893 -0.000000 
-0.211469 0.000000 
0.126848 0.000000 
-0.034021 0.000000 
0.287256 -0.000000 
-0.388778 0.000000 
-0.061903 -0.000000 
-0.277081 -0.000000 
0.437151 0.000000 
-0.057975 0.000000 
0.853955 0.000000 
-0.880253 0.000000 
-0.175429 0.000000 
0.784231 -0.000000 
0.263510 0.000000 
-0.488679 0.000000 
0.376307 0.000000 
-0.377187 -0.000000 
-0.552326 -0.000000 
-0.207002 -0.000000 
-0.619789 -0.000000 
-0.114084 0.000000 
-0.271279 0.000000 
0.471218 0.000000 
-0.380082 0.000000 
-0.130608 0.000000 
-0.099716 0.000000 
-0.894965 0.000000 
0.374347 -0.000000 
-0.182159 -0.000000 
0.200958 0.000000 
0.295546 0.000000 
-0.619757 0.000000 
-0.503780 0.000000 
0.099654 0.000000 
0.452741 0.000000 
0.538206 -0.000000 
0.202578 0.000000 
-0.291202 0.000000 
-0.090628 -0.000000 
0.617999 0.000000 
1.500153 0.000000 
0.055269 0.000000 
-0.163264 -0.000000 
-0.256690 -0.000000 
0.652763 0.000000 
-0.490227 -0.000000 
-0.228443 0.000000 
-0.743156 -0.000000 
0.706290 -0.000000 
0.033400 0.000000 
0.568307 0.000000 
-0.218794 0.000000 
0.763504 -0.000000 
-0.589932 -0.000000 
0.416230 -0.000000 
-1.012599 -0.000000 
-0.935285 0.000000 
0.099418 -0.000000 
-0.979674 -0.000000 
-0.313453 0.000000 
0.115898 0.000000 
-0.327724 -0.000000 
-0.926974 0.000000 
-0.032158 0.000000 
-0.181202 -0.000000 
1.241242 -0.000000 
-0.256442 -0.000000 
0.215735 -0.000000 
0.514567 -0.000000 
-0.423044 -0.000000 
-0.023266 0.000000 
0.607656 0.000000 
-0.233726 0.000000 
0.343441 0.000000 
-0.555219 0.000000 
0.092155 0.000000 
-0.437929 -0.000000 
-0.740075 -0.000000 
0.030157 0.000000 
-0.550229 0.000000 
-0.515062 -0.000000 
-0.105049 0.000000 
-0.719866 0.000000 
0.203783 0.000000 
-0.177667 0.000000 
-0.373629 0.000000 
-0.065348 -0.000000 
0.776625 0.000000 
0.176861 0.000000 
-0.207360 0.000000 
0.504264 0.000000 
-0.265864 0.000000 
0.737304 -0.000000 
-0.175640 -0.000000 
0.090628 0.000000 
-1.118016 0.000000 
0.657302 0.000000 
-0.311792 0.000000 
-0.655759 0.000000 
